seg	res	rnm	bN82A.pcca2	bN82A.pcca2	bN82A.pcca2	bN82A.pcca2	WT.pcca2	WT.pcca2	WT.pcca2	WT.pcca2	lsdm	sdiff	sdiff.2	score	pval	score.2	pval.2
			mf	sf	mf.2	sf.2	mf	sf	mf.2	sf.2							
A	25	ASH	1.5994	0.0331	0.2348	0.2013	1.1508	0.2151	0.3546	0.4921	1	0.0134		2.0613	0.0393	-0.2254	0.8217
A	87	PRO	0.7653	0.0903	0.1767	0.1578	1.2341	0.1260	0.2381	0.1852	1	-0.1587		-3.0239	0.0025	-0.2521	0.8010
A	89	VAL	0.2642	0.2389	0.0486	0.0721	0.8929	0.1171	0.1347	0.1959	1	-0.0966		-2.3630	0.0181	-0.4126	0.6799
A	110	ASP	1.6082	0.2944	0.3533	0.4447	2.2938	0.1583	0.0307	0.0226	1	-0.0171		-2.0513	0.0402	0.7246	0.4687
A	112	PHE	0.3190	0.0392	0.1903	0.1294	0.6991	0.1150	0.3549	0.3906	1	-0.1371		-3.1287	0.0018	-0.4001	0.6891
A	179	GLU	2.2697	0.0388	0.0384	0.0293	2.6139	0.1522	0.1668	0.1587	1	-0.0301		-2.1917	0.0284	-0.7955	0.4263
B	96	GLU	0.3852	0.0785	0.2095	0.1671	0.1144	0.0913	0.0094	0.0082	1	0.0300		2.2492	0.0245	1.1960	0.2317
B	104	SER	1.5789	0.2095	0.8446	0.3397	2.3762	0.1987	0.1159	0.0995	1	-0.2198	0.0208	-2.7611	0.0058	2.0588	0.0395
B	171	TYR	0.3005	0.0941	0.0900	0.0174	0.6797	0.1203	0.4365	0.3280	1	-0.0739		-2.4842	0.0130	-1.0549	0.2915
A	33	HIP	1.2493	0.5476	0.1942	0.0328	1.2150	0.2438	0.4559	0.0778	2		-0.0930	0.0573	0.9543	-3.1016	0.0019
A	93	THR	0.1872	0.3561	0.0214	0.0329	0.7960	0.2974	0.2336	0.0986	2		-0.0043	-1.3122	0.1895	-2.0410	0.0413
B	44	VAL	0.3975	0.2126	0.0551	0.0058	0.6361	0.9881	0.0166	0.0038	2		0.0245	-0.2360	0.8134	5.5106	0.0000
B	179	SER	0.7666	0.1487	0.6159	0.0652	0.3844	0.1771	0.0536	0.0530	2		0.3943	1.6527	0.0984	6.6955	0.0000
