seg	res	rnm	WT.pcca2	WT.pcca2	WT.pcca2	WT.pcca2	bN82A.pcca2	bN82A.pcca2	bN82A.pcca2	bN82A.pcca2	aT41A.pcca1	aT41A.pcca1	aT41A.pcca1	aT41A.pcca1
			mf	sf	mf.2	sf.2	mf	sf	mf.2	sf.2	mf	sf	mf.2	sf.2
A	5	HIP	0.7103	0.4611	0.1949	0.1755	1.0233	0.4003	0.5681	0.6395	0.8952	0.6345	0.1918	0.1444
A	6	VAL	1.3704	0.2151	0.0749	0.0651	1.2535	0.2112	0.4068	0.3709	1.1195	0.3023	0.4122	0.2149
A	7	ILE	0.2342	0.3109	0.2154	0.3473	0.7167	0.2475	0.1894	0.1783	0.9058	0.2582	0.2357	0.2564
A	8	ILE	0.7878	0.3766	0.1520	0.1275	0.9227	0.0991	0.2728	0.1677	1.4445	0.4620	0.5126	0.2207
A	9	GLN	-0.0110	0.0703	0.0057	0.0088	0.3131	0.2549	0.0968	0.0851	0.1300	0.1706	0.0502	0.0768
A	10	ALA	1.4150	0.2693	0.3351	0.1253	1.2367	0.2796	0.3170	0.2778	1.1242	0.5779	0.2880	0.2162
A	11	GLH	2.0527	0.0766	0.2556	0.2233	2.0453	0.2439	0.0642	0.0942	2.0243	0.2218	0.3152	0.2342
A	12	PHE	2.0195	0.1703	0.3495	0.2517	2.0772	0.2353	0.2362	0.0769	2.0931	0.2729	0.1657	0.0953
A	13	TYR	1.9204	0.0839	0.0905	0.0823	1.6963	0.2724	0.2118	0.1823	1.6580	0.2989	0.0966	0.0491
A	14	LEU	0.8236	0.1084	0.2119	0.2584	1.0089	0.3341	0.2266	0.1388	0.6467	0.1747	0.1571	0.1718
A	15	ASN	0.6545	0.1726	0.1550	0.1049	0.8813	0.3012	0.3546	0.3549	0.8611	0.1553	0.3773	0.3406
A	16	PRO	0.1879	0.1403	0.0346	0.0341	0.5295	0.1961	0.2926	0.1887	0.3821	0.3333	0.0965	0.1129
A	17	ASP	1.0001	0.5553	0.7775	0.7439	1.0520	0.4068	0.3368	0.2458	0.9476	0.1556	0.3952	0.2054
A	18	GLN	2.2946	0.7495	0.0473	0.0419	2.3873	0.4071	0.5691	0.3524	2.1654	0.3269	0.5722	0.4469
A	19	SER	0.6880	0.6279	0.3375	0.2898	0.9084	0.1707	1.1581	0.8220	0.9266	0.1091	0.6885	0.4166
A	20	GLY	3.1256	0.1589	0.0232	0.0366	2.6012	0.3055	0.4640	0.6165	2.5034	0.2955	0.7116	0.6772
A	21	GLH	1.6986	0.0905	0.1708	0.1049	1.5562	0.6031	0.1979	0.1541	1.8649	0.4123	0.2351	0.1011
A	22	PHE	1.5246	0.5300	0.1420	0.0992	1.5574	0.2830	0.2637	0.2545	1.6681	0.3049	0.3597	0.3414
A	23	MET	2.1894	0.2177	0.1125	0.0547	2.1990	0.4027	0.1069	0.0944	2.1683	0.1142	0.1519	0.0990
A	24	PHE	0.5071	0.4401	0.1865	0.1562	0.3545	0.3631	0.1018	0.0940	0.1934	0.2117	0.1185	0.1634
A	25	ASH	1.1508	0.2151	0.3546	0.4921	1.5994	0.0331	0.2348	0.2013	1.6015	0.2884	0.4523	0.4662
A	26	PHE	1.1647	0.1091	0.1921	0.2425	1.0892	0.2251	0.3010	0.1108	1.1570	0.0053	0.3201	0.2245
A	27	ASP	2.9635	0.5719	0.1432	0.1211	2.2978	0.0166	0.3740	0.4510	2.5865	0.3264	0.0667	0.0345
A	28	GLY	0.2632	0.2376	0.0434	0.0689	0.5425	0.7067	0.6448	1.0309	0.7548	0.2747	1.0190	0.8386
A	29	ASH	1.5790	0.3244	0.0427	0.0481	1.3684	0.2972	0.2300	0.1968	1.5311	0.4434	0.5706	0.4447
A	30	GLU	1.6865	0.2736	0.8014	0.7539	0.9530	0.3566	0.4007	0.4068	1.7357	0.3335	0.6230	0.6020
A	31	ILE	0.1744	0.2063	0.0538	0.0745	0.1871	0.1076	0.0413	0.0302	0.1424	0.1554	0.0470	0.0571
A	32	PHE	2.7888	0.0476	0.0286	0.0395	2.5502	0.1497	0.1348	0.0666	2.5808	0.2265	0.0284	0.0150
A	33	HIP	1.2150	0.2438	0.4559	0.0778	1.2493	0.5476	0.1942	0.0328	1.2318	0.3883	0.2671	0.2995
A	34	VAL	0.8256	0.6052	0.1857	0.2244	0.6907	0.3453	0.2242	0.1600	0.7962	0.6283	0.2867	0.2577
A	35	ASP	0.3458	0.3527	0.1673	0.1893	0.4277	0.2562	0.3698	0.3723	0.3322	0.3083	0.1121	0.1224
A	36	MET	0.6222	0.4848	0.2596	0.4117	0.9571	0.6351	0.0455	0.0230	1.1462	0.5893	0.4533	0.6127
A	37	ALA	0.1219	0.1354	0.0468	0.0476	0.1472	0.1893	0.0467	0.0721	0.4458	0.0756	0.0699	0.0835
A	38	LYS	0.6006	0.5193	0.2604	0.2855	0.7384	0.3798	0.1834	0.2063	0.7492	0.4082	0.2139	0.1203
A	39	LYS	2.3330	0.2689	0.4073	0.3486	2.2484	0.6437	0.2893	0.1607	1.7445	0.2152	0.5540	0.4877
A	40	GLU	1.9633	0.5802	0.3580	0.5366	1.5367	0.3071	0.1893	0.1396	1.5834	0.3735	0.3310	0.4562
A	41	MTS	0.4640	0.6126	0.1591	0.2347	0.2110	0.1247	0.0855	0.0683	0.4871	0.2893	0.1147	0.0781
A	42	VAL	1.0557	0.2942	0.1617	0.1627	0.5327	0.1197	0.2232	0.1781	0.6902	0.3621	0.2434	0.1655
A	43	TRP	0.0748	0.0595	0.0105	0.0117	0.2155	0.2205	0.0263	0.0167	0.1744	0.2136	0.0536	0.0530
A	44	ARG	0.5285	0.2025	0.1350	0.0575	0.4470	0.0858	0.2004	0.1169	0.5070	0.2018	0.1358	0.1057
A	45	LEU	0.6971	0.1172	0.1873	0.1282	0.5152	0.5490	0.6853	1.1399	0.3672	0.3288	0.1939	0.1483
A	46	GLU	1.8797	0.5889	0.0596	0.0881	1.3374	0.6763	0.3054	0.2219	0.9178	0.2194	0.2970	0.2320
A	47	GLU	1.0934	0.3098	0.2910	0.3569	1.4876	0.3618	0.6235	0.6277	0.7994	0.4167	0.1263	0.0678
A	48	PHE	0.6735	0.5561	0.1941	0.0412	0.5708	0.5932	0.1720	0.1726	1.3142	0.4495	1.4976	1.3827
A	49	GLY	1.3751	0.4254	0.3816	0.3809	1.7238	0.2865	0.3960	0.2476	1.5780	0.3582	0.6164	0.3827
A	50	ARG	0.4264	0.2587	0.2984	0.2688	0.3294	0.2913	0.2153	0.3451	0.1914	0.1960	0.0362	0.0335
A	51	PHE	0.5572	0.2337	0.0964	0.0903	0.7761	0.6125	0.2109	0.1250	0.6076	0.1463	0.1698	0.2156
A	52	ALA	0.2326	0.1853	0.0473	0.0301	0.3605	0.2574	0.1316	0.1426	0.5484	0.2903	0.1641	0.1531
A	53	SER	1.1777	0.3986	0.3501	0.2602	1.7402	0.5160	0.2803	0.2092	0.9636	0.4199	0.6498	0.6144
A	54	PHE	1.8792	0.2003	0.1587	0.1508	1.9562	0.2983	0.4692	0.3023	1.9526	0.1276	0.1458	0.0992
A	55	GLU	0.4317	0.1840	0.2930	0.0749	0.3518	0.1629	0.1329	0.1894	0.2632	0.1456	0.0823	0.0569
A	56	ALA	1.2804	0.2505	0.3349	0.2157	1.6795	0.3080	0.4582	0.4202	1.5436	0.1500	0.2411	0.1859
A	57	GLN	1.3431	0.3599	0.5238	0.4059	1.6178	0.2533	0.3304	0.2408	1.3227	0.2078	0.4743	0.5043
A	58	GLY	1.0295	0.6611	0.7559	0.5610	1.1392	0.4000	0.4006	0.3643	0.9171	0.3519	0.2614	0.1161
A	59	ALA	0.9011	0.1813	0.2362	0.3087	1.2261	0.4155	0.4914	0.1947	1.2561	0.4310	0.1612	0.0605
A	60	LEU	1.0414	0.6462	0.3527	0.3916	1.2234	0.6538	0.1469	0.2130	1.1862	0.3076	0.1053	0.0742
A	61	ALA	0.9030	0.5906	0.2678	0.1971	1.0483	0.5946	0.5662	0.7252	0.7462	0.3140	0.0467	0.0379
A	62	ASN	1.0444	0.1973	0.2091	0.1450	1.0343	0.4812	0.3667	0.4827	0.9611	0.6898	0.2463	0.1133
A	63	ILE	1.0436	0.4270	0.5851	0.4300	0.8430	0.0447	0.1632	0.1082	0.9776	0.1074	0.4053	0.4674
A	64	ALA	1.1288	0.4245	0.0832	0.1190	1.1760	0.3600	0.1719	0.2004	1.2631	0.4499	0.2564	0.1532
A	65	VAL	0.3255	0.1075	0.1525	0.0936	0.4842	0.1895	0.3421	0.1709	0.4552	0.1945	0.1758	0.0668
A	66	ASP	1.7054	0.4831	0.1338	0.0523	1.9629	0.3529	0.1337	0.1366	1.3351	0.4375	0.1234	0.0849
A	67	LYS	1.3109	0.5534	0.1147	0.0787	1.3041	0.3118	0.5442	0.2222	1.4511	0.6510	0.3807	0.1722
A	68	ALA	1.0258	0.0445	0.5205	0.6207	0.8456	0.4349	0.1443	0.1164	0.9373	0.4725	0.2101	0.2227
A	69	ASN	1.0279	0.1500	0.6555	0.7624	0.7491	0.0883	0.3526	0.1573	0.5834	0.1754	0.1952	0.2733
A	70	LEU	1.8511	0.2269	0.2332	0.2904	1.5622	0.6270	0.2726	0.2150	1.8455	0.1043	0.9907	0.3629
A	71	GLU	1.2669	0.5313	0.1785	0.1688	0.9819	0.2946	0.0951	0.0527	1.3352	0.3023	0.0604	0.0427
A	72	ILE	0.3763	0.3187	0.0770	0.0708	0.3185	0.2261	0.2913	0.3075	0.3173	0.0764	0.0451	0.0350
A	73	MET	1.0168	0.7698	0.1456	0.1023	0.9251	0.2243	0.2716	0.2170	1.2257	0.0219	0.4068	0.4524
A	74	THR	1.3710	0.4630	0.2658	0.1907	1.4559	0.4993	0.4100	0.2118	1.8233	0.4538	0.4841	0.2090
A	75	LYS	0.6735	0.4820	0.1121	0.0973	0.8537	0.2001	0.2555	0.3796	1.1171	0.4673	0.1200	0.1512
A	76	ARG	0.8726	0.2199	0.0948	0.0855	1.3898	0.3199	0.2719	0.1957	1.2432	0.3333	0.5834	0.6930
A	77	SER	0.4615	0.1192	0.1554	0.1507	0.3593	0.1251	0.0701	0.0685	0.4062	0.0976	0.1217	0.0631
A	78	ASN	2.5932	0.6993	0.2024	0.1102	2.4539	0.3070	0.3010	0.2266	2.7863	0.2834	0.2576	0.2260
A	79	TYR	2.1145	0.0538	0.4496	0.6332	2.2407	0.5602	0.1694	0.1252	2.0874	0.2888	0.4014	0.3178
A	80	THR	0.6323	0.0149	0.1902	0.1862	0.8449	0.3243	0.2025	0.2234	1.0835	0.0980	0.2077	0.2272
A	81	PRO	0.3239	0.4013	0.1343	0.1680	0.2149	0.1845	0.0475	0.0632	0.0985	0.0229	0.0251	0.0115
A	82	ILE	0.5820	0.0761	0.2153	0.0800	1.1213	0.7548	0.2612	0.3871	0.9436	0.3727	0.0536	0.0726
A	83	THR	0.4596	0.3172	0.1392	0.1458	0.6413	0.2450	0.2955	0.1671	0.7476	0.2451	0.3681	0.2933
A	84	ASN	0.4985	0.4826	0.2437	0.2101	0.7105	0.0998	0.5329	0.6270	1.1489	0.1311	0.3779	0.3382
A	85	VAL	1.2422	0.1878	0.1677	0.1312	1.2299	0.3766	0.2058	0.2879	1.2947	0.1135	0.1163	0.0925
A	86	PRO	0.8444	0.1392	0.5347	0.3449	0.4864	0.1742	0.1360	0.1539	0.8711	0.4696	0.2020	0.0958
A	87	PRO	1.2341	0.1260	0.2381	0.1852	0.7653	0.0903	0.1767	0.1578	0.7564	0.1491	0.2183	0.0888
A	88	GLU	0.1962	0.0344	0.0475	0.0342	0.1188	0.1337	0.0881	0.0843	0.2862	0.1046	0.1622	0.1986
A	89	VAL	0.8929	0.1171	0.1347	0.1959	0.2642	0.2389	0.0486	0.0721	0.9323	0.3276	0.2115	0.1412
A	90	THR	1.5823	0.3124	0.1038	0.0522	1.2510	0.3258	0.2199	0.1270	1.4534	0.3853	0.4180	0.4981
A	91	VAL	0.8888	0.1037	0.0552	0.0744	0.9578	0.4446	0.4667	0.3637	0.7179	0.1527	0.1376	0.1147
A	92	LEU	2.4243	0.3796	0.0441	0.0562	2.3514	0.4272	0.1321	0.1224	2.2313	0.3171	0.2971	0.0465
A	93	THR	0.7960	0.2974	0.2336	0.0986	0.1872	0.3561	0.0214	0.0329	0.0495	0.1076	0.0063	0.0076
A	94	ASN	0.3071	0.1303	0.0953	0.1291	0.8087	0.5595	0.1708	0.1172	0.6143	0.2447	0.1473	0.1330
A	95	SER	0.7429	0.6387	0.4528	0.6257	1.1600	0.4721	1.2137	0.6202	1.9992	0.5103	0.2555	0.1849
A	96	PRO	1.7587	0.4936	0.2573	0.2251	1.2994	0.3209	0.4798	0.0603	1.5021	0.6658	0.7185	0.8872
A	97	VAL	0.4189	0.1313	0.1188	0.0298	0.6092	0.3516	0.2934	0.2481	0.4768	0.2608	0.3180	0.4142
A	98	GLU	1.1680	0.4545	0.3441	0.2577	1.4936	0.8154	0.3341	0.1221	1.5064	0.4959	0.7252	0.8031
A	99	LEU	2.3875	0.0361	0.5175	0.8179	1.8457	1.1531	0.2266	0.2397	1.6054	0.5490	0.6393	0.5531
A	100	ARG	2.0552	0.1707	0.4887	0.4353	2.0510	0.1984	0.2577	0.1734	1.9730	0.2022	0.4398	0.4692
A	101	GLU	0.1090	0.1208	0.0257	0.0185	0.5653	0.5174	0.5176	0.6487	0.1001	0.1745	0.0139	0.0208
A	102	PRO	1.8808	0.2808	0.3451	0.3378	1.6029	0.0670	0.0951	0.1113	1.4674	0.3803	0.4207	0.4026
A	103	ASN	2.4269	0.3249	0.1184	0.0951	1.9490	0.3329	0.3744	0.2706	2.1086	0.4432	0.1447	0.0666
A	104	VAL	0.8394	0.4052	0.1709	0.1345	1.0307	0.3822	0.3122	0.1643	0.8364	0.4808	0.0873	0.0590
A	105	LEU	0.3381	0.1339	0.1791	0.1609	0.3259	0.4035	0.2324	0.2963	0.2173	0.1785	0.1246	0.1689
A	106	ILE	0.5654	0.4348	0.1281	0.1273	0.7839	0.3327	0.2071	0.0880	0.4153	0.1861	0.2311	0.0206
A	107	CYX	0.4764	0.2472	0.1125	0.0821	0.3655	0.0555	0.1595	0.1379	0.1258	0.1058	0.0639	0.0963
A	108	PHE	1.1604	0.1943	0.3980	0.4134	0.6652	0.4766	0.3605	0.5438	0.6855	0.3851	0.5417	0.4361
A	109	ILE	0.6743	0.3345	0.3768	0.4100	0.6509	0.1422	0.1513	0.0806	0.2935	0.0932	0.0426	0.0350
A	110	ASP	2.2938	0.1583	0.0307	0.0226	1.6082	0.2944	0.3533	0.4447	1.7760	0.4688	0.1063	0.0790
A	111	LYS	2.0713	0.0851	0.5455	0.5581	2.4657	0.4729	0.3220	0.1673	2.1761	0.4275	0.2564	0.3387
A	112	PHE	0.6991	0.1150	0.3549	0.3906	0.3190	0.0392	0.1903	0.1294	0.9526	0.7044	0.1925	0.0996
A	113	THR	2.6511	0.0798	0.0932	0.1263	2.5719	0.4530	0.0320	0.0369	2.8205	0.1924	0.0367	0.0449
A	114	PRO	1.3759	0.2828	0.3878	0.3445	1.1839	0.3050	0.2685	0.0862	1.3048	0.3980	0.3082	0.1671
A	115	PRO	0.5778	0.3137	0.0799	0.0954	0.4274	0.1648	0.0408	0.0344	0.2682	0.1534	0.0619	0.0454
A	116	VAL	1.0385	0.0103	0.3213	0.4000	0.9590	0.1991	0.2955	0.2428	1.2991	0.0582	0.0680	0.0025
A	117	VAL	1.3756	0.5882	1.2067	0.9323	0.9315	0.4281	0.2866	0.1090	1.4914	0.4663	0.7495	0.2648
A	118	ASN	0.9787	0.1823	0.4893	0.3993	0.4826	0.5784	0.0630	0.0902	0.5127	0.3937	0.3311	0.2038
A	119	VAL	1.3383	0.2355	0.3442	0.2116	1.5606	0.5232	0.4581	0.2134	1.3898	0.7125	0.1073	0.1473
A	120	THR	1.3408	0.4005	0.5615	0.2544	1.8969	0.2330	0.1656	0.1808	1.2761	0.0363	0.6843	0.2961
A	121	TRP	0.3824	0.4666	0.2704	0.4337	0.5703	0.3018	0.1811	0.2011	0.3990	0.2945	0.1057	0.1635
A	122	LEU	0.6458	0.3469	0.2148	0.1129	0.8757	0.3670	0.1961	0.2019	0.7340	0.1335	0.2703	0.1400
A	123	ARG	1.2226	0.7777	0.1147	0.0942	1.1262	0.2856	0.1365	0.2163	0.7074	0.2009	0.3404	0.2365
A	124	ASN	2.4192	0.1294	0.1757	0.1282	2.9088	0.6596	0.0845	0.0239	2.3928	0.4354	0.1892	0.1632
A	125	GLY	0.5079	0.2308	0.0639	0.0485	0.6382	0.4813	0.4580	0.6421	0.7062	0.0928	0.3721	0.2174
A	126	LYS	0.3458	0.2783	0.2915	0.3774	0.7693	0.3329	0.1435	0.1809	0.7396	0.1925	0.3220	0.2818
A	127	PRO	0.9548	0.8497	0.1663	0.1088	1.6297	0.0896	0.1796	0.1622	1.0809	0.1917	0.3163	0.1806
A	128	VAL	0.5928	0.2547	0.4665	0.4631	1.4955	0.7013	0.2363	0.0894	0.8444	0.1449	0.3792	0.3141
A	129	THR	0.4231	0.0670	0.1833	0.2354	0.2659	0.5337	0.1614	0.2767	0.4738	0.0742	0.3501	0.1629
A	130	THR	1.4955	1.0571	0.4846	0.1556	0.4470	0.6146	0.2376	0.3129	1.0429	0.4236	0.6957	0.2861
A	131	GLY	0.8315	0.3345	0.2693	0.3478	0.9807	0.3940	0.5448	0.4712	0.8772	0.6315	0.6117	0.7654
A	132	VAL	0.6549	0.4951	0.2972	0.3326	0.8609	0.4751	0.7564	0.6961	0.4839	0.2846	0.2385	0.3024
A	133	SER	1.0607	0.4245	0.7858	0.4349	1.8099	0.7142	0.6330	0.4400	1.6872	0.3344	0.9843	0.2623
A	134	GLU	1.9740	0.7066	1.0576	0.6105	1.1021	0.9757	1.0355	0.9317	1.4236	0.5979	0.5385	0.2603
A	135	THR	0.9570	0.4137	0.2844	0.2910	0.2955	0.1686	0.2010	0.2042	0.8210	0.4891	0.4592	0.5340
A	136	VAL	0.4775	0.3757	0.1014	0.1659	0.6672	0.4751	0.1870	0.2357	0.8892	0.4621	0.3432	0.3186
A	137	PHE	0.7983	0.5456	0.1810	0.1559	0.4831	0.1951	0.0468	0.0310	0.4538	0.4201	0.1131	0.1615
A	138	LEU	1.2277	0.4524	0.9510	0.5634	0.4288	0.4284	0.6781	0.9831	0.5092	0.6362	0.0774	0.0911
A	139	PRO	0.3076	0.1167	0.0623	0.0443	0.4619	0.3852	0.2795	0.2551	0.5273	0.1252	0.1460	0.1170
A	140	ARG	1.3056	0.1026	0.3962	0.3116	0.6935	0.3899	0.1162	0.1118	1.0159	0.7386	0.2488	0.3789
A	141	GLU	0.6467	0.5585	0.1769	0.2784	0.5781	0.4211	0.2858	0.4191	0.9597	0.2280	0.4520	0.5689
A	142	ASP	0.0589	0.1730	0.0620	0.1069	0.2799	0.2470	0.0728	0.0699	0.1019	0.1477	0.0382	0.0638
A	143	HIE	0.9846	0.1448	0.1864	0.2922	1.4386	0.8384	0.1940	0.1780	1.2886	0.2694	0.5278	0.3478
A	144	LEU	0.8045	0.3146	0.1669	0.0458	0.8358	0.3356	0.1676	0.1293	0.3758	0.1807	0.1982	0.1059
A	145	PHE	0.5980	0.0654	0.2385	0.1144	0.9132	0.4664	0.3093	0.3993	0.8611	0.7187	0.1947	0.2136
A	146	ARG	1.7615	0.4868	0.0840	0.1348	1.6066	0.3851	0.2197	0.2115	1.4448	0.1328	0.1778	0.1858
A	147	LYS	2.5857	0.3243	0.0635	0.0845	2.6398	0.2475	0.0781	0.0783	2.6150	0.2249	0.1017	0.0870
A	148	PHE	0.0557	0.1400	0.0224	0.0385	0.4774	0.2878	0.1042	0.1160	0.1559	0.1878	0.0440	0.0667
A	149	HIE	1.9846	0.4002	0.2153	0.1095	2.1172	0.2122	0.2066	0.1455	1.7540	0.3503	0.1425	0.1435
A	150	TYR	1.4185	0.4728	0.0903	0.0683	1.2682	0.2279	0.4182	0.3269	1.3654	0.0885	0.1019	0.0693
A	151	LEU	1.9226	0.3077	0.1986	0.2049	1.3972	0.7059	0.1179	0.0592	1.4152	0.4561	0.3244	0.2458
A	152	PRO	1.1035	0.3779	0.3881	0.4820	1.3980	1.2690	0.5580	0.6707	0.9867	0.4156	0.3140	0.3863
A	153	PHE	2.5399	0.3016	0.0456	0.0521	2.3333	0.2628	0.0528	0.0259	2.3021	0.1781	0.0946	0.0686
A	154	LEU	0.5439	0.5021	0.1401	0.1194	0.2685	0.0294	0.0791	0.0571	0.9788	0.0419	0.4892	0.4316
A	155	PRO	1.1042	0.6755	0.1636	0.1404	1.3976	0.1716	0.6020	0.6436	1.2740	0.3604	0.1659	0.0723
A	156	SER	2.2183	0.2130	0.4863	0.4651	1.9849	0.4893	0.7179	0.5838	2.0219	0.2088	0.6623	0.7529
A	157	THR	0.5727	0.5314	0.0330	0.0284	0.6092	0.1197	0.3105	0.1494	0.6437	0.1523	0.2304	0.0556
A	158	GLU	0.4262	0.4427	0.1120	0.1794	0.8041	0.3883	0.7746	0.4960	0.4335	0.1196	0.2441	0.1216
A	159	ASP	1.1763	0.4351	0.9403	0.4889	0.8548	0.1169	0.3276	0.0996	1.1828	0.6295	0.1593	0.1022
A	160	VAL	1.3475	0.3160	0.1584	0.2135	0.8756	0.1726	0.1882	0.1286	1.0450	0.3068	0.4215	0.5116
A	161	TYR	0.8446	0.2976	0.1471	0.1566	1.0151	0.6097	0.1166	0.1367	1.1311	0.2205	0.1033	0.0824
A	162	ASP	1.6303	0.0525	0.1074	0.0175	1.7567	0.4116	0.3105	0.1540	1.7427	0.3400	0.1484	0.1382
A	163	CYX	0.0167	0.0706	0.0066	0.0070	0.1432	0.0689	0.0674	0.0422	0.1143	0.2810	0.0677	0.1156
A	164	ARG	0.5287	0.4307	0.1506	0.2579	0.3582	0.2484	0.2507	0.3439	0.1470	0.1786	0.0457	0.0391
A	165	VAL	0.9581	0.1262	0.3262	0.1603	0.9507	0.2691	0.3646	0.3493	0.7842	0.3665	0.0809	0.0499
A	166	GLU	0.8374	0.3055	0.3969	0.3759	0.8591	0.3915	0.0995	0.1260	0.7016	0.2568	0.1134	0.0933
A	167	HIE	1.6688	0.3232	0.6201	0.4733	1.5541	0.3456	0.3829	0.5582	1.5046	0.7274	0.3159	0.1745
A	168	TRP	0.8711	0.2629	0.4537	0.3851	0.9728	0.4473	0.2339	0.2799	1.3612	0.3898	0.2885	0.2410
A	169	GLY	1.0622	0.5489	0.1940	0.2188	0.6770	0.3475	0.1686	0.2417	0.7313	0.7764	0.1190	0.1027
A	170	LEU	0.5858	0.1178	0.1496	0.0877	0.7301	0.5422	0.4993	0.4573	0.2145	0.1252	0.0552	0.0763
A	171	ASP	0.4798	0.7062	0.2945	0.4971	0.3217	0.0341	0.0345	0.0371	0.5726	0.7151	0.3524	0.5749
A	172	GLU	1.5926	0.7158	0.4206	0.7086	1.6802	0.5940	0.2213	0.1922	1.2351	0.3646	0.5174	0.3614
A	173	PRO	1.1125	0.6909	0.4571	0.3904	0.5330	0.0744	0.1022	0.0684	1.4533	0.4038	0.8906	0.3903
A	174	LEU	0.2253	0.3341	0.0572	0.0566	0.1350	0.1587	0.0759	0.1117	0.2881	0.1271	0.0833	0.0389
A	175	LEU	1.3863	0.5870	0.2869	0.2259	1.0656	0.1777	0.4725	0.4194	1.0333	0.8952	0.3098	0.3126
A	176	LYS	1.1723	0.5238	0.1544	0.1420	1.3834	0.2931	0.6760	0.4050	1.6496	0.5897	0.2989	0.3455
A	177	HIP	0.2216	0.2522	0.1884	0.1887	0.3351	0.1507	0.0936	0.0389	0.5184	0.3257	0.2087	0.1302
A	178	TRP	1.6913	0.2206	0.1818	0.2656	1.8403	0.3459	0.3630	0.3908	2.0567	0.2226	0.2346	0.1403
A	179	GLU	2.6139	0.1522	0.1668	0.1587	2.2697	0.0388	0.0384	0.0293	2.2376	0.1778	0.3232	0.3294
A	180	PHE	0.3808	0.1067	0.0961	0.1071	0.5152	0.2899	0.1176	0.0925	0.2963	0.1778	0.1303	0.1891
A	181	ASP	2.0749	0.4530	0.1784	0.2415	1.6256	0.0418	0.7966	0.5604	1.1032	0.4898	0.6515	0.4538
A	182	ALA	1.4509	0.9279	0.2200	0.2327	1.2026	0.6910	0.5667	0.2093	1.1768	0.9580	0.7402	0.6984
A	183	PRO	0.9741	0.2652	0.6170	0.6310	1.5678	0.2202	0.6621	0.4021	1.5084	0.6741	0.1313	0.1515
A	184	SER	0.4903	0.0799	0.2525	0.2867	1.0511	0.6832	0.3864	0.2227	1.1163	0.4757	0.4048	0.2007
B	5	PRO	1.2598	0.5129	0.1702	0.1808	1.2283	0.5235	0.3843	0.6099	1.0144	0.3519	0.2838	0.3873
B	6	ARG	0.3387	0.1082	0.0296	0.0401	0.4558	0.4439	0.7362	1.0458	0.9829	0.5775	0.4024	0.2440
B	7	PHE	1.3357	0.2687	0.2224	0.2307	1.0885	0.3725	0.1441	0.0693	1.4213	0.3772	0.0465	0.0507
B	8	LEU	1.2836	0.2146	0.2704	0.1833	0.8988	0.1132	0.1165	0.0750	1.5706	0.3036	0.3106	0.3161
B	9	TRP	0.5726	0.2444	0.2127	0.1761	0.4854	0.1837	0.2369	0.1632	0.2433	0.0478	0.1230	0.0911
B	10	GLN	1.3643	0.6275	0.1415	0.0994	1.7716	0.3600	0.2018	0.2690	1.3435	0.1955	0.1472	0.1179
B	11	LEU	1.1128	0.2797	0.3790	0.3234	1.3156	0.3894	0.0764	0.0679	0.9867	0.2178	0.3740	0.3386
B	12	LYS	1.3387	0.0491	0.1566	0.1656	1.1192	0.2837	0.0196	0.0157	0.8585	0.2273	0.2447	0.1697
B	13	PHE	0.6369	0.4618	0.0515	0.0377	0.2967	0.1721	0.0838	0.1056	1.0149	0.4184	0.1583	0.1703
B	14	GLU	0.7714	0.3308	0.2017	0.1853	0.8589	0.7339	0.2957	0.3784	1.0755	0.3453	0.3671	0.2650
B	15	CYX	0.1285	0.2502	0.0329	0.0448	0.4287	0.3987	0.2650	0.3130	1.1250	0.3577	0.2261	0.1478
B	16	HIP	0.2071	0.1183	0.0642	0.0372	0.1503	0.1327	0.0475	0.0498	0.3513	0.2869	0.2216	0.2394
B	17	PHE	1.7058	0.4678	0.3484	0.3521	2.0937	0.5182	0.4312	0.6230	2.0385	0.4361	0.1019	0.0640
B	18	PHE	1.3471	0.6006	0.8345	0.4094	0.9299	0.8662	0.6315	0.6978	1.4482	0.2443	0.5269	0.3845
B	19	ASN	1.9635	0.6758	0.4245	0.5474	2.5748	0.4486	0.1097	0.0709	2.2093	0.1117	0.1182	0.0979
B	20	GLY	1.0409	0.2999	0.4936	0.2094	1.3833	0.3448	0.3154	0.1841	1.7373	0.4085	0.4456	0.3938
B	21	THR	0.4962	0.2884	0.0478	0.0426	0.4808	0.3362	0.3038	0.1898	0.5317	0.3183	0.6194	0.4519
B	22	GLU	1.2375	0.4558	0.2885	0.2874	0.8922	0.5928	0.5894	0.6289	0.9706	0.9439	0.0294	0.0447
B	23	ARG	0.8698	0.5685	0.6410	0.7290	2.3986	0.9601	0.3785	0.1524	1.7822	0.2767	0.4917	0.3710
B	24	VAL	0.9214	0.4372	0.3633	0.3052	0.8897	0.6709	0.1758	0.1288	0.6063	0.1801	0.1474	0.0349
B	25	ARG	1.0263	0.9574	0.2259	0.1669	1.2427	0.4109	0.2952	0.2024	0.4699	0.3356	0.1461	0.1493
B	26	LEU	0.3299	0.2393	0.0565	0.0600	0.6858	0.4196	0.1827	0.1999	0.6754	0.1483	0.1556	0.1567
B	27	LEU	0.6076	0.4082	0.1720	0.2209	0.7856	0.0465	0.5408	0.3101	1.6661	0.0236	0.4299	0.0793
B	28	GLU	0.7643	0.1637	0.1663	0.1326	0.8375	0.4206	0.2348	0.1543	1.3745	0.4533	0.4827	0.4659
B	29	ARG	1.6683	0.5079	0.1032	0.0698	1.5946	0.2565	0.3447	0.2479	2.0828	0.2953	0.0805	0.0724
B	30	CYS	0.1672	0.2297	0.0306	0.0278	0.3102	0.3847	0.1013	0.0911	0.0635	0.0416	0.0114	0.0109
B	31	ILE	1.3854	0.5171	0.1307	0.1436	1.5006	0.2226	0.2343	0.1621	1.4796	0.1067	0.0892	0.0602
B	32	TYR	1.1212	0.7686	0.3392	0.4721	0.9726	0.2219	0.2638	0.4062	0.8605	0.5462	0.4124	0.3531
B	33	ASN	3.2307	0.1373	0.1133	0.1016	3.0613	0.3799	0.1689	0.1847	3.0217	0.8449	0.3393	0.2729
B	34	GLN	1.4324	0.7228	0.3623	0.4265	1.3750	0.1872	0.0660	0.0192	1.6361	0.4771	0.2239	0.2798
B	35	GLU	0.7777	0.0617	0.3147	0.3212	1.0474	0.5858	0.1288	0.1264	0.9213	0.3187	0.9738	0.6134
B	36	GLU	0.8585	0.4248	0.2742	0.3354	0.7445	0.2373	0.1605	0.0213	1.3832	0.6767	0.1759	0.1592
B	37	SER	0.0160	0.0441	0.0115	0.0095	0.4336	0.3704	0.3737	0.5829	0.3627	0.0947	0.1563	0.2024
B	38	VAL	1.9969	0.4118	0.3267	0.4521	1.8990	0.0854	0.4794	0.2720	1.8035	0.0833	0.1315	0.0979
B	39	ARG	1.4060	0.2348	0.1094	0.0940	1.4470	0.5229	0.2863	0.1435	1.7514	0.2211	0.3038	0.2537
B	40	PHE	0.4355	0.6687	0.0184	0.0273	1.0471	0.3625	0.6852	0.3929	0.3952	0.1978	0.1756	0.1260
B	41	ASP	2.0068	0.2818	0.1584	0.1137	1.6988	0.2652	0.6493	0.2245	1.5756	0.5275	0.7031	0.3510
B	42	SER	1.3792	0.3225	0.2808	0.4062	0.9854	0.4223	0.3041	0.2415	1.2533	0.1209	0.5257	0.6979
B	43	ASP	0.8239	0.3565	0.0604	0.0669	0.7063	0.2006	0.0988	0.0869	1.1598	0.2968	0.6881	0.4537
B	44	VAL	0.6361	0.9881	0.0166	0.0038	0.3975	0.2126	0.0551	0.0058	0.2436	0.2749	0.1284	0.2164
B	45	GLY	0.9851	0.3135	0.4872	0.2759	1.7259	0.5190	0.4199	0.1235	0.8550	0.3858	0.2479	0.1445
B	46	GLU	2.1274	0.2369	0.1661	0.1519	1.9160	0.2175	0.2582	0.2963	1.9154	0.6014	0.5431	0.5374
B	47	TYR	0.6360	0.2296	0.2551	0.2980	0.4345	0.1357	0.1265	0.0576	0.7732	0.2763	0.7007	0.3491
B	48	ARG	1.2471	0.2403	0.4806	0.3344	1.3465	0.4036	0.1309	0.0715	1.6076	0.5059	0.4438	0.2766
B	49	ALA	0.5144	0.1574	0.0866	0.0953	0.5590	0.2739	0.2866	0.3859	0.5473	0.9073	1.0168	1.7314
B	50	VAL	0.3430	0.2359	0.0770	0.1277	0.3173	0.0743	0.0965	0.0916	0.3640	0.3755	0.1148	0.1161
B	51	THR	0.9903	0.3978	0.2801	0.1720	1.2880	0.2178	0.4140	0.6100	1.5482	0.3041	0.1272	0.0392
B	52	GLU	1.0896	0.5459	0.1297	0.1757	1.6302	0.3271	0.2400	0.1413	2.0084	0.3864	0.4028	0.4414
B	53	LEU	1.1511	0.2017	0.3663	0.3008	1.4221	0.1739	0.4544	0.4326	1.2898	0.6057	0.3616	0.1247
B	54	GLY	0.0902	0.1686	0.0576	0.0856	0.3910	0.6786	0.4733	0.8127	0.0646	0.0907	0.0161	0.0101
B	55	ARG	2.0205	0.4302	0.4761	0.3351	2.6152	0.7464	0.9960	0.5624	2.5450	0.4515	0.4232	0.0215
B	56	PRO	1.3929	0.4231	0.3174	0.1822	1.6332	0.4734	0.0762	0.1080	1.5515	0.2493	0.7218	0.5497
B	57	ASP	0.2401	0.1754	0.0977	0.0744	0.4152	0.3723	0.0743	0.0403	0.1568	0.2730	0.0614	0.1013
B	58	ALA	1.5736	0.4521	0.1933	0.1963	1.4684	0.3706	0.2883	0.3410	1.3143	0.5715	0.2504	0.1933
B	59	GLU	0.7509	0.1843	0.2071	0.2467	0.5565	0.2998	0.1803	0.1915	0.3713	0.1232	0.1064	0.0707
B	60	TYR	1.0772	0.7776	0.4041	0.3691	0.6903	0.5112	0.2966	0.2826	0.6528	0.5338	0.2612	0.2529
B	61	TRP	0.8142	0.3461	0.2154	0.2498	0.7221	0.4656	0.2120	0.3403	1.1184	0.5493	0.4270	0.1676
B	62	ASN	0.7064	0.4084	0.1096	0.1685	0.6025	0.3678	0.1314	0.0781	0.4494	0.5551	0.1917	0.2279
B	63	SER	0.7054	0.6366	0.1510	0.2234	0.1501	0.1601	0.0107	0.0016	0.5024	0.5234	0.0355	0.0131
B	64	GLN	0.6298	0.5263	0.3342	0.5448	0.3014	0.2867	0.0871	0.1065	1.1154	0.6917	0.2649	0.2722
B	65	LYS	1.5928	0.2451	0.2023	0.1504	1.4751	0.3054	0.6655	0.6055	1.4169	0.6500	0.3581	0.0743
B	66	ASP	0.7964	0.1770	0.0402	0.0521	0.9792	0.3903	0.0923	0.0979	0.7027	0.6313	0.0886	0.0911
B	67	LEU	0.2854	0.2960	0.0903	0.1453	0.8925	0.2238	0.5249	0.2775	0.7530	0.1922	0.1893	0.1494
B	68	LEU	1.3933	0.5800	0.3519	0.3373	1.2173	0.1204	0.3318	0.2133	1.0029	0.1627	0.1510	0.1163
B	69	GLU	1.1973	0.3918	0.5423	0.4569	1.3625	0.2534	0.7355	0.5489	0.9624	0.5440	0.5320	0.5181
B	70	GLN	0.5659	0.1557	0.0868	0.1000	1.0020	0.4073	0.2278	0.1687	0.9024	0.2843	0.6078	0.3199
B	71	ARG	1.2980	0.2352	0.0498	0.0644	0.6499	0.2629	0.1916	0.1558	0.9659	0.7263	0.3300	0.2813
B	72	ARG	0.8019	0.4947	0.3068	0.3511	1.4105	0.5623	0.0870	0.0561	1.3016	0.6150	1.1659	0.2891
B	73	ALA	0.7482	0.6762	0.2871	0.3071	0.8948	0.7416	0.3529	0.4055	1.4757	0.3967	0.7437	0.2885
B	74	ALA	2.4256	0.6963	0.1253	0.1149	1.9142	0.2821	0.5691	0.6938	0.9671	0.3693	1.3539	1.4258
B	75	VAL	2.1054	0.1936	0.2619	0.2498	1.3871	0.5808	0.2398	0.2295	0.8460	0.9251	0.3836	0.6277
B	76	ASP	0.3170	0.3444	0.1391	0.1767	0.1968	0.2173	0.1536	0.2072	1.1436	0.9087	0.5819	0.7508
B	77	THR	0.9621	0.1848	0.2137	0.1410	0.6454	0.2678	0.2208	0.1645	0.3426	0.3613	0.1521	0.2064
B	78	TYR	0.9615	0.4130	0.1548	0.1560	0.4739	0.8049	0.5857	1.0102	1.4760	0.1511	0.6830	0.8876
B	79	CYX	0.9487	0.4409	0.0860	0.0937	1.0992	0.1810	0.1907	0.0696	0.8835	0.4085	0.4444	0.5689
B	80	ARG	1.2734	0.1650	0.1014	0.1410	1.1896	0.3259	0.1464	0.0344	1.8933	0.5063	0.1103	0.1010
B	81	HIP	1.6488	0.4627	0.4604	0.5390	0.5571	0.3852	0.2122	0.0292	0.5551	0.3000	0.2755	0.2650
B	82	MTS	0.8479	0.4127	0.1600	0.1188	0.7936	0.2255	0.6835	0.7954	0.8767	0.2246	0.4648	0.3906
B	83	TYR	1.3198	0.5784	0.3681	0.3175	1.0964	0.2005	0.1091	0.0920	0.4044	0.2866	0.0351	0.0205
B	84	GLY	2.1748	0.8082	0.5225	0.6526	0.9730	0.6910	0.2440	0.0317	0.9732	0.5758	0.0653	0.0598
B	85	VAL	0.4998	0.0252	0.2134	0.2009	0.4978	0.3897	0.3678	0.5137	0.6605	0.1769	0.2950	0.2369
B	86	GLY	0.6080	0.1189	0.6704	0.4674	0.5937	0.3757	0.3599	0.3260	1.0548	0.6528	0.7412	0.7021
B	87	GLU	1.6936	0.9198	0.1453	0.1499	1.4148	0.5967	0.5928	0.3658	2.1707	0.5649	0.5992	0.6795
B	88	SER	0.8525	0.4194	0.3966	0.0716	1.3122	0.6075	0.4321	0.6009	1.8052	0.7695	0.3892	0.2250
B	89	PHE	0.8254	0.4664	0.4267	0.2208	0.6398	0.4131	0.0824	0.0944	0.6944	0.2431	0.5445	0.1928
B	90	THR	0.7079	0.5894	0.1830	0.1377	0.5909	0.1960	0.4120	0.1265	0.7931	0.1128	0.6947	0.8012
B	91	VAL	0.6246	0.1868	0.2983	0.1761	0.8836	0.5541	0.2243	0.1788	0.5265	0.2663	0.2064	0.1561
B	92	GLN	0.9719	0.9084	0.4122	0.4332	0.3704	0.3119	0.1354	0.1908	0.6422	0.2437	0.2741	0.1319
B	93	ARG	0.6269	0.3955	0.2035	0.1858	0.9048	0.1026	0.7251	0.6825	1.8738	0.2898	0.9791	0.5868
B	94	ARG	1.6330	0.2148	0.3948	0.2884	1.4683	0.3513	0.5302	0.5941	1.5845	0.2688	0.3660	0.2869
B	95	VAL	1.2273	0.5120	0.5063	0.2653	1.3356	0.3953	0.4631	0.2513	1.7196	0.4767	0.2235	0.1921
B	96	GLU	0.1144	0.0913	0.0094	0.0082	0.3852	0.0785	0.2095	0.1671	0.1345	0.0751	0.0073	0.0085
B	97	PRO	1.0974	0.7593	0.1441	0.0753	0.9575	0.3166	0.3409	0.0885	0.9534	0.3695	0.2344	0.1191
B	98	LYS	0.4994	0.2698	0.1509	0.1378	0.1217	0.1326	0.0276	0.0267	0.4480	0.4134	0.1988	0.2894
B	99	VAL	1.2653	0.6527	0.4436	0.4700	1.6906	0.4351	0.1371	0.1179	1.5967	0.2381	0.2308	0.2952
B	100	THR	2.2380	0.2886	0.1172	0.0865	2.2083	0.2451	0.0781	0.0318	2.0097	0.4295	0.2108	0.2120
B	101	VAL	1.0405	0.7133	0.1186	0.1118	1.1386	0.6295	0.2290	0.1436	0.9495	0.6633	0.1159	0.0899
B	102	TYR	2.3228	0.4810	0.0810	0.0737	2.3616	0.3206	0.2055	0.0501	2.2248	0.3237	0.2708	0.1729
B	103	PRO	0.4162	0.1091	0.0988	0.1127	0.7613	0.3313	0.1129	0.1279	0.5379	0.0951	0.2250	0.1234
B	104	SER	2.3762	0.1987	0.1159	0.0995	1.5789	0.2095	0.8446	0.3397	2.4304	0.3783	0.1768	0.2698
B	105	LYS	1.2813	0.8092	0.3961	0.3897	1.2105	0.4045	0.4838	0.3329	0.8849	0.7065	0.0987	0.0312
B	106	THR	0.3813	0.3498	0.1166	0.1580	0.5754	0.3584	0.5145	0.5556	1.1478	0.5255	0.6369	0.4671
B	107	GLN	1.2857	0.7660	0.3752	0.0569	1.4563	0.5968	0.5211	0.5093	0.9842	0.5924	0.5943	0.3697
B	108	PRO	1.6424	0.7848	0.3122	0.3382	1.6079	0.7487	0.4602	0.6203	1.3800	0.5187	0.3352	0.1910
B	109	LEU	1.8246	0.2683	0.2930	0.1673	2.3086	0.3105	0.6979	0.6128	1.7985	0.2732	0.1683	0.1221
B	110	GLN	0.4386	0.2770	0.2045	0.2294	1.3588	0.5838	0.3685	0.2100	0.4254	0.2995	0.1616	0.1613
B	111	HIP	1.1310	0.8100	0.1206	0.2043	0.8558	0.5684	0.7400	0.8780	1.1953	0.5694	0.2841	0.1278
B	112	HIE	1.8594	0.4941	0.6976	0.3696	1.8797	0.3658	0.9932	1.0830	2.7305	0.2925	0.5939	0.9663
B	113	ASN	2.1035	0.5695	0.1280	0.1038	1.6949	0.3555	0.5478	0.2545	1.8751	0.2600	0.4934	0.1976
B	114	LEU	1.6854	0.6771	0.6036	0.6103	1.5635	0.5781	0.8503	0.5879	1.5218	0.3044	0.7163	0.3968
B	115	LEU	0.0346	0.0647	0.0054	0.0063	0.2849	0.1927	0.1447	0.1052	0.6289	0.2287	0.2913	0.1425
B	116	VAL	0.7464	0.4015	0.2076	0.3206	0.6835	0.4021	0.2480	0.2093	1.0099	0.4434	0.2982	0.3661
B	117	CYX	0.5266	0.2563	0.1843	0.1642	0.8109	0.1635	0.3796	0.2156	0.9306	0.3463	0.1395	0.1260
B	118	SER	0.7536	0.3655	0.3707	0.1942	0.8318	0.1285	0.3718	0.1260	1.2332	0.4161	0.1620	0.1416
B	119	VAL	1.0219	0.3166	0.3777	0.3703	0.6388	0.1951	0.2628	0.2723	1.2174	0.3920	0.7106	0.4271
B	120	SER	1.8771	0.2203	0.2916	0.1069	2.2461	0.3171	0.1909	0.0840	2.2685	0.2068	0.1595	0.1321
B	121	GLY	0.2225	0.1955	0.0947	0.0978	0.2035	0.1644	0.0481	0.0423	0.4866	0.4306	0.0532	0.0470
B	122	PHE	0.0097	0.0382	0.0128	0.0098	0.0350	0.0632	0.0040	0.0057	0.0564	0.1071	0.0062	0.0072
B	123	TYR	2.4293	0.1887	0.1602	0.0577	2.4066	0.3141	0.1680	0.1312	2.4786	0.2987	0.0910	0.0476
B	124	PRO	0.7448	0.2304	0.3316	0.3844	0.9513	0.1084	0.3003	0.1969	0.7243	0.2439	0.2000	0.1642
B	125	GLY	0.6783	0.6858	0.3377	0.3425	0.6233	0.3784	0.0604	0.0790	1.0100	0.4111	0.2499	0.1612
B	126	SER	0.7336	0.3753	0.2406	0.1081	0.9594	0.3101	0.2083	0.1079	0.8345	0.5085	0.0891	0.0328
B	127	ILE	1.4248	0.6686	0.3236	0.1755	1.2825	0.6819	0.3833	0.2738	1.3906	0.4128	1.0693	0.7269
B	128	GLU	0.8895	0.3263	0.0936	0.0634	1.4422	0.3547	0.1116	0.0265	1.5164	0.3397	0.4905	0.3002
B	129	VAL	0.5494	0.5470	0.1223	0.1566	0.8163	0.4746	0.0521	0.0429	0.8624	0.3659	0.4325	0.2047
B	130	ARG	1.4467	0.4687	0.2977	0.1389	1.6767	0.3170	0.5979	0.0634	1.5869	0.1627	0.1974	0.1560
B	131	TRP	0.2726	0.2185	0.0783	0.1195	0.2092	0.1506	0.1030	0.1221	0.1737	0.3078	0.0482	0.0660
B	132	PHE	1.3246	0.2178	0.1015	0.1753	0.9838	0.3302	0.1621	0.1507	1.5354	0.2954	0.3657	0.3228
B	133	ARG	1.3245	0.5328	0.1721	0.0700	1.4068	0.1286	0.5759	0.7759	1.5563	0.1343	0.1114	0.0852
B	134	ASN	2.6184	0.2272	0.3190	0.2052	2.3472	0.6702	0.2739	0.1399	3.0388	0.3181	0.3447	0.2489
B	135	GLY	0.3057	0.1863	0.0663	0.0569	0.5927	0.3182	0.0628	0.0636	0.3587	0.0767	0.0238	0.0130
B	136	GLN	0.8716	0.2226	0.1233	0.0923	0.4697	0.3497	0.4836	0.6391	0.7913	0.3090	0.3246	0.3818
B	137	GLU	1.0395	0.5452	0.3299	0.1475	1.0750	0.7921	0.3721	0.1710	1.0845	0.7677	0.4524	0.5094
B	138	GLU	1.0117	0.7634	0.4536	0.3320	0.2983	0.3230	0.1779	0.2798	0.5003	0.2187	0.1907	0.2302
B	139	LYS	1.5524	0.5641	0.5223	0.4232	1.3482	0.2031	0.3097	0.1365	1.2793	0.4370	0.2374	0.1145
B	140	ALA	0.3848	0.3688	0.1307	0.1897	0.8211	0.1182	0.2720	0.1804	0.7345	0.6376	0.3052	0.3620
B	141	GLY	0.7580	0.2210	0.1072	0.0581	1.1940	0.1597	0.2104	0.2040	0.9275	0.2991	0.9363	0.8320
B	142	VAL	0.3211	0.2564	0.2504	0.3775	0.4971	0.2305	0.1051	0.1350	0.4016	0.2010	0.1235	0.1079
B	143	VAL	1.6633	0.4946	0.5471	0.3312	1.3192	0.4892	0.3653	0.3468	1.6528	0.4405	0.6451	0.5931
B	144	SER	0.9903	0.9673	0.1203	0.1695	0.8657	0.6732	0.0809	0.0650	1.3118	0.6214	0.4950	0.2099
B	145	THR	0.7726	0.2784	0.2258	0.2485	0.3267	0.3049	0.0374	0.0369	0.4797	0.2819	0.1263	0.0945
B	146	GLY	0.8737	0.5677	0.1008	0.1096	0.6802	0.2819	0.5309	0.4204	0.3912	0.2019	0.2916	0.2454
B	147	LEU	0.8000	0.3246	0.8257	1.0891	0.5281	0.4513	0.2814	0.2352	0.1425	0.0900	0.0510	0.0671
B	148	ILE	1.9697	0.2353	0.2942	0.3763	1.3032	0.7314	0.2858	0.0314	1.6282	0.4751	0.2403	0.1651
B	149	GLN	0.6951	0.2003	0.1969	0.2303	0.5788	0.3076	0.2750	0.1785	0.2589	0.2405	0.2027	0.2102
B	150	ASN	0.4678	0.2867	0.0607	0.0489	0.1340	0.1197	0.0165	0.0081	0.2694	0.1454	0.1723	0.1926
B	151	GLY	0.7342	0.1217	0.1535	0.1540	0.9998	0.4992	0.4344	0.2238	0.6798	0.1223	0.3751	0.2268
B	152	ASP	1.1907	0.6407	0.2171	0.2985	1.8469	0.2413	0.1351	0.1053	1.3178	0.3548	0.3577	0.4211
B	153	TRP	1.4062	0.1142	0.4248	0.3453	1.8547	0.3508	0.2501	0.3306	1.7465	0.0981	0.4630	0.1897
B	154	THR	1.3068	0.7192	0.0751	0.1184	1.6378	0.0577	0.3277	0.2638	1.5812	0.1733	0.2352	0.0969
B	155	PHE	0.1319	0.1100	0.0173	0.0181	0.2392	0.2421	0.1122	0.1219	0.2465	0.3400	0.0787	0.1103
B	156	GLN	1.9219	0.4319	0.1190	0.1126	1.7663	0.2583	0.2089	0.2179	2.0283	0.6080	0.1286	0.1648
B	157	THR	2.5171	0.2733	0.0990	0.0576	2.5600	0.1467	0.2572	0.2850	2.3716	0.3156	0.0852	0.0487
B	158	LEU	1.6960	0.6556	0.2279	0.0606	1.7277	0.3157	0.3481	0.4286	1.2446	0.4313	0.3195	0.3405
B	159	VAL	1.4937	0.5937	0.1415	0.1156	1.0334	0.0804	0.2142	0.2783	1.0534	0.1433	0.1616	0.1688
B	160	MET	1.5260	0.2557	0.3057	0.2447	1.1523	0.6426	0.3912	0.2954	1.1350	0.1922	0.2448	0.2822
B	161	LEU	1.5287	0.3457	0.2369	0.2057	2.0061	0.2040	0.3714	0.4220	1.7207	0.4393	0.3830	0.4882
B	162	GLU	0.5859	0.3362	0.0454	0.0388	0.2847	0.2819	0.1330	0.1410	0.6331	0.4803	0.1099	0.0695
B	163	THR	1.0671	0.4607	0.2794	0.2795	0.5443	0.3638	0.3321	0.5408	0.5511	0.2755	0.2059	0.2283
B	164	VAL	0.3273	0.0822	0.0300	0.0227	0.6426	0.6066	0.2696	0.2872	0.6203	0.1408	0.2032	0.1462
B	165	PRO	0.6474	0.4711	0.0981	0.0797	0.8714	0.3455	0.4351	0.4022	0.6589	0.1460	0.0421	0.0580
B	166	ARG	1.8479	0.5019	0.2571	0.2874	1.6465	0.6491	0.7168	0.6750	1.3627	0.2675	0.9165	0.4048
B	167	SER	0.4381	0.5047	0.1006	0.1308	0.4760	0.4058	0.2678	0.3595	0.4125	0.2578	0.1012	0.1270
B	168	GLY	0.4215	0.6291	0.6874	1.1575	0.0420	0.0705	0.0047	0.0039	0.2678	0.2954	0.0918	0.0916
B	169	GLU	0.5759	0.6739	0.0514	0.0656	0.6714	0.5327	0.2847	0.3081	0.4957	0.3876	0.0615	0.0908
B	170	VAL	0.3119	0.2521	0.0758	0.1229	0.5287	0.0796	0.1356	0.1699	0.4023	0.2308	0.1466	0.1038
B	171	TYR	0.6797	0.1203	0.4365	0.3280	0.3005	0.0941	0.0900	0.0174	0.6837	0.2101	0.2432	0.0634
B	172	THR	1.5861	0.2406	0.0772	0.0628	1.3985	0.6173	0.3058	0.2198	1.6220	0.1331	0.2967	0.1838
B	173	CYX	0.1765	0.1531	0.0282	0.0348	0.3129	0.2556	0.2009	0.3159	0.1762	0.1732	0.0355	0.0345
B	174	GLN	0.9753	0.3524	0.0721	0.0697	0.5568	0.2200	0.1790	0.0504	1.0281	0.3089	0.1071	0.0188
B	175	VAL	0.8582	0.3338	0.1973	0.1129	0.8675	0.6033	0.2855	0.2443	0.6991	0.1665	0.2839	0.2002
B	176	GLU	0.6208	0.5522	0.0686	0.0656	0.7589	0.1327	0.3057	0.2149	0.9089	0.3126	0.3959	0.3145
B	177	HIE	2.3318	0.2879	0.2941	0.2851	2.5486	0.2802	0.4140	0.3734	2.4675	0.2174	0.1877	0.2758
B	178	PRO	1.6532	0.3096	0.6362	0.6208	1.7656	0.3950	0.7446	0.7341	1.7008	0.1382	0.5651	0.1217
B	179	SER	0.3844	0.1771	0.0536	0.0530	0.7666	0.1487	0.6159	0.0652	0.6294	0.2936	0.1618	0.0476
B	180	VAL	1.0836	0.2460	0.5009	0.4662	0.8673	0.1661	0.3741	0.2991	1.0567	0.4604	0.1967	0.0524
B	181	THR	0.1823	0.2146	0.1205	0.1757	0.3836	0.2924	0.1531	0.1300	0.4731	0.6346	0.3499	0.5371
B	182	SER	1.5843	0.6654	0.5901	0.3634	1.1609	0.5036	0.6943	0.2180	2.0294	0.1893	0.5091	0.4478
B	183	PRO	1.8376	0.5629	0.2136	0.3140	1.3723	0.1781	0.2192	0.2135	1.4579	0.6117	0.4249	0.2533
B	184	LEU	0.2473	0.2427	0.1543	0.1902	0.3959	0.4688	0.1913	0.3262	0.4438	0.1710	0.1745	0.0930
B	185	THR	1.1494	0.4649	0.0462	0.0522	1.1984	0.5168	0.2690	0.2004	1.4876	0.3826	0.4696	0.6743
B	186	VAL	1.6423	0.7474	0.2921	0.2268	1.4742	0.3379	0.3132	0.3604	1.4623	0.3298	0.3822	0.3619
B	187	GLU	0.6829	0.2526	0.4015	0.1993	0.6562	0.2466	0.2415	0.1329	1.2225	0.4335	0.5083	0.2396
B	188	TRP	1.7854	0.4754	0.1837	0.2707	2.0810	0.3177	0.1249	0.0748	1.8830	0.4251	0.3450	0.1490
B	189	ARG	1.4033	0.1321	0.1473	0.1284	1.1222	0.2051	0.3413	0.2933	1.4783	0.2095	0.2845	0.3283
B	190	ALA	0.3997	0.3619	0.4769	0.7208	0.1129	0.1290	0.0359	0.0329	0.7236	0.8343	0.5508	0.6903
C	102	LYS	1.3611	0.8681	0.3616	0.2462	0.6787	0.3442	0.6397	0.8138	0.0000	0.0000	0.0000	0.0000
C	103	PRO	1.2482	0.5760	0.3090	0.2670	1.3737	0.6467	0.9072	1.0448	1.1342	0.5782	0.2979	0.2504
C	104	VAL	0.5498	0.3110	0.0770	0.0325	0.7345	0.4152	0.3754	0.2964	1.3249	0.2363	0.4501	0.2037
C	105	SER	1.0314	0.4537	0.7712	0.4236	0.5301	0.0857	0.3212	0.3023	0.6548	0.2967	0.5788	0.7116
C	106	LYS	0.7947	0.7573	0.3315	0.2654	0.4271	0.0993	0.1740	0.1448	0.7508	0.1168	0.2615	0.1528
C	107	TRP	0.8793	0.1893	0.3822	0.3610	0.5716	0.5264	0.4944	0.5399	0.1476	0.1003	0.0695	0.0317
C	108	ARG	0.2414	0.4075	0.1745	0.2607	0.8001	0.1469	0.4686	0.2553	0.4581	0.3504	0.1649	0.1256
C	109	MET	0.8233	0.3438	0.1827	0.2055	1.3087	0.4564	0.2700	0.3234	0.9177	0.3317	0.0664	0.0689
C	110	ALA	0.1745	0.1660	0.0969	0.1523	0.4605	0.3433	0.2989	0.2878	0.2683	0.2391	0.2267	0.2531
C	111	THR	0.2755	0.2779	0.0999	0.1210	0.6627	0.1617	0.2119	0.1504	0.6919	0.4222	0.2132	0.2965
C	112	PRO	0.7862	0.4269	0.5640	0.6348	0.9709	0.0480	0.2096	0.1688	0.8947	0.2758	0.3544	0.4476
C	113	LEU	0.0780	0.1562	0.0426	0.0676	0.5212	0.2325	0.2800	0.2393	0.6787	0.4663	0.5012	0.4450
C	114	LEU	0.1225	0.1431	0.0211	0.0195	0.0748	0.1044	0.0110	0.0097	0.5271	0.5910	0.0787	0.0801
C	115	MET	0.9284	0.3457	0.3203	0.3555	0.7298	0.4796	0.3350	0.2123	1.3494	0.3718	0.3317	0.2717
C	116	GLN	1.0774	0.2462	0.3071	0.2769	0.9432	0.3966	0.1362	0.1216	2.0687	0.3484	0.2451	0.2547
C	117	ALA	1.0117	0.3440	0.7581	0.4633	0.6136	0.3753	0.3122	0.2509	1.6328	1.1680	0.2469	0.2527
C	118	LEU	1.2505	0.4021	0.3863	0.4766	0.7759	0.4598	0.3851	0.1158	0.7506	0.4571	0.4029	0.1104
C	119	PRO	1.0434	0.4394	0.1423	0.1639	0.9543	0.4620	0.6148	0.6092	0.9960	0.5344	0.1541	0.0428
C	120	MET	0.7920	0.7013	0.5093	0.6028	1.0788	0.2921	0.6555	0.7280	1.2827	0.3919	0.4297	0.1715
