seg	res	rnm	aT41A.pcca1	aT41A.pcca1	aT41A.pcca1	aT41A.pcca1	bN82A.pcca2	bN82A.pcca2	bN82A.pcca2	bN82A.pcca2	lsdm	sdiff	sdiff.2	score	pval	score.2	pval.2
			mf	sf	mf.2	sf.2	mf	sf	mf.2	sf.2							
A	84	ASN	1.1489	0.1311	0.3779	0.3382	0.7105	0.0998	0.5329	0.6270	1	0.1089		2.6611	0.0078	-0.2176	0.8278
A	107	CYX	0.1258	0.1058	0.0639	0.0963	0.3655	0.0555	0.1595	0.1379	1	-0.0008		-2.0069	0.0448	-0.5683	0.5698
A	109	ILE	0.2935	0.0932	0.0426	0.0350	0.6509	0.1422	0.1513	0.0806	1	-0.0173		-2.1018	0.0356	-1.2371	0.2160
A	120	THR	1.2761	0.0363	0.6843	0.2961	1.8969	0.2330	0.1656	0.1808	1	-0.1493		-2.6331	0.0085	1.4953	0.1348
A	127	PRO	1.0809	0.1917	0.3163	0.1806	1.6297	0.0896	0.1796	0.1622	1	-0.1257		-2.5943	0.0095	0.5628	0.5736
A	154	LEU	0.9788	0.0419	0.4892	0.4316	0.2685	0.0294	0.0791	0.0571	1	0.6079		13.8808	0.0000	0.9419	0.3463
A	173	PRO	1.4533	0.4038	0.8906	0.3903	0.5330	0.0744	0.1022	0.0684	1	0.0992		2.2416	0.0250	1.9899	0.0466
B	8	LEU	1.5706	0.3036	0.3106	0.3161	0.8988	0.1132	0.1165	0.0750	1	0.0237		2.0733	0.0381	0.5973	0.5503
B	27	LEU	1.6661	0.0236	0.4299	0.0793	0.7856	0.0465	0.5408	0.3101	1	0.7762		16.8843	0.0000	-0.3464	0.7290
B	74	ALA	0.9671	0.3693	1.3539	1.4258	1.9142	0.2821	0.5691	0.6938	1	-0.0177		-2.0381	0.0415	0.4949	0.6207
B	93	ARG	1.8738	0.2898	0.9791	0.5868	0.9048	0.1026	0.7251	0.6825	1	0.3542		3.1522	0.0016	0.2822	0.7778
B	96	GLU	0.1345	0.0751	0.0073	0.0085	0.3852	0.0785	0.2095	0.1671	1	-0.0333		-2.3064	0.0211	-1.2086	0.2268
C	106	LYS	0.7508	0.1168	0.2615	0.1528	0.4271	0.0993	0.1740	0.1448	1	0.0171		2.1113	0.0347	0.4155	0.6778
C	116	GLN	2.0687	0.3484	0.2451	0.2547	0.9432	0.3966	0.1362	0.1216	1	0.0697		2.1320	0.0330	0.3859	0.6996
B	72	ARG	1.3016	0.6150	1.1659	0.2891	1.4105	0.5623	0.0870	0.0561	2		0.4899	-0.1306	0.8961	3.6637	0.0002
B	84	GLY	0.9732	0.5758	0.0653	0.0598	0.9730	0.6910	0.2440	0.0317	2		-0.0434	0.0002	0.9998	-2.6413	0.0083
B	89	PHE	0.6944	0.2431	0.5445	0.1928	0.6398	0.4131	0.0824	0.0944	2		0.0329	0.1141	0.9092	2.1531	0.0313
B	130	ARG	1.5869	0.1627	0.1974	0.1560	1.6767	0.3170	0.5979	0.0634	2		-0.0637	-0.2521	0.8010	-2.3781	0.0174
B	171	TYR	0.6837	0.2101	0.2432	0.0634	0.3005	0.0941	0.0900	0.0174	2		0.0217	1.6647	0.0960	2.3307	0.0198
B	179	SER	0.6294	0.2936	0.1618	0.0476	0.7666	0.1487	0.6159	0.0652	2		-0.2927	-0.4168	0.6768	-5.6266	0.0000
