seg	res	rnm	aT41A.pcca1	aT41A.pcca1	aT41A.pcca1	aT41A.pcca1	WT.pcca2	WT.pcca2	WT.pcca2	WT.pcca2	lsdm	sdiff	sdiff.2	score	pval	score.2	pval.2
			mf	sf	mf.2	sf.2	mf	sf	mf.2	sf.2							
A	37	ALA	0.4458	0.0756	0.0699	0.0835	0.1219	0.1354	0.0468	0.0476	1	0.0137		2.0881	0.0368	0.2402	0.8102
A	80	THR	1.0835	0.0980	0.2077	0.2272	0.6323	0.0149	0.1902	0.1862	1	0.2530		4.5532	0.0000	0.0595	0.9526
A	87	PRO	0.7564	0.1491	0.2183	0.0888	1.2341	0.1260	0.2381	0.1852	1	-0.0872		-2.4466	0.0144	-0.0965	0.9231
A	93	THR	0.0495	0.1076	0.0063	0.0076	0.7960	0.2974	0.2336	0.0986	1	-0.1140	-0.0295	-2.3606	0.0182	-2.2983	0.0215
A	116	VAL	1.2991	0.0582	0.0680	0.0025	1.0385	0.0103	0.3213	0.4000	1	0.1424		4.4099	0.0000	-0.6334	0.5265
A	170	LEU	0.2145	0.1252	0.0552	0.0763	0.5858	0.1178	0.1496	0.0877	1	-0.0275		-2.1600	0.0308	-0.8121	0.4168
B	12	LYS	0.8585	0.2273	0.2447	0.1697	1.3387	0.0491	0.1566	0.1656	1	-0.0151		-2.0648	0.0389	0.3714	0.7104
B	15	CYX	1.1250	0.3577	0.2261	0.1478	0.1285	0.2502	0.0329	0.0448	1	0.1234		2.2828	0.0224	1.2509	0.2110
B	27	LEU	1.6661	0.0236	0.4299	0.0793	0.6076	0.4082	0.1720	0.2209	1	0.2406		2.5884	0.0096	1.0993	0.2716
B	37	SER	0.3627	0.0947	0.1563	0.2024	0.0160	0.0441	0.0115	0.0095	1	0.1378		3.3192	0.0009	0.7150	0.4746
B	93	ARG	1.8738	0.2898	0.9791	0.5868	0.6269	0.3955	0.2035	0.1858	1	0.2664		2.5433	0.0110	1.2601	0.2076
B	115	LEU	0.6289	0.2287	0.2913	0.1425	0.0346	0.0647	0.0054	0.0063	1	0.1190	0.0007	2.5008	0.0124	2.0050	0.0450
B	153	TRP	1.7465	0.0981	0.4630	0.1897	1.4062	0.1142	0.4248	0.3453	1	0.0391		2.2596	0.0238	0.0970	0.9227
C	107	TRP	0.1476	0.1003	0.0695	0.0317	0.8793	0.1893	0.3822	0.3610	1	-0.3033		-3.4160	0.0006	-0.8629	0.3882
C	116	GLN	2.0687	0.3484	0.2451	0.2547	1.0774	0.2462	0.3071	0.2769	1	0.1381		2.3237	0.0201	-0.1648	0.8691
A	55	GLU	0.2632	0.1456	0.0823	0.0569	0.4317	0.1840	0.2930	0.0749	2		-0.0225	-0.7178	0.4729	-2.2394	0.0251
A	92	LEU	2.2313	0.3171	0.2971	0.0465	2.4243	0.3796	0.0441	0.0562	2		0.1071	-0.3901	0.6965	3.4685	0.0005
A	157	THR	0.6437	0.1523	0.2304	0.0556	0.5727	0.5314	0.0330	0.0284	2		0.0726	0.1285	0.8977	3.1619	0.0016
