seg	res	rnm	WT.pcca2	bN82A.pcca2	aT41A.pcca1
A	5	HIP	"(array([-0.1,  0. ,  0.1,  0.2,  0.3,  0.4,  0.5,  0.6,  0.7,  0.8,  0.9,
        1. ,  1.1,  1.2,  1.3,  1.4,  1.5,  1.6,  1.7,  1.8,  1.9,  2. ]), array([1.11111111, 0.        , 0.        , 1.11111111, 0.        ,
       3.33333333, 1.11111111, 0.        , 0.        , 0.        ,
       0.        , 1.11111111, 0.        , 0.        , 1.11111111,
       0.        , 0.        , 0.        , 0.        , 0.        ,
       1.11111111]), array([1.9245009 , 0.        , 0.        , 1.9245009 , 0.        ,
       3.33333333, 1.9245009 , 0.        , 0.        , 0.        ,
       0.        , 1.9245009 , 0.        , 0.        , 1.9245009 ,
       0.        , 0.        , 0.        , 0.        , 0.        ,
       1.9245009 ]))"	"(array([0. , 0.1, 0.2, 0.3, 0.4, 0.5, 0.6, 0.7, 0.8, 0.9, 1. , 1.1, 1.2,
       1.3, 1.4, 1.5, 1.6, 1.7, 1.8, 1.9, 2. , 2.1, 2.2, 2.3, 2.4, 2.5,
       2.6, 2.7, 2.8, 2.9, 3. ]), array([1.11111111, 1.11111111, 0.        , 1.11111111, 0.        ,
       0.        , 0.        , 0.        , 2.22222222, 0.        ,
       0.        , 0.        , 2.22222222, 1.11111111, 0.        ,
       0.        , 0.        , 0.        , 0.        , 0.        ,
       0.        , 0.        , 0.        , 0.        , 0.        ,
       0.        , 0.        , 0.        , 0.        , 1.11111111]), array([1.9245009, 1.9245009, 0.       , 1.9245009, 0.       , 0.       ,
       0.       , 0.       , 1.9245009, 0.       , 0.       , 0.       ,
       1.9245009, 1.9245009, 0.       , 0.       , 0.       , 0.       ,
       0.       , 0.       , 0.       , 0.       , 0.       , 0.       ,
       0.       , 0.       , 0.       , 0.       , 0.       , 1.9245009]))"	"(array([-0.1, -0.1,  0. ,  0.1,  0.1,  0.2,  0.2,  0.3,  0.3,  0.4,  0.4,
        0.5,  0.5,  0.6,  0.6,  0.7,  0.7,  0.8,  0.8,  0.9,  0.9,  1. ,
        1. ,  1.1,  1.1,  1.2,  1.2,  1.3,  1.4,  1.4,  1.5,  1.5,  1.6,
        1.6,  1.7,  1.7,  1.8,  1.8,  1.9]), array([1.11111111, 0.        , 2.22222222, 0.        , 0.        ,
       0.        , 0.        , 0.        , 0.        , 0.        ,
       0.        , 0.        , 0.        , 0.        , 0.        ,
       0.        , 0.        , 0.        , 0.        , 0.        ,
       2.22222222, 0.        , 0.        , 0.        , 0.        ,
       0.        , 1.11111111, 0.        , 0.        , 1.11111111,
       0.        , 1.11111111, 0.        , 0.        , 0.        ,
       0.        , 0.        , 1.11111111]), array([1.9245009 , 0.        , 3.84900179, 0.        , 0.        ,
       0.        , 0.        , 0.        , 0.        , 0.        ,
       0.        , 0.        , 0.        , 0.        , 0.        ,
       0.        , 0.        , 0.        , 0.        , 0.        ,
       3.84900179, 0.        , 0.        , 0.        , 0.        ,
       0.        , 1.9245009 , 0.        , 0.        , 1.9245009 ,
       0.        , 1.9245009 , 0.        , 0.        , 0.        ,
       0.        , 0.        , 1.9245009 ]))"
A	10	ALA	"(array([0.8, 0.8, 0.9, 0.9, 1. , 1. , 1.1, 1.1, 1.2, 1.2, 1.3, 1.3, 1.4,
       1.4, 1.5, 1.5, 1.6, 1.6, 1.7, 1.7, 1.8, 1.8, 1.9, 1.9, 2. , 2. ,
       2.1, 2.1, 2.2, 2.2, 2.3, 2.3, 2.4, 2.4, 2.5]), array([0.        , 4.44444444, 0.        , 0.        , 0.        ,
       0.        , 0.        , 0.        , 0.        , 0.        ,
       0.        , 1.11111111, 0.        , 1.11111111, 0.        ,
       0.        , 0.        , 0.        , 0.        , 0.        ,
       0.        , 0.        , 0.        , 1.11111111, 0.        ,
       0.        , 0.        , 0.        , 0.        , 1.11111111,
       0.        , 0.        , 0.        , 1.11111111]), array([0.        , 3.84900179, 0.        , 0.        , 0.        ,
       0.        , 0.        , 0.        , 0.        , 0.        ,
       0.        , 1.9245009 , 0.        , 1.9245009 , 0.        ,
       0.        , 0.        , 0.        , 0.        , 0.        ,
       0.        , 0.        , 0.        , 1.9245009 , 0.        ,
       0.        , 0.        , 0.        , 0.        , 1.9245009 ,
       0.        , 0.        , 0.        , 1.9245009 ]))"	"(array([0. , 0.1, 0.1, 0.2, 0.2, 0.3, 0.3, 0.4, 0.4, 0.5, 0.5, 0.6, 0.6,
       0.7, 0.7, 0.8, 0.8, 0.9, 0.9, 1. , 1. , 1.1, 1.1, 1.2, 1.2, 1.3,
       1.3, 1.4, 1.4, 1.5, 1.5, 1.6, 1.6, 1.7, 1.7, 1.8, 1.8, 1.9, 1.9,
       2. ]), array([1.11111111, 0.        , 0.        , 0.        , 0.        ,
       0.        , 0.        , 0.        , 0.        , 0.        ,
       0.        , 0.        , 1.11111111, 0.        , 0.        ,
       0.        , 1.11111111, 0.        , 0.        , 0.        ,
       1.11111111, 0.        , 0.        , 0.        , 0.        ,
       0.        , 0.        , 0.        , 1.11111111, 0.        ,
       1.11111111, 0.        , 0.        , 0.        , 1.11111111,
       0.        , 0.        , 0.        , 2.22222222]), array([1.9245009, 0.       , 0.       , 0.       , 0.       , 0.       ,
       0.       , 0.       , 0.       , 0.       , 0.       , 0.       ,
       1.9245009, 0.       , 0.       , 0.       , 1.9245009, 0.       ,
       0.       , 0.       , 1.9245009, 0.       , 0.       , 0.       ,
       0.       , 0.       , 0.       , 0.       , 1.9245009, 0.       ,
       1.9245009, 0.       , 0.       , 0.       , 1.9245009, 0.       ,
       0.       , 0.       , 1.9245009]))"	"(array([0.2, 0.2, 0.3, 0.3, 0.4, 0.4, 0.5, 0.5, 0.6, 0.6, 0.7, 0.7, 0.8,
       0.8, 0.9, 0.9, 1. , 1. , 1.1, 1.1, 1.2, 1.2, 1.3, 1.3, 1.4, 1.4,
       1.5, 1.5, 1.6, 1.6, 1.7, 1.7, 1.8, 1.8, 1.9, 1.9, 2. , 2. , 2.1,
       2.1, 2.2, 2.2, 2.3, 2.3, 2.4]), array([0.        , 1.11111111, 0.        , 0.        , 0.        ,
       2.22222222, 0.        , 0.        , 0.        , 0.        ,
       0.        , 1.11111111, 0.        , 1.11111111, 0.        ,
       0.        , 0.        , 0.        , 0.        , 1.11111111,
       0.        , 0.        , 0.        , 0.        , 0.        ,
       0.        , 0.        , 0.        , 0.        , 0.        ,
       0.        , 1.11111111, 0.        , 0.        , 0.        ,
       0.        , 0.        , 1.11111111, 0.        , 0.        ,
       0.        , 0.        , 0.        , 1.11111111]), array([0.       , 1.9245009, 0.       , 0.       , 0.       , 1.9245009,
       0.       , 0.       , 0.       , 0.       , 0.       , 1.9245009,
       0.       , 1.9245009, 0.       , 0.       , 0.       , 0.       ,
       0.       , 1.9245009, 0.       , 0.       , 0.       , 0.       ,
       0.       , 0.       , 0.       , 0.       , 0.       , 0.       ,
       0.       , 1.9245009, 0.       , 0.       , 0.       , 0.       ,
       0.       , 1.9245009, 0.       , 0.       , 0.       , 0.       ,
       0.       , 1.9245009]))"
