rgn	WT.pcca2	WT.pcca2	bN82A.pcca2	bN82A.pcca2	aT41A.pcca1	aT41A.pcca1
	mf	sf	mf	sf	mf	sf
A110b	0.0000	0.0000	0.0000	0.0000	0.0000	0.0000
A110s	0.0000	0.0000	0.0000	0.0000	0.0000	0.0000
A117b	0.0000	0.0000	0.0000	0.0000	0.0000	0.0000
A117s	0.0000	0.0000	0.0000	0.0000	0.0000	0.0000
K102b	0.0000	0.0000	0.0000	0.0000	0.0000	0.0000
K102s	0.0000	0.0000	0.0000	0.0000	0.0000	0.0000
K106b	0.0000	0.0000	0.0000	0.0000	0.0000	0.0000
K106s	0.0000	0.0000	0.0000	0.0000	0.0000	0.0000
L113b	0.0000	0.0000	0.0000	0.0000	0.0000	0.0000
L113s	0.0000	0.0000	0.0000	0.0000	0.0000	0.0000
L114b	0.0000	0.0000	0.0000	0.0000	0.0000	0.0000
L114s	0.0000	0.0000	0.0000	0.0000	0.0000	0.0000
L118b	0.0000	0.0000	0.0000	0.0000	0.0000	0.0000
L118s	0.0000	0.0000	0.0000	0.0000	0.0000	0.0000
M109b	0.0000	0.0000	0.0000	0.0000	0.0000	0.0000
M109s	0.0000	0.0000	0.0000	0.0000	0.0000	0.0000
M115b	0.0000	0.0000	0.0000	0.0000	0.0000	0.0000
M115s	0.0000	0.0000	0.0000	0.0000	0.0000	0.0000
M120b	0.0000	0.0000	0.0000	0.0000	0.0000	0.0000
M120s	0.0000	0.0000	0.0000	0.0000	0.0000	0.0000
MHCII	0.1576	0.0033	0.1492	0.0100	0.1419	0.0123
P103b	0.0000	0.0000	0.0000	0.0000	0.1111	0.1925
P103s	0.0000	0.0000	0.0000	0.0000	0.1111	0.1925
P112b	0.0000	0.0000	0.0000	0.0000	0.0000	0.0000
P112s	0.0000	0.0000	0.0000	0.0000	0.0000	0.0000
P119b	0.0000	0.0000	0.0000	0.0000	0.0000	0.0000
P119s	0.0000	0.0000	0.0000	0.0000	0.0000	0.0000
Q116b	0.0000	0.0000	0.0000	0.0000	0.0000	0.0000
Q116s	0.0000	0.0000	0.0000	0.0000	0.0000	0.0000
R108b	0.0000	0.0000	0.0000	0.0000	0.0000	0.0000
R108s	0.0000	0.0000	0.0000	0.0000	0.0000	0.0000
S105b	0.0000	0.0000	0.0000	0.0000	0.1111	0.1925
S105s	0.0000	0.0000	0.0000	0.0000	0.1111	0.1925
T111b	0.0000	0.0000	0.0000	0.0000	0.0000	0.0000
T111s	0.0000	0.0000	0.0000	0.0000	0.0000	0.0000
V104b	0.0000	0.0000	0.0000	0.0000	0.1111	0.1925
V104s	0.0000	0.0000	0.0000	0.0000	0.1111	0.1925
W107b	0.0000	0.0000	0.0000	0.0000	0.0000	0.0000
W107s	0.0000	0.0000	0.0000	0.0000	0.0000	0.0000
