rgn	WT.pcca2	WT.pcca2	bN82A.pcca2	bN82A.pcca2	aT41A.pcca1	aT41A.pcca1
	mf	sf	mf	sf	mf	sf
a1_0	0.5942	0.2927	0.6560	0.1925	0.9576	0.4643
a1_1	1.2634	0.0459	0.8745	0.1224	0.8662	0.0914
a1_10	1.7878	0.3538	2.0504	0.3620	1.8307	0.4764
a1_11	1.7431	0.2662	1.6899	0.0723	1.5936	0.4555
a1_12	1.1079	0.1505	1.2377	0.1419	1.2394	0.0767
a1_13	1.9686	0.1609	2.1602	0.2902	2.2023	0.1567
a1_14	2.9451	0.1815	2.9171	0.0328	2.8870	0.0719
a1_15	2.1839	0.1642	1.9575	0.1582	1.9905	0.1377
a1_16	0.5903	0.1894	0.5862	0.1339	0.9400	0.3669
a1_17	2.4935	0.2825	2.6601	0.1583	2.8585	0.1662
a1_18	2.8500	0.2412	3.0638	0.0077	3.0777	0.0458
a1_19	2.8929	0.1634	2.9790	0.1030	2.9457	0.1762
a1_2	0.1983	0.0791	0.2064	0.1138	0.3140	0.2066
a1_20	2.9511	0.0300	2.9787	0.0881	2.9781	0.0464
a1_21	3.0101	0.1147	2.9870	0.0600	2.9945	0.0522
a1_22	2.9780	0.1260	2.8513	0.0691	2.8881	0.0996
a1_23	2.9564	0.1758	3.0453	0.0394	3.0943	0.0572
a1_24	2.1370	0.2872	2.1466	0.1117	2.0788	0.1343
a1_25	2.1462	0.1316	2.1275	0.1077	2.0972	0.1480
a1_26	2.5741	0.1896	2.8710	0.0166	2.8390	0.1737
a1_27	2.1021	0.0954	2.0325	0.0442	2.0664	0.0970
a1_3	0.4650	0.0783	0.4505	0.0357	0.4879	0.0621
a1_4	2.1222	0.1275	2.2248	0.0747	2.2399	0.1556
a1_5	0.7612	0.3641	0.6967	0.1337	0.5600	0.1745
a1_6	0.4629	0.2686	0.5293	0.2398	0.5769	0.0716
a1_7	0.4149	0.1280	0.4946	0.0526	0.4432	0.0516
a1_8	2.0851	0.1685	2.2419	0.1964	2.2382	0.2568
a1_9	0.9257	0.1745	0.7661	0.2663	0.8429	0.2784
a2_0	0.8555	0.1888	1.0296	0.1107	0.9983	0.2115
a2_1	0.5115	0.1632	0.8422	0.2355	0.8622	0.1186
a2_10	0.5065	0.1995	0.5762	0.2016	0.6740	0.1262
a2_11	0.9280	0.3430	0.7481	0.2310	0.9145	0.0673
a2_12	1.5363	0.2575	1.2558	0.3696	1.4157	0.2168
a2_13	2.0314	0.3132	1.7272	0.0523	1.8741	0.0125
a2_14	1.9500	0.2379	1.9405	0.3369	1.9944	0.1785
a2_15	1.4020	0.3795	1.5185	0.4701	1.2537	0.5041
a2_16	2.3025	0.2049	2.2097	0.3131	2.1604	0.2165
a2_17	2.0307	0.2172	2.0381	0.2342	2.1317	0.0990
a2_18	2.3667	0.1502	2.2282	0.3376	2.0824	0.2403
a2_19	0.3932	0.0779	0.3589	0.1139	0.4134	0.1528
a2_2	2.2597	0.0811	2.2513	0.2154	2.1496	0.2921
a2_20	0.6798	0.0852	0.5069	0.1617	0.6776	0.1876
a2_21	1.1224	0.0906	1.0760	0.0770	1.1590	0.0940
a2_22	1.4000	0.1668	1.6175	0.1286	1.3683	0.1124
a2_23	1.8503	0.2658	1.6894	0.2694	1.6129	0.2755
a2_24	0.3166	0.1172	0.4070	0.1558	0.3314	0.1229
a2_25	1.2406	0.2347	1.1992	0.1618	1.2844	0.1506
a2_26	1.5585	0.3500	1.2739	0.2003	1.5871	0.2778
a2_27	2.0098	0.2436	2.0617	0.2060	2.2903	0.3270
a2_28	1.8555	0.2991	1.6521	0.1486	1.9530	0.2568
a2_29	0.9081	0.4162	0.9358	0.2463	1.0193	0.5183
a2_3	2.0915	0.2460	1.9262	0.4350	2.0675	0.2246
a2_30	1.0732	0.0758	0.8644	0.2100	0.8228	0.1852
a2_31	1.3337	0.2028	1.6139	0.3756	1.7424	0.3304
a2_32	1.9547	1.0148	1.6288	0.9948	0.8986	0.7550
a2_4	1.9925	0.1478	2.2265	0.0456	2.0917	0.0202
a2_5	1.1601	0.1276	1.0433	0.1558	1.1026	0.1372
a2_6	0.7897	0.3239	0.9369	0.0806	1.2198	0.1387
a2_7	0.6593	0.0720	0.5846	0.1999	0.7497	0.0926
a2_8	1.3950	0.1235	1.6139	0.1747	1.3578	0.1281
a2_9	1.7921	0.2955	2.0680	0.1299	1.7584	0.3685
b1_0	2.0381	0.0513	2.1817	0.0454	1.8180	0.2005
b1_1	0.7072	0.3462	0.6195	0.1187	0.5664	0.1187
b1_10	1.8417	0.1482	1.6840	0.2242	1.7938	0.1905
b1_11	0.6992	0.0604	0.6938	0.2696	0.5397	0.1340
b1_12	1.4880	0.2703	1.4162	0.2260	1.6146	0.2154
b1_13	2.1398	0.5345	1.8762	0.1906	2.1855	0.3702
b1_14	1.1365	0.0844	1.0422	0.0791	1.1051	0.1669
b1_15	1.5994	0.0984	1.3286	0.3236	1.1881	0.2984
b1_16	2.6876	0.1167	2.7693	0.0922	2.7303	0.0368
b1_17	2.8926	0.0196	2.9068	0.0304	2.8431	0.1561
b1_18	2.8802	0.0517	2.7543	0.1225	2.6867	0.2723
b1_19	2.8615	0.2336	2.6336	0.1500	2.6688	0.3624
b1_2	0.3380	0.0642	0.2509	0.0291	0.4420	0.0665
b1_20	2.8734	0.1734	2.6530	0.0233	2.3152	0.3721
b1_21	2.7755	0.1178	3.0012	0.0901	2.9406	0.0928
b1_22	3.0052	0.0508	3.0148	0.0143	2.8299	0.1707
b1_23	2.9231	0.2810	2.9878	0.2278	2.6033	0.1532
b1_24	1.9159	0.3846	2.3752	0.0712	2.5210	0.2719
b1_25	2.9210	0.3352	2.6387	0.4186	2.7886	0.3506
b1_26	2.8978	0.1016	2.4650	0.5315	2.3857	0.7439
b1_27	2.7021	0.0887	2.6193	0.2865	2.3947	0.5087
b1_28	1.9095	0.5393	2.0775	0.0774	1.9280	0.5131
b1_29	2.2744	0.1855	1.8372	0.3865	2.1380	0.3455
b1_3	1.0552	0.2388	1.1219	0.1935	0.4443	0.1762
b1_4	1.0231	0.4800	1.0027	0.4035	0.6240	0.2102
b1_5	2.0726	0.3426	1.7324	0.3836	1.6014	0.1741
b1_6	1.0779	0.5028	1.6494	0.1742	1.7283	0.3837
b1_7	0.9782	0.0385	0.6178	0.1435	0.7033	0.2518
b1_8	0.8955	0.1736	0.9053	0.2510	0.6469	0.0427
b1_9	0.4120	0.2573	0.3870	0.0914	0.5090	0.1999
b2_0	1.0798	0.1173	1.1892	0.2078	1.1070	0.1191
b2_1	1.6109	0.3106	1.5779	0.1183	1.6215	0.2858
b2_10	2.7151	0.1487	2.9292	0.1659	2.9931	0.0946
b2_11	0.6447	0.1774	0.5307	0.2354	0.6493	0.0571
b2_12	0.6836	0.2199	0.8661	0.2715	0.5969	0.1820
b2_13	1.2746	0.2025	1.3202	0.3470	1.0991	0.1099
b2_14	1.6232	0.0705	1.8699	0.1666	1.8103	0.3043
b2_15	1.6936	0.0366	1.4578	0.3597	1.5267	0.3782
b2_16	0.9493	0.3500	1.2852	0.2295	1.1218	0.4050
b2_17	1.7786	0.4512	2.4425	0.1391	2.1681	0.4637
b2_18	1.3498	0.2826	1.4939	0.4151	1.4638	0.1280
b2_19	1.4885	0.2663	1.1002	0.1633	1.3463	0.1705
b2_2	0.2967	0.1691	0.2609	0.0654	0.3002	0.2063
b2_20	0.8251	0.0926	0.5498	0.2265	0.6666	0.1523
b2_21	0.2494	0.0504	0.3113	0.1468	0.3050	0.1273
b2_22	1.1215	0.0365	1.0467	0.0552	1.1622	0.0729
b2_23	2.5688	0.1979	2.7052	0.3284	2.8501	0.0472
b2_24	2.1247	0.4656	2.3142	0.4728	2.1252	0.2231
b2_25	1.4224	0.1641	1.5797	0.0925	1.3918	0.3033
b2_26	0.7541	0.0226	0.9546	0.0805	0.6674	0.0288
b2_27	0.5405	0.3112	0.6073	0.1287	0.5016	0.0715
b2_28	2.1345	0.0349	2.1783	0.0924	2.1244	0.0708
b2_29	2.0224	0.1248	2.0866	0.1366	1.8327	0.2519
b2_3	1.1999	0.1541	1.5076	0.4726	1.2749	0.2439
b2_30	0.8619	0.3079	0.7733	0.0195	0.7883	0.2376
b2_31	0.9160	0.0871	0.9207	0.1033	0.7982	0.1372
b2_4	1.6316	0.1277	1.5797	0.0213	2.0360	0.1199
b2_5	2.0335	0.2893	1.6147	0.2959	1.8071	0.4081
b2_6	1.1724	0.0705	0.8637	0.5328	0.8151	0.3078
b2_7	1.1769	0.2859	1.0524	0.1076	0.7682	0.4351
b2_8	0.4697	0.0405	0.5549	0.1162	0.3387	0.1210
b2_9	1.6311	0.1057	1.6411	0.1003	1.4972	0.2653
c2_0	1.8912	0.0731	2.5505	0.2160	3.0529	0.0864
c2_1	1.3094	0.6088	1.4742	0.2676	0.9264	0.3335
c2_2	1.5107	0.3603	1.2136	0.1737	1.2183	0.2363
c2_3	1.9530	0.0404	2.0693	0.3066	2.1759	0.2863
c2_4	2.4811	0.1913	2.0746	0.1457	2.1651	0.1669
c2_5	2.6306	0.3902	2.0635	0.5092	1.6068	0.4073
c2_6	2.4071	0.4953	2.0775	0.0918	2.1448	0.1093
