rgn	WT.pcca2	WT.pcca2	bN82A.pcca2	bN82A.pcca2	aT41A.pcca1	aT41A.pcca1
	mf	sf	mf	sf	mf	sf
a1_0	-0.8437	0.3704	-0.8061	0.5310	-0.3218	0.1798
a1_1	-1.7826	0.1750	-0.6507	0.2911	-0.0118	0.4128
a1_10	-0.9886	0.5485	-1.4765	0.3342	-1.4324	1.0487
a1_11	-1.0045	0.2099	-1.5492	0.1725	-1.1296	0.2831
a1_12	-0.8891	0.5257	-0.7751	0.3227	-0.7771	1.0897
a1_13	-1.5887	0.5842	-0.7802	0.4240	-1.1582	0.3405
a1_14	-1.3923	0.7715	-1.4562	0.5901	-1.0092	0.4785
a1_15	0.1028	0.5491	-0.4183	0.8068	-0.0369	0.7151
a1_16	0.0547	1.2202	-0.2657	0.5676	-0.8462	1.5032
a1_17	-1.0609	0.5500	-0.8308	0.8628	-0.7898	0.7337
a1_18	-1.9343	0.4517	-1.1477	0.8051	-0.8928	0.6456
a1_19	-0.9347	0.1071	-0.7616	0.4337	-0.7910	0.5382
a1_2	1.2178	0.0780	1.1525	0.0575	1.1735	0.0406
a1_20	-1.4105	1.1767	-1.3831	0.5522	-1.4126	1.1081
a1_21	-1.7428	0.3754	-0.5537	0.5673	0.1218	0.5687
a1_22	-0.8694	1.2363	-1.5181	1.0242	-1.3156	0.2602
a1_23	-0.6532	0.6399	-0.5182	0.4933	-1.0887	0.4470
a1_24	-1.5940	0.1829	-1.2520	0.3583	-1.1994	0.5820
a1_25	-0.6212	0.1166	-0.4767	0.0540	-0.4657	0.0855
a1_26	-1.3490	0.4600	-1.8304	0.4116	-1.5327	0.6259
a1_27	-0.3277	1.3120	-0.1205	0.1515	-0.5736	0.4129
a1_3	-0.3687	0.2425	-1.3605	0.3776	-0.6291	1.2754
a1_4	-0.5181	0.2816	-0.5292	0.0166	-0.6551	0.0671
a1_5	-1.0020	0.4018	-1.0342	0.4175	-0.9518	0.5136
a1_6	0.0646	0.6326	-0.4292	0.7957	-0.2543	0.6130
a1_7	-1.0385	0.5376	-0.4097	0.2268	-0.8771	0.0713
a1_8	-1.8128	1.1341	-2.0677	0.6554	-1.8690	0.9374
a1_9	0.7318	0.2379	0.6741	0.2294	0.5577	0.4765
a2_0	-1.1902	0.6652	-1.4523	0.5797	-0.8549	0.5686
a2_1	0.6287	0.6592	0.2871	0.3580	0.2985	0.1807
a2_10	-1.1984	0.8186	-0.9024	0.7444	-0.4208	1.5753
a2_11	-1.0633	0.6819	-0.9413	0.4610	-0.8846	1.0298
a2_12	-0.9318	0.5314	-1.2962	0.1914	-0.8993	0.7365
a2_13	-0.0864	0.1861	0.1495	0.4823	0.1719	0.4336
a2_14	-0.1036	1.0784	0.0402	0.2768	-0.9645	0.4034
a2_15	-0.2974	0.0564	0.2474	0.3181	-0.0749	0.5671
a2_16	-1.1187	0.0755	-0.9438	0.5057	-0.9942	0.4737
a2_17	-0.7803	0.2838	-0.7827	0.0626	-0.7839	0.1533
a2_18	-0.3078	0.0297	-0.2713	0.0345	-0.2305	0.0909
a2_19	-0.0845	1.4221	0.3708	0.9714	-0.0722	0.6152
a2_2	-1.3623	0.1408	-0.6588	0.9228	-0.8889	1.0991
a2_20	-1.6356	0.0576	-1.6170	0.0216	-1.6144	0.0243
a2_21	0.8299	0.6436	1.2195	0.2549	1.1387	0.4775
a2_22	-0.1579	0.4974	-0.1976	0.5822	-0.6839	0.2533
a2_23	-0.4018	0.0664	-0.2507	0.3764	-0.1955	0.3534
a2_24	-1.0583	0.0805	-1.0503	0.0792	-1.1116	0.0226
a2_25	-0.6744	0.6704	-1.0423	1.7037	0.5600	1.0364
a2_26	-0.7544	0.8837	0.0847	1.5282	-1.4364	1.0386
a2_27	-1.7451	0.6308	-1.1913	0.6850	-1.1600	0.9081
a2_28	-0.4921	0.2678	-0.6160	0.2475	-0.6353	0.6153
a2_29	-2.1820	0.7135	-1.7740	0.5580	-1.6659	0.8405
a2_3	-0.7146	0.1776	-1.3993	0.6108	-0.8981	0.7314
a2_30	-0.8885	0.6529	-0.9351	0.0525	-1.1099	0.1527
a2_31	0.2671	1.1707	-0.5106	0.9835	-1.0287	0.4959
a2_32	-0.8207	0.1720	-1.0922	0.1155	-0.7487	0.5644
a2_4	-1.2419	0.2184	-0.9232	0.4454	-0.5041	0.3716
a2_5	-0.6248	0.2354	-1.1771	1.1130	-1.0376	0.1912
a2_6	-0.3716	0.6134	-0.8187	0.4201	0.1317	0.4857
a2_7	-0.8271	0.3548	-0.7857	0.2233	-1.2791	0.3900
a2_8	-0.4688	0.0643	-0.4813	0.1058	-0.3974	0.0299
a2_9	-0.1002	0.7651	-0.3750	0.0999	-0.5594	0.0828
b1_0	-0.6892	0.7148	-0.7513	0.1237	-0.8919	0.2323
b1_1	1.3022	0.4125	1.0605	0.0202	0.3934	0.7162
b1_10	-1.2728	0.3170	-1.7809	0.5549	-1.4653	0.1411
b1_11	0.6410	0.2694	0.0030	0.8365	0.2615	0.4942
b1_12	0.4977	0.5836	0.2458	0.7603	-0.1461	1.2032
b1_13	-1.5776	1.1931	-1.5589	0.7070	-1.3348	0.9924
b1_14	-1.0153	0.1531	-1.0118	0.4145	-0.8644	0.4531
b1_15	-0.3283	0.5411	0.0595	0.4017	-1.0651	0.7600
b1_16	-1.6034	0.3641	-1.5088	0.6163	-1.1740	0.9204
b1_17	-1.3473	0.1585	-0.9016	0.4865	-0.8783	0.5093
b1_18	-0.2262	0.4812	-0.0228	2.0436	-1.3214	0.5814
b1_19	-1.1895	0.4792	-1.1779	0.3274	-0.8268	0.1291
b1_2	-0.7050	0.9554	-0.7615	1.0213	-0.2567	0.9100
b1_20	-1.3470	0.3012	-1.2588	0.1962	-1.5744	0.4588
b1_21	-0.9551	0.2604	-0.4087	0.4835	-2.2725	1.1380
b1_22	-1.2572	0.1507	-1.3547	0.4956	-1.2968	0.7547
b1_23	0.6964	0.9279	0.1230	1.2536	-0.1286	1.0163
b1_24	0.7820	0.3623	0.3578	0.3401	-0.0161	0.2349
b1_25	-1.6959	0.3387	-2.0126	0.7358	-1.5572	0.1762
b1_26	-0.6238	0.5703	1.1224	1.0196	0.3263	0.1795
b1_27	-0.4408	0.7371	-1.0068	0.6387	-0.9738	0.8376
b1_28	-0.1792	0.2140	0.0798	0.3557	-0.2071	0.0979
b1_29	-0.6997	0.6878	-1.0125	0.5551	-1.3865	0.2001
b1_3	-0.7674	0.3318	-1.1358	1.1267	-0.8938	0.2406
b1_4	-0.1066	0.4052	-0.1520	0.4777	0.0101	0.6679
b1_5	0.2088	0.6620	0.6614	0.6406	-0.1708	0.6915
b1_6	-1.4920	0.4651	-0.2884	0.1836	-0.8327	0.3375
b1_7	0.4871	1.4019	1.0679	0.8093	-0.4758	0.1121
b1_8	0.0914	0.3653	-0.0976	0.6506	-0.3731	1.1188
b1_9	0.0912	0.3950	-0.3481	0.6823	-0.9657	1.2369
b2_0	-0.6519	0.2786	-1.1295	0.5026	-0.9708	0.1622
b2_1	-0.4713	1.0128	-0.6242	0.3025	-0.8733	0.5962
b2_10	-0.1620	0.2353	-0.0379	0.0422	-0.1987	0.0602
b2_11	-1.7781	1.0705	-1.7080	0.3633	-2.1279	0.6848
b2_12	-0.9806	0.0721	-1.1466	0.2015	-1.1754	0.3114
b2_13	-0.7122	0.8543	-1.3939	0.7226	-0.3291	1.1877
b2_14	-0.9874	0.6681	-1.3605	0.6925	-1.1796	0.8976
b2_15	-0.1149	1.3192	-0.4771	0.1222	-0.9038	1.0212
b2_16	-0.6131	0.4708	-1.2357	0.4928	0.7859	0.6475
b2_17	-0.0470	0.8099	-0.7772	0.7059	0.7141	0.5453
b2_18	-0.4750	0.9469	-0.6100	0.2671	-0.6934	0.3892
b2_19	-1.1174	0.9614	-1.4299	0.5597	-2.0091	0.0120
b2_2	0.3154	0.4279	0.0396	0.2207	0.5220	0.5539
b2_20	0.1494	0.0818	-0.3893	0.1989	-0.0722	0.0435
b2_21	-0.9380	0.2006	-1.7423	0.4352	-1.5136	0.1237
b2_22	0.1858	0.3918	-0.2807	0.4036	0.0160	0.0916
b2_23	0.4642	0.5664	-0.1335	0.5864	0.3766	0.5523
b2_24	0.0036	0.5504	-0.4199	0.9010	-0.5400	0.5688
b2_25	-0.8606	0.7392	-1.1248	0.5835	-1.1767	0.5182
b2_26	-1.2669	0.3467	-0.5494	0.3186	-0.7034	0.2922
b2_27	-1.5511	0.1622	-1.0521	0.6306	-1.2565	0.2630
b2_28	-1.1949	0.1237	-0.6951	0.0349	-0.7679	0.3273
b2_29	-0.2767	0.4730	0.2531	0.0990	0.1812	0.5923
b2_3	-0.1000	0.3170	0.4997	0.2316	0.1347	0.3769
b2_30	-0.5772	0.3577	0.3549	0.6128	-0.4611	0.4588
b2_31	-1.1597	0.4135	-1.3420	0.7249	-1.3146	0.8803
b2_4	-0.2783	0.1089	-0.1551	0.1374	-0.1514	0.0805
b2_5	-1.3829	0.3794	-1.8470	0.2487	-1.1835	0.5221
b2_6	0.0425	0.6213	0.5061	0.6653	0.5394	1.0017
b2_7	-1.8323	0.7900	-1.7484	0.4404	-1.6129	1.1528
b2_8	-1.4312	0.2000	-1.0799	0.2710	-1.4034	0.6858
b2_9	-0.9270	0.0913	-0.9764	0.0973	-0.9360	0.0782
c2_0	-0.2025	0.3074	-0.7035	0.6030	-0.4430	0.2925
c2_1	-1.0848	0.5622	-1.2400	0.7659	-0.8471	0.8212
c2_2	-1.0770	0.9159	-0.9660	0.5564	-1.0630	0.0653
c2_3	-0.0253	0.4169	0.5269	0.1694	0.3995	0.3333
c2_4	-1.3722	0.6751	-1.5140	0.2253	-1.4935	0.3479
c2_5	-0.8847	0.7420	-0.5965	0.3531	-1.0976	0.2037
c2_6	-0.3496	0.2267	-0.4365	0.6056	-0.4063	0.9174
