rgn	WT.pcca2	WT.pcca2	bN82A.pcca2	bN82A.pcca2	aT41A.pcca1	aT41A.pcca1
	mf	sf	mf	sf	mf	sf
a1_0	0.0000	0.0000	0.0000	0.0000	0.0000	0.0000
a1_1	0.0000	0.0000	0.0000	0.0000	0.0000	0.0000
a1_10	0.0000	0.0000	0.0000	0.0000	0.0000	0.0000
a1_11	0.0000	0.0000	0.0000	0.0000	0.0000	0.0000
a1_12	0.0000	0.0000	0.0000	0.0000	0.0000	0.0000
a1_13	0.0000	0.0000	0.0000	0.0000	0.0000	0.0000
a1_14	0.5556	0.1111	0.7037	0.1283	0.4815	0.3395
a1_15	0.4074	0.2313	0.5185	0.0642	0.4074	0.1697
a1_16	0.0000	0.0000	0.0000	0.0000	0.0000	0.0000
a1_17	0.4815	0.0642	0.5926	0.0642	0.5926	0.1283
a1_18	1.0000	0.0000	1.0000	0.0000	1.0000	0.0000
a1_19	0.8889	0.1925	1.0000	0.0000	1.0000	0.0000
a1_2	0.0000	0.0000	0.0000	0.0000	0.0000	0.0000
a1_20	1.0000	0.0000	1.0000	0.0000	1.0000	0.0000
a1_21	1.0000	0.0000	1.0000	0.0000	1.0000	0.0000
a1_22	1.0000	0.0000	1.0000	0.0000	1.0000	0.0000
a1_23	1.0000	0.0000	1.0000	0.0000	1.0000	0.0000
a1_24	0.3333	0.0000	0.3333	0.0000	0.3333	0.0000
a1_25	0.0000	0.0000	0.0000	0.0000	0.0000	0.0000
a1_26	0.0000	0.0000	0.0000	0.0000	0.0000	0.0000
a1_27	0.0000	0.0000	0.0000	0.0000	0.0000	0.0000
a1_3	0.0000	0.0000	0.0000	0.0000	0.0000	0.0000
a1_4	0.0000	0.0000	0.0000	0.0000	0.0000	0.0000
a1_5	0.0000	0.0000	0.0000	0.0000	0.0000	0.0000
a1_6	0.0000	0.0000	0.0000	0.0000	0.0000	0.0000
a1_7	0.0000	0.0000	0.0000	0.0000	0.0000	0.0000
a1_8	0.0000	0.0000	0.0000	0.0000	0.0000	0.0000
a1_9	0.0000	0.0000	0.0000	0.0000	0.0000	0.0000
a2_0	0.0000	0.0000	0.0000	0.0000	0.0000	0.0000
a2_1	0.0000	0.0000	0.0000	0.0000	0.0000	0.0000
a2_10	0.0000	0.0000	0.0000	0.0000	0.0000	0.0000
a2_11	0.0000	0.0000	0.0000	0.0000	0.0000	0.0000
a2_12	0.0000	0.0000	0.0000	0.0000	0.0000	0.0000
a2_13	0.0000	0.0000	0.0000	0.0000	0.0000	0.0000
a2_14	0.0000	0.0000	0.0000	0.0000	0.0000	0.0000
a2_15	0.0000	0.0000	0.0000	0.0000	0.0000	0.0000
a2_16	0.0000	0.0000	0.0000	0.0000	0.0000	0.0000
a2_17	0.0000	0.0000	0.0000	0.0000	0.0000	0.0000
a2_18	0.0000	0.0000	0.0000	0.0000	0.0000	0.0000
a2_19	0.0000	0.0000	0.0000	0.0000	0.0000	0.0000
a2_2	0.0000	0.0000	0.0000	0.0000	0.0000	0.0000
a2_20	0.0000	0.0000	0.0000	0.0000	0.0000	0.0000
a2_21	0.0000	0.0000	0.0000	0.0000	0.0000	0.0000
a2_22	0.0000	0.0000	0.0000	0.0000	0.0000	0.0000
a2_23	0.0000	0.0000	0.0000	0.0000	0.0000	0.0000
a2_24	0.0000	0.0000	0.0000	0.0000	0.0000	0.0000
a2_25	0.0000	0.0000	0.0000	0.0000	0.0000	0.0000
a2_26	0.0000	0.0000	0.0000	0.0000	0.0000	0.0000
a2_27	0.0000	0.0000	0.0000	0.0000	0.0000	0.0000
a2_28	0.0000	0.0000	0.0000	0.0000	0.0000	0.0000
a2_29	0.0000	0.0000	0.0000	0.0000	0.0000	0.0000
a2_3	0.0000	0.0000	0.0000	0.0000	0.0000	0.0000
a2_30	0.0000	0.0000	0.0000	0.0000	0.0000	0.0000
a2_31	0.0000	0.0000	0.0000	0.0000	0.0000	0.0000
a2_32	0.0000	0.0000	0.0000	0.0000	0.0000	0.0000
a2_4	0.0000	0.0000	0.0000	0.0000	0.0000	0.0000
a2_5	0.0000	0.0000	0.0000	0.0000	0.0000	0.0000
a2_6	0.0000	0.0000	0.0000	0.0000	0.0000	0.0000
a2_7	0.0000	0.0000	0.0000	0.0000	0.0000	0.0000
a2_8	0.0000	0.0000	0.0000	0.0000	0.0000	0.0000
a2_9	0.0000	0.0000	0.0000	0.0000	0.0000	0.0000
b1_0	0.0000	0.0000	0.0000	0.0000	0.0000	0.0000
b1_1	0.0000	0.0000	0.0000	0.0000	0.0000	0.0000
b1_10	0.0000	0.0000	0.0000	0.0000	0.0000	0.0000
b1_11	0.0000	0.0000	0.0000	0.0000	0.0000	0.0000
b1_12	0.0000	0.0000	0.0000	0.0000	0.0000	0.0000
b1_13	0.0000	0.0000	0.0000	0.0000	0.0000	0.0000
b1_14	0.0000	0.0000	0.0000	0.0000	0.0000	0.0000
b1_15	0.0000	0.0000	0.0000	0.0000	0.0000	0.0000
b1_16	0.7778	0.1925	0.6667	0.3333	0.4444	0.3849
b1_17	0.9259	0.1283	0.9259	0.1283	0.8148	0.1697
b1_18	1.0000	0.0000	1.0000	0.0000	1.0000	0.0000
b1_19	0.7037	0.3395	0.4815	0.1283	0.4444	0.2940
b1_2	0.0000	0.0000	0.0000	0.0000	0.0000	0.0000
b1_20	0.6667	0.0000	0.5926	0.1283	0.5926	0.1283
b1_21	1.0000	0.0000	1.0000	0.0000	1.0000	0.0000
b1_22	0.9630	0.0642	0.9630	0.0642	0.8519	0.2566
b1_23	0.9259	0.1283	0.7778	0.2222	0.7778	0.3849
b1_24	1.0000	0.0000	0.7037	0.2566	0.5556	0.1925
b1_25	0.9630	0.0642	0.7778	0.3849	1.0000	0.0000
b1_26	0.9630	0.0642	0.6296	0.3208	0.5926	0.5251
b1_27	0.9259	0.1283	0.7407	0.0642	0.6296	0.2566
b1_28	0.7778	0.1925	0.7778	0.1925	0.8148	0.1697
b1_29	0.0741	0.1283	0.1111	0.1925	0.0741	0.1283
b1_3	0.0000	0.0000	0.0000	0.0000	0.0000	0.0000
b1_4	0.0000	0.0000	0.0000	0.0000	0.0000	0.0000
b1_5	0.0000	0.0000	0.0000	0.0000	0.0000	0.0000
b1_6	0.0000	0.0000	0.0000	0.0000	0.0000	0.0000
b1_7	0.0000	0.0000	0.0000	0.0000	0.0000	0.0000
b1_8	0.0000	0.0000	0.0000	0.0000	0.0000	0.0000
b1_9	0.0000	0.0000	0.0000	0.0000	0.0000	0.0000
b2_0	0.0000	0.0000	0.0000	0.0000	0.0000	0.0000
b2_1	0.0000	0.0000	0.0000	0.0000	0.0000	0.0000
b2_10	0.0000	0.0000	0.0000	0.0000	0.0000	0.0000
b2_11	0.0000	0.0000	0.0000	0.0000	0.0000	0.0000
b2_12	0.0000	0.0000	0.0000	0.0000	0.0000	0.0000
b2_13	0.0000	0.0000	0.0000	0.0000	0.0000	0.0000
b2_14	0.0000	0.0000	0.0000	0.0000	0.0000	0.0000
b2_15	0.0000	0.0000	0.0000	0.0000	0.0000	0.0000
b2_16	0.0000	0.0000	0.0000	0.0000	0.0000	0.0000
b2_17	0.0000	0.0000	0.0000	0.0000	0.0000	0.0000
b2_18	0.0000	0.0000	0.0000	0.0000	0.0000	0.0000
b2_19	0.0000	0.0000	0.0000	0.0000	0.0000	0.0000
b2_2	0.0000	0.0000	0.0000	0.0000	0.0000	0.0000
b2_20	0.0000	0.0000	0.0000	0.0000	0.0000	0.0000
b2_21	0.0000	0.0000	0.0000	0.0000	0.0000	0.0000
b2_22	0.0000	0.0000	0.0000	0.0000	0.0000	0.0000
b2_23	0.0000	0.0000	0.0000	0.0000	0.0000	0.0000
b2_24	0.0000	0.0000	0.0000	0.0000	0.0000	0.0000
b2_25	0.0000	0.0000	0.0000	0.0000	0.0000	0.0000
b2_26	0.0000	0.0000	0.0000	0.0000	0.0000	0.0000
b2_27	0.0000	0.0000	0.0000	0.0000	0.0000	0.0000
b2_28	0.0000	0.0000	0.0000	0.0000	0.0000	0.0000
b2_29	0.0000	0.0000	0.0000	0.0000	0.0000	0.0000
b2_3	0.0000	0.0000	0.0000	0.0000	0.0000	0.0000
b2_30	0.0000	0.0000	0.0000	0.0000	0.0000	0.0000
b2_31	0.0000	0.0000	0.0000	0.0000	0.0000	0.0000
b2_4	0.0000	0.0000	0.0000	0.0000	0.0000	0.0000
b2_5	0.0000	0.0000	0.0000	0.0000	0.0000	0.0000
b2_6	0.0000	0.0000	0.0000	0.0000	0.0000	0.0000
b2_7	0.0000	0.0000	0.0000	0.0000	0.0000	0.0000
b2_8	0.0000	0.0000	0.0000	0.0000	0.0000	0.0000
b2_9	0.0000	0.0000	0.0000	0.0000	0.0000	0.0000
c2_0	0.0000	0.0000	0.0000	0.0000	0.0556	0.0962
c2_1	0.0000	0.0000	0.0000	0.0000	0.0741	0.1283
c2_2	0.0000	0.0000	0.0000	0.0000	0.0000	0.0000
c2_3	0.0000	0.0000	0.0000	0.0000	0.0000	0.0000
c2_4	0.0000	0.0000	0.0000	0.0000	0.0000	0.0000
c2_5	0.0000	0.0000	0.0000	0.0000	0.0000	0.0000
c2_6	0.0000	0.0000	0.0000	0.0000	0.0000	0.0000
