rgn	WT.pcca2	WT.pcca2	bN82A.pcca2	bN82A.pcca2	aT41A.pcca1	aT41A.pcca1
	mf	sf	mf	sf	mf	sf
a1_11	-0.4593	0.1499	0.5273	0.8056	0.3647	1.3305
a1_13	-1.7916	1.7420	-0.7328	1.6169	-0.6963	0.2351
a1_15	-1.4307	0.8725	-0.1395	1.2395	-0.9304	0.4912
a1_21	-1.5735	0.1590	0.3742	0.7117	-1.5012	0.6313
a1_23	0.8258	0.3340	0.1978	1.5272	0.1820	2.5002
a1_24	1.4508	1.2864	0.2672	2.3095	1.3303	1.4175
a2_11	0.1005	1.8341	-0.9250	2.0076	-0.6603	1.7996
a2_12	-0.5986	2.2685	-2.4405	0.6387	-0.1472	0.8075
a2_17	1.9940	0.1263	1.9586	0.0438	1.9170	0.1443
a2_19	0.6180	1.2184	0.9666	1.0301	1.1276	0.3548
a2_25	0.6209	1.9729	-0.7208	1.3703	0.7360	0.2641
a2_29	-1.1430	0.1555	-2.1861	0.9942	-0.6964	2.8074
a2_4	-0.6685	0.2692	-0.1411	1.3689	1.0842	0.6913
a2_7	0.7312	1.9874	-0.1577	2.3477	-2.6101	0.4234
b1_0	-0.4502	1.5550	-0.2010	1.0910	0.5853	1.4986
b1_11	1.5285	1.1706	1.4052	0.9614	0.6248	1.8235
b1_14	-1.8417	0.1230	-0.0851	1.3441	0.1354	2.3752
b1_17	-0.2395	1.2692	-1.0067	1.4626	0.0590	2.0937
b1_2	-0.2667	2.2895	0.3831	1.2203	-0.7436	0.2846
b1_20	-0.1289	2.3721	0.8270	0.1516	-0.8553	0.4074
b1_22	-0.3192	1.1497	-0.0389	1.0618	0.5517	1.0319
b1_25	0.7830	1.6365	1.0309	0.8814	-0.2024	1.7767
b1_29	1.0294	0.4784	1.2631	0.7723	0.6874	1.0580
b1_6	0.0712	2.7236	1.0771	0.4849	0.0463	1.1039
b1_7	-0.6503	1.8227	0.7212	2.5569	-0.9737	1.3216
b1_8	-0.9203	1.9909	0.5629	2.0669	-0.2831	2.7731
b2_0	1.0606	0.2101	-0.2684	0.9855	0.5461	0.8619
b2_1	0.6603	0.4695	0.6025	0.2390	-1.1820	1.5513
b2_12	0.8582	1.1431	-0.3366	1.9625	-1.9229	0.8911
b2_13	0.0418	2.5282	1.2159	1.1643	1.0490	0.7632
b2_15	-0.1813	1.7305	0.6072	0.4053	0.5167	0.7782
b2_24	-0.3567	1.9433	-0.0732	1.1111	-0.4658	2.5112
b2_3	-0.5292	2.6483	-0.9058	1.2963	-0.1012	0.1579
b2_31	-2.3096	0.2500	-1.5046	0.7859	-2.0967	0.7119
c2_0	-0.3921	1.3375	0.1041	2.7839	1.0847	1.9129
c2_1	-0.4171	1.1982	0.0127	0.8680	-0.5651	2.1835
c2_2	0.8325	1.9786	-0.0815	0.5308	0.5674	1.8275
