seg	res	rnm	WT.pcca2	WT.pcca2	bN82A.pcca2	bN82A.pcca2	aT41A.pcca1	aT41A.pcca1
			mf	sf	mf	sf	mf	sf
A	5	HIP	0.7103	0.4611	1.0233	0.4003	0.8952	0.6345
A	6	VAL	1.3704	0.2151	1.2535	0.2112	1.1195	0.3023
A	7	ILE	0.2342	0.3109	0.7167	0.2475	0.9058	0.2582
A	8	ILE	0.7878	0.3766	0.9227	0.0991	1.4445	0.4620
A	9	GLN	-0.0110	0.0703	0.3131	0.2549	0.1300	0.1706
A	10	ALA	1.4150	0.2693	1.2367	0.2796	1.1242	0.5779
A	11	GLH	2.0527	0.0766	2.0453	0.2439	2.0243	0.2218
A	12	PHE	2.0195	0.1703	2.0772	0.2353	2.0931	0.2729
A	13	TYR	1.9204	0.0839	1.6963	0.2724	1.6580	0.2989
A	14	LEU	0.8236	0.1084	1.0089	0.3341	0.6467	0.1747
A	15	ASN	0.6545	0.1726	0.8813	0.3012	0.8611	0.1553
A	16	PRO	0.1879	0.1403	0.5295	0.1961	0.3821	0.3333
A	17	ASP	1.0001	0.5553	1.0520	0.4068	0.9476	0.1556
A	18	GLN	2.2946	0.7495	2.3873	0.4071	2.1654	0.3269
A	19	SER	0.6880	0.6279	0.9084	0.1707	0.9266	0.1091
A	20	GLY	3.1256	0.1589	2.6012	0.3055	2.5034	0.2955
A	21	GLH	1.6986	0.0905	1.5562	0.6031	1.8649	0.4123
A	22	PHE	1.5246	0.5300	1.5574	0.2830	1.6681	0.3049
A	23	MET	2.1894	0.2177	2.1990	0.4027	2.1683	0.1142
A	24	PHE	0.5071	0.4401	0.3545	0.3631	0.1934	0.2117
A	25	ASH	1.1508	0.2151	1.5994	0.0331	1.6015	0.2884
A	26	PHE	1.1647	0.1091	1.0892	0.2251	1.1570	0.0053
A	27	ASP	2.9635	0.5719	2.2978	0.0166	2.5865	0.3264
A	28	GLY	0.2632	0.2376	0.5425	0.7067	0.7548	0.2747
A	29	ASH	1.5790	0.3244	1.3684	0.2972	1.5311	0.4434
A	30	GLU	1.6865	0.2736	0.9530	0.3566	1.7357	0.3335
A	31	ILE	0.1744	0.2063	0.1871	0.1076	0.1424	0.1554
A	32	PHE	2.7888	0.0476	2.5502	0.1497	2.5808	0.2265
A	33	HIP	1.2150	0.2438	1.2493	0.5476	1.2318	0.3883
A	34	VAL	0.8256	0.6052	0.6907	0.3453	0.7962	0.6283
A	35	ASP	0.3458	0.3527	0.4277	0.2562	0.3322	0.3083
A	36	MET	0.6222	0.4848	0.9571	0.6351	1.1462	0.5893
A	37	ALA	0.1219	0.1354	0.1472	0.1893	0.4458	0.0756
A	38	LYS	0.6006	0.5193	0.7384	0.3798	0.7492	0.4082
A	39	LYS	2.3330	0.2689	2.2484	0.6437	1.7445	0.2152
A	40	GLU	1.9633	0.5802	1.5367	0.3071	1.5834	0.3735
A	41	MTS	0.4640	0.6126	0.2110	0.1247	0.4871	0.2893
A	42	VAL	1.0557	0.2942	0.5327	0.1197	0.6902	0.3621
A	43	TRP	0.0748	0.0595	0.2155	0.2205	0.1744	0.2136
A	44	ARG	0.5285	0.2025	0.4470	0.0858	0.5070	0.2018
A	45	LEU	0.6971	0.1172	0.5152	0.5490	0.3672	0.3288
A	46	GLU	1.8797	0.5889	1.3374	0.6763	0.9178	0.2194
A	47	GLU	1.0934	0.3098	1.4876	0.3618	0.7994	0.4167
A	48	PHE	0.6735	0.5561	0.5708	0.5932	1.3142	0.4495
A	49	GLY	1.3751	0.4254	1.7238	0.2865	1.5780	0.3582
A	50	ARG	0.4264	0.2587	0.3294	0.2913	0.1914	0.1960
A	51	PHE	0.5572	0.2337	0.7761	0.6125	0.6076	0.1463
A	52	ALA	0.2326	0.1853	0.3605	0.2574	0.5484	0.2903
A	53	SER	1.1777	0.3986	1.7402	0.5160	0.9636	0.4199
A	54	PHE	1.8792	0.2003	1.9562	0.2983	1.9526	0.1276
A	55	GLU	0.4317	0.1840	0.3518	0.1629	0.2632	0.1456
A	56	ALA	1.2804	0.2505	1.6795	0.3080	1.5436	0.1500
A	57	GLN	1.3431	0.3599	1.6178	0.2533	1.3227	0.2078
A	58	GLY	1.0295	0.6611	1.1392	0.4000	0.9171	0.3519
A	59	ALA	0.9011	0.1813	1.2261	0.4155	1.2561	0.4310
A	60	LEU	1.0414	0.6462	1.2234	0.6538	1.1862	0.3076
A	61	ALA	0.9030	0.5906	1.0483	0.5946	0.7462	0.3140
A	62	ASN	1.0444	0.1973	1.0343	0.4812	0.9611	0.6898
A	63	ILE	1.0436	0.4270	0.8430	0.0447	0.9776	0.1074
A	64	ALA	1.1288	0.4245	1.1760	0.3600	1.2631	0.4499
A	65	VAL	0.3255	0.1075	0.4842	0.1895	0.4552	0.1945
A	66	ASP	1.7054	0.4831	1.9629	0.3529	1.3351	0.4375
A	67	LYS	1.3109	0.5534	1.3041	0.3118	1.4511	0.6510
A	68	ALA	1.0258	0.0445	0.8456	0.4349	0.9373	0.4725
A	69	ASN	1.0279	0.1500	0.7491	0.0883	0.5834	0.1754
A	70	LEU	1.8511	0.2269	1.5622	0.6270	1.8455	0.1043
A	71	GLU	1.2669	0.5313	0.9819	0.2946	1.3352	0.3023
A	72	ILE	0.3763	0.3187	0.3185	0.2261	0.3173	0.0764
A	73	MET	1.0168	0.7698	0.9251	0.2243	1.2257	0.0219
A	74	THR	1.3710	0.4630	1.4559	0.4993	1.8233	0.4538
A	75	LYS	0.6735	0.4820	0.8537	0.2001	1.1171	0.4673
A	76	ARG	0.8726	0.2199	1.3898	0.3199	1.2432	0.3333
A	77	SER	0.4615	0.1192	0.3593	0.1251	0.4062	0.0976
A	78	ASN	2.5932	0.6993	2.4539	0.3070	2.7863	0.2834
A	79	TYR	2.1145	0.0538	2.2407	0.5602	2.0874	0.2888
A	80	THR	0.6323	0.0149	0.8449	0.3243	1.0835	0.0980
A	81	PRO	0.3239	0.4013	0.2149	0.1845	0.0985	0.0229
A	82	ILE	0.5820	0.0761	1.1213	0.7548	0.9436	0.3727
A	83	THR	0.4596	0.3172	0.6413	0.2450	0.7476	0.2451
A	84	ASN	0.4985	0.4826	0.7105	0.0998	1.1489	0.1311
A	85	VAL	1.2422	0.1878	1.2299	0.3766	1.2947	0.1135
A	86	PRO	0.8444	0.1392	0.4864	0.1742	0.8711	0.4696
A	87	PRO	1.2341	0.1260	0.7653	0.0903	0.7564	0.1491
A	88	GLU	0.1962	0.0344	0.1188	0.1337	0.2862	0.1046
A	89	VAL	0.8929	0.1171	0.2642	0.2389	0.9323	0.3276
A	90	THR	1.5823	0.3124	1.2510	0.3258	1.4534	0.3853
A	91	VAL	0.8888	0.1037	0.9578	0.4446	0.7179	0.1527
A	92	LEU	2.4243	0.3796	2.3514	0.4272	2.2313	0.3171
A	93	THR	0.7960	0.2974	0.1872	0.3561	0.0495	0.1076
A	94	ASN	0.3071	0.1303	0.8087	0.5595	0.6143	0.2447
A	95	SER	0.7429	0.6387	1.1600	0.4721	1.9992	0.5103
A	96	PRO	1.7587	0.4936	1.2994	0.3209	1.5021	0.6658
A	97	VAL	0.4189	0.1313	0.6092	0.3516	0.4768	0.2608
A	98	GLU	1.1680	0.4545	1.4936	0.8154	1.5064	0.4959
A	99	LEU	2.3875	0.0361	1.8457	1.1531	1.6054	0.5490
A	100	ARG	2.0552	0.1707	2.0510	0.1984	1.9730	0.2022
A	101	GLU	0.1090	0.1208	0.5653	0.5174	0.1001	0.1745
A	102	PRO	1.8808	0.2808	1.6029	0.0670	1.4674	0.3803
A	103	ASN	2.4269	0.3249	1.9490	0.3329	2.1086	0.4432
A	104	VAL	0.8394	0.4052	1.0307	0.3822	0.8364	0.4808
A	105	LEU	0.3381	0.1339	0.3259	0.4035	0.2173	0.1785
A	106	ILE	0.5654	0.4348	0.7839	0.3327	0.4153	0.1861
A	107	CYX	0.4764	0.2472	0.3655	0.0555	0.1258	0.1058
A	108	PHE	1.1604	0.1943	0.6652	0.4766	0.6855	0.3851
A	109	ILE	0.6743	0.3345	0.6509	0.1422	0.2935	0.0932
A	110	ASP	2.2938	0.1583	1.6082	0.2944	1.7760	0.4688
A	111	LYS	2.0713	0.0851	2.4657	0.4729	2.1761	0.4275
A	112	PHE	0.6991	0.1150	0.3190	0.0392	0.9526	0.7044
A	113	THR	2.6511	0.0798	2.5719	0.4530	2.8205	0.1924
A	114	PRO	1.3759	0.2828	1.1839	0.3050	1.3048	0.3980
A	115	PRO	0.5778	0.3137	0.4274	0.1648	0.2682	0.1534
A	116	VAL	1.0385	0.0103	0.9590	0.1991	1.2991	0.0582
A	117	VAL	1.3756	0.5882	0.9315	0.4281	1.4914	0.4663
A	118	ASN	0.9787	0.1823	0.4826	0.5784	0.5127	0.3937
A	119	VAL	1.3383	0.2355	1.5606	0.5232	1.3898	0.7125
A	120	THR	1.3408	0.4005	1.8969	0.2330	1.2761	0.0363
A	121	TRP	0.3824	0.4666	0.5703	0.3018	0.3990	0.2945
A	122	LEU	0.6458	0.3469	0.8757	0.3670	0.7340	0.1335
A	123	ARG	1.2226	0.7777	1.1262	0.2856	0.7074	0.2009
A	124	ASN	2.4192	0.1294	2.9088	0.6596	2.3928	0.4354
A	125	GLY	0.5079	0.2308	0.6382	0.4813	0.7062	0.0928
A	126	LYS	0.3458	0.2783	0.7693	0.3329	0.7396	0.1925
A	127	PRO	0.9548	0.8497	1.6297	0.0896	1.0809	0.1917
A	128	VAL	0.5928	0.2547	1.4955	0.7013	0.8444	0.1449
A	129	THR	0.4231	0.0670	0.2659	0.5337	0.4738	0.0742
A	130	THR	1.4955	1.0571	0.4470	0.6146	1.0429	0.4236
A	131	GLY	0.8315	0.3345	0.9807	0.3940	0.8772	0.6315
A	132	VAL	0.6549	0.4951	0.8609	0.4751	0.4839	0.2846
A	133	SER	1.0607	0.4245	1.8099	0.7142	1.6872	0.3344
A	134	GLU	1.9740	0.7066	1.1021	0.9757	1.4236	0.5979
A	135	THR	0.9570	0.4137	0.2955	0.1686	0.8210	0.4891
A	136	VAL	0.4775	0.3757	0.6672	0.4751	0.8892	0.4621
A	137	PHE	0.7983	0.5456	0.4831	0.1951	0.4538	0.4201
A	138	LEU	1.2277	0.4524	0.4288	0.4284	0.5092	0.6362
A	139	PRO	0.3076	0.1167	0.4619	0.3852	0.5273	0.1252
A	140	ARG	1.3056	0.1026	0.6935	0.3899	1.0159	0.7386
A	141	GLU	0.6467	0.5585	0.5781	0.4211	0.9597	0.2280
A	142	ASP	0.0589	0.1730	0.2799	0.2470	0.1019	0.1477
A	143	HIE	0.9846	0.1448	1.4386	0.8384	1.2886	0.2694
A	144	LEU	0.8045	0.3146	0.8358	0.3356	0.3758	0.1807
A	145	PHE	0.5980	0.0654	0.9132	0.4664	0.8611	0.7187
A	146	ARG	1.7615	0.4868	1.6066	0.3851	1.4448	0.1328
A	147	LYS	2.5857	0.3243	2.6398	0.2475	2.6150	0.2249
A	148	PHE	0.0557	0.1400	0.4774	0.2878	0.1559	0.1878
A	149	HIE	1.9846	0.4002	2.1172	0.2122	1.7540	0.3503
A	150	TYR	1.4185	0.4728	1.2682	0.2279	1.3654	0.0885
A	151	LEU	1.9226	0.3077	1.3972	0.7059	1.4152	0.4561
A	152	PRO	1.1035	0.3779	1.3980	1.2690	0.9867	0.4156
A	153	PHE	2.5399	0.3016	2.3333	0.2628	2.3021	0.1781
A	154	LEU	0.5439	0.5021	0.2685	0.0294	0.9788	0.0419
A	155	PRO	1.1042	0.6755	1.3976	0.1716	1.2740	0.3604
A	156	SER	2.2183	0.2130	1.9849	0.4893	2.0219	0.2088
A	157	THR	0.5727	0.5314	0.6092	0.1197	0.6437	0.1523
A	158	GLU	0.4262	0.4427	0.8041	0.3883	0.4335	0.1196
A	159	ASP	1.1763	0.4351	0.8548	0.1169	1.1828	0.6295
A	160	VAL	1.3475	0.3160	0.8756	0.1726	1.0450	0.3068
A	161	TYR	0.8446	0.2976	1.0151	0.6097	1.1311	0.2205
A	162	ASP	1.6303	0.0525	1.7567	0.4116	1.7427	0.3400
A	163	CYX	0.0167	0.0706	0.1432	0.0689	0.1143	0.2810
A	164	ARG	0.5287	0.4307	0.3582	0.2484	0.1470	0.1786
A	165	VAL	0.9581	0.1262	0.9507	0.2691	0.7842	0.3665
A	166	GLU	0.8374	0.3055	0.8591	0.3915	0.7016	0.2568
A	167	HIE	1.6688	0.3232	1.5541	0.3456	1.5046	0.7274
A	168	TRP	0.8711	0.2629	0.9728	0.4473	1.3612	0.3898
A	169	GLY	1.0622	0.5489	0.6770	0.3475	0.7313	0.7764
A	170	LEU	0.5858	0.1178	0.7301	0.5422	0.2145	0.1252
A	171	ASP	0.4798	0.7062	0.3217	0.0341	0.5726	0.7151
A	172	GLU	1.5926	0.7158	1.6802	0.5940	1.2351	0.3646
A	173	PRO	1.1125	0.6909	0.5330	0.0744	1.4533	0.4038
A	174	LEU	0.2253	0.3341	0.1350	0.1587	0.2881	0.1271
A	175	LEU	1.3863	0.5870	1.0656	0.1777	1.0333	0.8952
A	176	LYS	1.1723	0.5238	1.3834	0.2931	1.6496	0.5897
A	177	HIP	0.2216	0.2522	0.3351	0.1507	0.5184	0.3257
A	178	TRP	1.6913	0.2206	1.8403	0.3459	2.0567	0.2226
A	179	GLU	2.6139	0.1522	2.2697	0.0388	2.2376	0.1778
A	180	PHE	0.3808	0.1067	0.5152	0.2899	0.2963	0.1778
A	181	ASP	2.0749	0.4530	1.6256	0.0418	1.1032	0.4898
A	182	ALA	1.4509	0.9279	1.2026	0.6910	1.1768	0.9580
A	183	PRO	0.9741	0.2652	1.5678	0.2202	1.5084	0.6741
A	184	SER	0.4903	0.0799	1.0511	0.6832	1.1163	0.4757
B	5	PRO	1.2598	0.5129	1.2283	0.5235	1.0144	0.3519
B	6	ARG	0.3387	0.1082	0.4558	0.4439	0.9829	0.5775
B	7	PHE	1.3357	0.2687	1.0885	0.3725	1.4213	0.3772
B	8	LEU	1.2836	0.2146	0.8988	0.1132	1.5706	0.3036
B	9	TRP	0.5726	0.2444	0.4854	0.1837	0.2433	0.0478
B	10	GLN	1.3643	0.6275	1.7716	0.3600	1.3435	0.1955
B	11	LEU	1.1128	0.2797	1.3156	0.3894	0.9867	0.2178
B	12	LYS	1.3387	0.0491	1.1192	0.2837	0.8585	0.2273
B	13	PHE	0.6369	0.4618	0.2967	0.1721	1.0149	0.4184
B	14	GLU	0.7714	0.3308	0.8589	0.7339	1.0755	0.3453
B	15	CYX	0.1285	0.2502	0.4287	0.3987	1.1250	0.3577
B	16	HIP	0.2071	0.1183	0.1503	0.1327	0.3513	0.2869
B	17	PHE	1.7058	0.4678	2.0937	0.5182	2.0385	0.4361
B	18	PHE	1.3471	0.6006	0.9299	0.8662	1.4482	0.2443
B	19	ASN	1.9635	0.6758	2.5748	0.4486	2.2093	0.1117
B	20	GLY	1.0409	0.2999	1.3833	0.3448	1.7373	0.4085
B	21	THR	0.4962	0.2884	0.4808	0.3362	0.5317	0.3183
B	22	GLU	1.2375	0.4558	0.8922	0.5928	0.9706	0.9439
B	23	ARG	0.8698	0.5685	2.3986	0.9601	1.7822	0.2767
B	24	VAL	0.9214	0.4372	0.8897	0.6709	0.6063	0.1801
B	25	ARG	1.0263	0.9574	1.2427	0.4109	0.4699	0.3356
B	26	LEU	0.3299	0.2393	0.6858	0.4196	0.6754	0.1483
B	27	LEU	0.6076	0.4082	0.7856	0.0465	1.6661	0.0236
B	28	GLU	0.7643	0.1637	0.8375	0.4206	1.3745	0.4533
B	29	ARG	1.6683	0.5079	1.5946	0.2565	2.0828	0.2953
B	30	CYS	0.1672	0.2297	0.3102	0.3847	0.0635	0.0416
B	31	ILE	1.3854	0.5171	1.5006	0.2226	1.4796	0.1067
B	32	TYR	1.1212	0.7686	0.9726	0.2219	0.8605	0.5462
B	33	ASN	3.2307	0.1373	3.0613	0.3799	3.0217	0.8449
B	34	GLN	1.4324	0.7228	1.3750	0.1872	1.6361	0.4771
B	35	GLU	0.7777	0.0617	1.0474	0.5858	0.9213	0.3187
B	36	GLU	0.8585	0.4248	0.7445	0.2373	1.3832	0.6767
B	37	SER	0.0160	0.0441	0.4336	0.3704	0.3627	0.0947
B	38	VAL	1.9969	0.4118	1.8990	0.0854	1.8035	0.0833
B	39	ARG	1.4060	0.2348	1.4470	0.5229	1.7514	0.2211
B	40	PHE	0.4355	0.6687	1.0471	0.3625	0.3952	0.1978
B	41	ASP	2.0068	0.2818	1.6988	0.2652	1.5756	0.5275
B	42	SER	1.3792	0.3225	0.9854	0.4223	1.2533	0.1209
B	43	ASP	0.8239	0.3565	0.7063	0.2006	1.1598	0.2968
B	44	VAL	0.6361	0.9881	0.3975	0.2126	0.2436	0.2749
B	45	GLY	0.9851	0.3135	1.7259	0.5190	0.8550	0.3858
B	46	GLU	2.1274	0.2369	1.9160	0.2175	1.9154	0.6014
B	47	TYR	0.6360	0.2296	0.4345	0.1357	0.7732	0.2763
B	48	ARG	1.2471	0.2403	1.3465	0.4036	1.6076	0.5059
B	49	ALA	0.5144	0.1574	0.5590	0.2739	0.5473	0.9073
B	50	VAL	0.3430	0.2359	0.3173	0.0743	0.3640	0.3755
B	51	THR	0.9903	0.3978	1.2880	0.2178	1.5482	0.3041
B	52	GLU	1.0896	0.5459	1.6302	0.3271	2.0084	0.3864
B	53	LEU	1.1511	0.2017	1.4221	0.1739	1.2898	0.6057
B	54	GLY	0.0902	0.1686	0.3910	0.6786	0.0646	0.0907
B	55	ARG	2.0205	0.4302	2.6152	0.7464	2.5450	0.4515
B	56	PRO	1.3929	0.4231	1.6332	0.4734	1.5515	0.2493
B	57	ASP	0.2401	0.1754	0.4152	0.3723	0.1568	0.2730
B	58	ALA	1.5736	0.4521	1.4684	0.3706	1.3143	0.5715
B	59	GLU	0.7509	0.1843	0.5565	0.2998	0.3713	0.1232
B	60	TYR	1.0772	0.7776	0.6903	0.5112	0.6528	0.5338
B	61	TRP	0.8142	0.3461	0.7221	0.4656	1.1184	0.5493
B	62	ASN	0.7064	0.4084	0.6025	0.3678	0.4494	0.5551
B	63	SER	0.7054	0.6366	0.1501	0.1601	0.5024	0.5234
B	64	GLN	0.6298	0.5263	0.3014	0.2867	1.1154	0.6917
B	65	LYS	1.5928	0.2451	1.4751	0.3054	1.4169	0.6500
B	66	ASP	0.7964	0.1770	0.9792	0.3903	0.7027	0.6313
B	67	LEU	0.2854	0.2960	0.8925	0.2238	0.7530	0.1922
B	68	LEU	1.3933	0.5800	1.2173	0.1204	1.0029	0.1627
B	69	GLU	1.1973	0.3918	1.3625	0.2534	0.9624	0.5440
B	70	GLN	0.5659	0.1557	1.0020	0.4073	0.9024	0.2843
B	71	ARG	1.2980	0.2352	0.6499	0.2629	0.9659	0.7263
B	72	ARG	0.8019	0.4947	1.4105	0.5623	1.3016	0.6150
B	73	ALA	0.7482	0.6762	0.8948	0.7416	1.4757	0.3967
B	74	ALA	2.4256	0.6963	1.9142	0.2821	0.9671	0.3693
B	75	VAL	2.1054	0.1936	1.3871	0.5808	0.8460	0.9251
B	76	ASP	0.3170	0.3444	0.1968	0.2173	1.1436	0.9087
B	77	THR	0.9621	0.1848	0.6454	0.2678	0.3426	0.3613
B	78	TYR	0.9615	0.4130	0.4739	0.8049	1.4760	0.1511
B	79	CYX	0.9487	0.4409	1.0992	0.1810	0.8835	0.4085
B	80	ARG	1.2734	0.1650	1.1896	0.3259	1.8933	0.5063
B	81	HIP	1.6488	0.4627	0.5571	0.3852	0.5551	0.3000
B	82	MTS	0.8479	0.4127	0.7936	0.2255	0.8767	0.2246
B	83	TYR	1.3198	0.5784	1.0964	0.2005	0.4044	0.2866
B	84	GLY	2.1748	0.8082	0.9730	0.6910	0.9732	0.5758
B	85	VAL	0.4998	0.0252	0.4978	0.3897	0.6605	0.1769
B	86	GLY	0.6080	0.1189	0.5937	0.3757	1.0548	0.6528
B	87	GLU	1.6936	0.9198	1.4148	0.5967	2.1707	0.5649
B	88	SER	0.8525	0.4194	1.3122	0.6075	1.8052	0.7695
B	89	PHE	0.8254	0.4664	0.6398	0.4131	0.6944	0.2431
B	90	THR	0.7079	0.5894	0.5909	0.1960	0.7931	0.1128
B	91	VAL	0.6246	0.1868	0.8836	0.5541	0.5265	0.2663
B	92	GLN	0.9719	0.9084	0.3704	0.3119	0.6422	0.2437
B	93	ARG	0.6269	0.3955	0.9048	0.1026	1.8738	0.2898
B	94	ARG	1.6330	0.2148	1.4683	0.3513	1.5845	0.2688
B	95	VAL	1.2273	0.5120	1.3356	0.3953	1.7196	0.4767
B	96	GLU	0.1144	0.0913	0.3852	0.0785	0.1345	0.0751
B	97	PRO	1.0974	0.7593	0.9575	0.3166	0.9534	0.3695
B	98	LYS	0.4994	0.2698	0.1217	0.1326	0.4480	0.4134
B	99	VAL	1.2653	0.6527	1.6906	0.4351	1.5967	0.2381
B	100	THR	2.2380	0.2886	2.2083	0.2451	2.0097	0.4295
B	101	VAL	1.0405	0.7133	1.1386	0.6295	0.9495	0.6633
B	102	TYR	2.3228	0.4810	2.3616	0.3206	2.2248	0.3237
B	103	PRO	0.4162	0.1091	0.7613	0.3313	0.5379	0.0951
B	104	SER	2.3762	0.1987	1.5789	0.2095	2.4304	0.3783
B	105	LYS	1.2813	0.8092	1.2105	0.4045	0.8849	0.7065
B	106	THR	0.3813	0.3498	0.5754	0.3584	1.1478	0.5255
B	107	GLN	1.2857	0.7660	1.4563	0.5968	0.9842	0.5924
B	108	PRO	1.6424	0.7848	1.6079	0.7487	1.3800	0.5187
B	109	LEU	1.8246	0.2683	2.3086	0.3105	1.7985	0.2732
B	110	GLN	0.4386	0.2770	1.3588	0.5838	0.4254	0.2995
B	111	HIP	1.1310	0.8100	0.8558	0.5684	1.1953	0.5694
B	112	HIE	1.8594	0.4941	1.8797	0.3658	2.7305	0.2925
B	113	ASN	2.1035	0.5695	1.6949	0.3555	1.8751	0.2600
B	114	LEU	1.6854	0.6771	1.5635	0.5781	1.5218	0.3044
B	115	LEU	0.0346	0.0647	0.2849	0.1927	0.6289	0.2287
B	116	VAL	0.7464	0.4015	0.6835	0.4021	1.0099	0.4434
B	117	CYX	0.5266	0.2563	0.8109	0.1635	0.9306	0.3463
B	118	SER	0.7536	0.3655	0.8318	0.1285	1.2332	0.4161
B	119	VAL	1.0219	0.3166	0.6388	0.1951	1.2174	0.3920
B	120	SER	1.8771	0.2203	2.2461	0.3171	2.2685	0.2068
B	121	GLY	0.2225	0.1955	0.2035	0.1644	0.4866	0.4306
B	122	PHE	0.0097	0.0382	0.0350	0.0632	0.0564	0.1071
B	123	TYR	2.4293	0.1887	2.4066	0.3141	2.4786	0.2987
B	124	PRO	0.7448	0.2304	0.9513	0.1084	0.7243	0.2439
B	125	GLY	0.6783	0.6858	0.6233	0.3784	1.0100	0.4111
B	126	SER	0.7336	0.3753	0.9594	0.3101	0.8345	0.5085
B	127	ILE	1.4248	0.6686	1.2825	0.6819	1.3906	0.4128
B	128	GLU	0.8895	0.3263	1.4422	0.3547	1.5164	0.3397
B	129	VAL	0.5494	0.5470	0.8163	0.4746	0.8624	0.3659
B	130	ARG	1.4467	0.4687	1.6767	0.3170	1.5869	0.1627
B	131	TRP	0.2726	0.2185	0.2092	0.1506	0.1737	0.3078
B	132	PHE	1.3246	0.2178	0.9838	0.3302	1.5354	0.2954
B	133	ARG	1.3245	0.5328	1.4068	0.1286	1.5563	0.1343
B	134	ASN	2.6184	0.2272	2.3472	0.6702	3.0388	0.3181
B	135	GLY	0.3057	0.1863	0.5927	0.3182	0.3587	0.0767
B	136	GLN	0.8716	0.2226	0.4697	0.3497	0.7913	0.3090
B	137	GLU	1.0395	0.5452	1.0750	0.7921	1.0845	0.7677
B	138	GLU	1.0117	0.7634	0.2983	0.3230	0.5003	0.2187
B	139	LYS	1.5524	0.5641	1.3482	0.2031	1.2793	0.4370
B	140	ALA	0.3848	0.3688	0.8211	0.1182	0.7345	0.6376
B	141	GLY	0.7580	0.2210	1.1940	0.1597	0.9275	0.2991
B	142	VAL	0.3211	0.2564	0.4971	0.2305	0.4016	0.2010
B	143	VAL	1.6633	0.4946	1.3192	0.4892	1.6528	0.4405
B	144	SER	0.9903	0.9673	0.8657	0.6732	1.3118	0.6214
B	145	THR	0.7726	0.2784	0.3267	0.3049	0.4797	0.2819
B	146	GLY	0.8737	0.5677	0.6802	0.2819	0.3912	0.2019
B	147	LEU	0.8000	0.3246	0.5281	0.4513	0.1425	0.0900
B	148	ILE	1.9697	0.2353	1.3032	0.7314	1.6282	0.4751
B	149	GLN	0.6951	0.2003	0.5788	0.3076	0.2589	0.2405
B	150	ASN	0.4678	0.2867	0.1340	0.1197	0.2694	0.1454
B	151	GLY	0.7342	0.1217	0.9998	0.4992	0.6798	0.1223
B	152	ASP	1.1907	0.6407	1.8469	0.2413	1.3178	0.3548
B	153	TRP	1.4062	0.1142	1.8547	0.3508	1.7465	0.0981
B	154	THR	1.3068	0.7192	1.6378	0.0577	1.5812	0.1733
B	155	PHE	0.1319	0.1100	0.2392	0.2421	0.2465	0.3400
B	156	GLN	1.9219	0.4319	1.7663	0.2583	2.0283	0.6080
B	157	THR	2.5171	0.2733	2.5600	0.1467	2.3716	0.3156
B	158	LEU	1.6960	0.6556	1.7277	0.3157	1.2446	0.4313
B	159	VAL	1.4937	0.5937	1.0334	0.0804	1.0534	0.1433
B	160	MET	1.5260	0.2557	1.1523	0.6426	1.1350	0.1922
B	161	LEU	1.5287	0.3457	2.0061	0.2040	1.7207	0.4393
B	162	GLU	0.5859	0.3362	0.2847	0.2819	0.6331	0.4803
B	163	THR	1.0671	0.4607	0.5443	0.3638	0.5511	0.2755
B	164	VAL	0.3273	0.0822	0.6426	0.6066	0.6203	0.1408
B	165	PRO	0.6474	0.4711	0.8714	0.3455	0.6589	0.1460
B	166	ARG	1.8479	0.5019	1.6465	0.6491	1.3627	0.2675
B	167	SER	0.4381	0.5047	0.4760	0.4058	0.4125	0.2578
B	168	GLY	0.4215	0.6291	0.0420	0.0705	0.2678	0.2954
B	169	GLU	0.5759	0.6739	0.6714	0.5327	0.4957	0.3876
B	170	VAL	0.3119	0.2521	0.5287	0.0796	0.4023	0.2308
B	171	TYR	0.6797	0.1203	0.3005	0.0941	0.6837	0.2101
B	172	THR	1.5861	0.2406	1.3985	0.6173	1.6220	0.1331
B	173	CYX	0.1765	0.1531	0.3129	0.2556	0.1762	0.1732
B	174	GLN	0.9753	0.3524	0.5568	0.2200	1.0281	0.3089
B	175	VAL	0.8582	0.3338	0.8675	0.6033	0.6991	0.1665
B	176	GLU	0.6208	0.5522	0.7589	0.1327	0.9089	0.3126
B	177	HIE	2.3318	0.2879	2.5486	0.2802	2.4675	0.2174
B	178	PRO	1.6532	0.3096	1.7656	0.3950	1.7008	0.1382
B	179	SER	0.3844	0.1771	0.7666	0.1487	0.6294	0.2936
B	180	VAL	1.0836	0.2460	0.8673	0.1661	1.0567	0.4604
B	181	THR	0.1823	0.2146	0.3836	0.2924	0.4731	0.6346
B	182	SER	1.5843	0.6654	1.1609	0.5036	2.0294	0.1893
B	183	PRO	1.8376	0.5629	1.3723	0.1781	1.4579	0.6117
B	184	LEU	0.2473	0.2427	0.3959	0.4688	0.4438	0.1710
B	185	THR	1.1494	0.4649	1.1984	0.5168	1.4876	0.3826
B	186	VAL	1.6423	0.7474	1.4742	0.3379	1.4623	0.3298
B	187	GLU	0.6829	0.2526	0.6562	0.2466	1.2225	0.4335
B	188	TRP	1.7854	0.4754	2.0810	0.3177	1.8830	0.4251
B	189	ARG	1.4033	0.1321	1.1222	0.2051	1.4783	0.2095
B	190	ALA	0.3997	0.3619	0.1129	0.1290	0.7236	0.8343
C	102	LYS	1.3611	0.8681	0.6787	0.3442	0.0000	0.0000
C	103	PRO	1.2482	0.5760	1.3737	0.6467	1.1342	0.5782
C	104	VAL	0.5498	0.3110	0.7345	0.4152	1.3249	0.2363
C	105	SER	1.0314	0.4537	0.5301	0.0857	0.6548	0.2967
C	106	LYS	0.7947	0.7573	0.4271	0.0993	0.7508	0.1168
C	107	TRP	0.8793	0.1893	0.5716	0.5264	0.1476	0.1003
C	108	ARG	0.2414	0.4075	0.8001	0.1469	0.4581	0.3504
C	109	MET	0.8233	0.3438	1.3087	0.4564	0.9177	0.3317
C	110	ALA	0.1745	0.1660	0.4605	0.3433	0.2683	0.2391
C	111	THR	0.2755	0.2779	0.6627	0.1617	0.6919	0.4222
C	112	PRO	0.7862	0.4269	0.9709	0.0480	0.8947	0.2758
C	113	LEU	0.0780	0.1562	0.5212	0.2325	0.6787	0.4663
C	114	LEU	0.1225	0.1431	0.0748	0.1044	0.5271	0.5910
C	115	MET	0.9284	0.3457	0.7298	0.4796	1.3494	0.3718
C	116	GLN	1.0774	0.2462	0.9432	0.3966	2.0687	0.3484
C	117	ALA	1.0117	0.3440	0.6136	0.3753	1.6328	1.1680
C	118	LEU	1.2505	0.4021	0.7759	0.4598	0.7506	0.4571
C	119	PRO	1.0434	0.4394	0.9543	0.4620	0.9960	0.5344
C	120	MET	0.7920	0.7013	1.0788	0.2921	1.2827	0.3919
