seg	res	rnm	aT41A.pcca1	aT41A.pcca1	WT.pcca2	WT.pcca2	lsdm	sdiff	score	pval
			mf	sf	mf	sf				
A	37	ALA	0.4458	0.0756	0.1219	0.1354	1	0.0137	2.0881	0.0368
A	80	THR	1.0835	0.0980	0.6323	0.0149	1	0.2530	4.5532	0.0000
A	87	PRO	0.7564	0.1491	1.2341	0.1260	1	-0.0872	-2.4466	0.0144
A	93	THR	0.0495	0.1076	0.7960	0.2974	1	-0.1140	-2.3606	0.0182
A	116	VAL	1.2991	0.0582	1.0385	0.0103	1	0.1424	4.4099	0.0000
A	170	LEU	0.2145	0.1252	0.5858	0.1178	1	-0.0275	-2.1600	0.0308
B	12	LYS	0.8585	0.2273	1.3387	0.0491	1	-0.0151	-2.0648	0.0389
B	15	CYX	1.1250	0.3577	0.1285	0.2502	1	0.1234	2.2828	0.0224
B	27	LEU	1.6661	0.0236	0.6076	0.4082	1	0.2406	2.5884	0.0096
B	37	SER	0.3627	0.0947	0.0160	0.0441	1	0.1378	3.3192	0.0009
B	93	ARG	1.8738	0.2898	0.6269	0.3955	1	0.2664	2.5433	0.0110
B	115	LEU	0.6289	0.2287	0.0346	0.0647	1	0.1190	2.5008	0.0124
B	153	TRP	1.7465	0.0981	1.4062	0.1142	1	0.0391	2.2596	0.0238
C	107	TRP	0.1476	0.1003	0.8793	0.1893	1	-0.3033	-3.4160	0.0006
C	116	GLN	2.0687	0.3484	1.0774	0.2462	1	0.1381	2.3237	0.0201
