seg	res	rnm	bN82A.pcca2	bN82A.pcca2	WT.pcca2	WT.pcca2	lsdm	sdiff	score	pval
			mf	sf	mf	sf				
A	25	ASH	1.5994	0.0331	1.1508	0.2151	1	0.0134	2.0613	0.0393
A	87	PRO	0.7653	0.0903	1.2341	0.1260	1	-0.1587	-3.0239	0.0025
A	89	VAL	0.2642	0.2389	0.8929	0.1171	1	-0.0966	-2.3630	0.0181
A	110	ASP	1.6082	0.2944	2.2938	0.1583	1	-0.0171	-2.0513	0.0402
A	112	PHE	0.3190	0.0392	0.6991	0.1150	1	-0.1371	-3.1287	0.0018
A	179	GLU	2.2697	0.0388	2.6139	0.1522	1	-0.0301	-2.1917	0.0284
B	96	GLU	0.3852	0.0785	0.1144	0.0913	1	0.0300	2.2492	0.0245
B	104	SER	1.5789	0.2095	2.3762	0.1987	1	-0.2198	-2.7611	0.0058
B	171	TYR	0.3005	0.0941	0.6797	0.1203	1	-0.0739	-2.4842	0.0130
