seg	res	rnm	aT41A.pcca1	aT41A.pcca1	bN82A.pcca2	bN82A.pcca2	lsdm	sdiff	score	pval
			mf	sf	mf	sf				
A	84	ASN	1.1489	0.1311	0.7105	0.0998	1	0.1089	2.6611	0.0078
A	107	CYX	0.1258	0.1058	0.3655	0.0555	1	-0.0008	-2.0069	0.0448
A	109	ILE	0.2935	0.0932	0.6509	0.1422	1	-0.0173	-2.1018	0.0356
A	120	THR	1.2761	0.0363	1.8969	0.2330	1	-0.1493	-2.6331	0.0085
A	127	PRO	1.0809	0.1917	1.6297	0.0896	1	-0.1257	-2.5943	0.0095
A	154	LEU	0.9788	0.0419	0.2685	0.0294	1	0.6079	13.8808	0.0000
A	173	PRO	1.4533	0.4038	0.5330	0.0744	1	0.0992	2.2416	0.0250
B	8	LEU	1.5706	0.3036	0.8988	0.1132	1	0.0237	2.0733	0.0381
B	27	LEU	1.6661	0.0236	0.7856	0.0465	1	0.7762	16.8843	0.0000
B	74	ALA	0.9671	0.3693	1.9142	0.2821	1	-0.0177	-2.0381	0.0415
B	93	ARG	1.8738	0.2898	0.9048	0.1026	1	0.3542	3.1522	0.0016
B	96	GLU	0.1345	0.0751	0.3852	0.0785	1	-0.0333	-2.3064	0.0211
C	106	LYS	0.7508	0.1168	0.4271	0.0993	1	0.0171	2.1113	0.0347
C	116	GLN	2.0687	0.3484	0.9432	0.3966	1	0.0697	2.1320	0.0330
