rgn1	rgn2	aT41A.pcca1	aT41A.pcca1	WT.pcca2	WT.pcca2	lsdm	sdiff	score	pval
		mf	sf	mf	sf				
a1_0	a1_5	0.4849	0.1521	0.0392	0.1532	1	0.0139	2.0642	0.0390
a1_0	c2_4	0.2614	0.1504	-0.4309	0.2912	1	0.0368	2.1124	0.0347
a1_1	b1_21	-0.0981	0.0711	-0.5128	0.0881	1	0.1883	3.6632	0.0002
a1_10	b1_15	-0.6762	0.2368	0.3871	0.2691	1	-0.3463	-2.9660	0.0030
a1_11	a1_17	0.0013	0.0018	-0.9544	0.4772	1	0.0012	2.0025	0.0452
a1_11	b2_10	-0.0185	0.0261	0.4321	0.1054	1	-0.2334	-4.1505	0.0000
a1_14	a2_6	-0.0050	0.0918	0.2010	0.0397	1	-0.0061	-2.0611	0.0393
a1_17	b1_15	0.7393	0.2254	-0.2225	0.4026	1	0.0389	2.0844	0.0371
a1_18	b1_21	0.2397	0.0645	-0.1715	0.1860	1	0.0174	2.0886	0.0367
a1_19	b1_27	-0.1093	0.1201	0.2462	0.1284	1	-0.0038	-2.0213	0.0432
a1_20	b1_27	-0.2076	0.1053	0.3654	0.2052	1	-0.1117	-2.4841	0.0130
a1_20	b1_28	-0.0516	0.0730	0.2503	0.1301	1	-0.0036	-2.0242	0.0429
a1_22	a2_26	0.1418	0.2430	-1.1572	0.5415	1	0.1120	2.1888	0.0286
a1_22	b1_17	-0.3787	0.2264	0.2434	0.1456	1	-0.0837	-2.3109	0.0208
a1_23	b2_28	-0.2650	0.1422	0.2532	0.1473	1	-0.1088	-2.5313	0.0114
a1_24	b2_23	0.6082	0.2611	-0.3946	0.1089	1	0.4370	3.5448	0.0004
a1_27	b2_8	-0.2411	0.1357	0.2943	0.1919	1	-0.0652	-2.2774	0.0228
a1_5	b1_28	-0.1892	0.1301	0.3248	0.1020	1	-0.1833	-3.1085	0.0019
a1_5	b2_29	0.2035	0.2193	-0.7136	0.3820	1	0.0362	2.0821	0.0373
a1_5	b2_7	-0.2196	0.0689	0.7051	0.4107	1	-0.0918	-2.2204	0.0264
a1_6	a1_26	0.1408	0.0707	-0.0986	0.0647	1	0.0477	2.4973	0.0125
a1_6	b2_5	0.1695	0.0980	-0.1361	0.0730	1	0.0613	2.5017	0.0124
a2_13	a2_23	0.1890	0.1438	-0.4406	0.2429	1	0.0650	2.2304	0.0257
a2_13	b2_29	0.4764	0.3258	-0.5013	0.2514	1	0.1547	2.3759	0.0175
a2_14	b2_17	-0.5816	0.2201	0.5827	0.3672	1	-0.3081	-2.7197	0.0065
a2_15	a2_30	-0.6001	0.2000	0.0272	0.0147	1	-0.2262	-3.1281	0.0018
a2_17	c2_1	-0.2889	0.1447	0.0195	0.0275	1	-0.0138	-2.0934	0.0363
a2_21	a2_30	-0.6683	0.2219	-0.1218	0.0833	1	-0.0725	-2.3060	0.0211
a2_25	b2_10	-0.0271	0.0383	-0.2895	0.0534	1	0.1311	3.9963	0.0001
a2_27	b1_21	0.5727	0.0735	-0.0149	0.1648	1	0.2267	3.2566	0.0011
a2_27	b1_23	0.8000	0.1282	0.1226	0.0383	1	0.4098	5.0615	0.0000
a2_28	c2_0	-0.4555	0.2297	0.4893	0.2458	1	-0.2719	-2.8082	0.0050
a2_29	b1_2	-0.0682	0.0530	0.3668	0.1241	1	-0.1650	-3.2228	0.0013
a2_3	b1_17	0.1711	0.0870	-0.2969	0.1817	1	0.0651	2.3230	0.0202
a2_3	b1_7	0.4302	0.1517	-0.5886	0.4169	1	0.1315	2.2965	0.0216
a2_3	b2_27	-0.1526	0.1393	0.7954	0.3155	1	-0.2582	-2.7488	0.0060
a2_3	b2_5	0.3098	0.1549	-0.1424	0.0743	1	0.1086	2.6320	0.0085
a2_31	b1_17	0.2615	0.1350	-0.2100	0.1792	1	0.0228	2.1017	0.0356
a2_7	a2_13	-0.0244	0.0345	0.2758	0.1416	1	-0.0088	-2.0603	0.0394
a2_7	b2_18	-0.2355	0.1247	0.0305	0.0432	1	-0.0022	-2.0164	0.0438
a2_9	b1_4	0.0320	0.1466	0.3617	0.0604	1	-0.0127	-2.0798	0.0375
a2_9	b2_14	-0.7750	0.2772	0.0821	0.1587	1	-0.2183	-2.6833	0.0073
b1_10	c2_1	0.3332	0.1721	-0.0403	0.0570	1	0.0109	2.0599	0.0394
b1_12	b1_25	0.5287	0.0506	-1.5688	0.9935	1	0.1080	2.1085	0.0350
b1_13	b1_25	0.4431	0.2485	-0.7727	0.2006	1	0.5770	3.8066	0.0001
b1_17	b2_10	0.3339	0.2139	-0.4092	0.3012	1	0.0042	2.0114	0.0443
b1_18	b2_15	-0.0571	0.2105	0.5909	0.1761	1	-0.0992	-2.3614	0.0182
b1_2	b2_18	-0.5584	0.2349	0.1112	0.0590	1	-0.1852	-2.7648	0.0057
b1_20	b1_28	-0.0595	0.0368	0.2386	0.1199	1	-0.0473	-2.3775	0.0174
b1_20	b2_1	0.6202	0.0816	-0.4570	0.2794	1	0.4952	3.7014	0.0002
b1_22	b2_11	-0.4306	0.3210	0.3314	0.1935	1	-0.0124	-2.0330	0.0421
b1_22	b2_28	0.3650	0.1960	-0.3226	0.2082	1	0.1157	2.4045	0.0162
b1_23	b2_10	-0.4246	0.2779	0.2140	0.0684	1	-0.0663	-2.2316	0.0256
b1_23	b2_20	-1.0367	0.6399	0.9110	0.5268	1	-0.2900	-2.3498	0.0188
b1_5	b2_7	0.7975	0.1477	0.2297	0.1320	1	0.1717	2.8667	0.0041
b2_0	b2_30	-0.0755	0.1067	-0.4413	0.1244	1	0.0379	2.2312	0.0257
b2_13	b2_18	0.7110	0.2939	-0.2588	0.2041	1	0.2543	2.7107	0.0067
b2_19	c2_0	0.0358	0.3903	-1.1085	0.3993	1	0.0275	2.0493	0.0404
b2_21	b2_28	-0.0295	0.1384	0.7910	0.2559	1	-0.2387	-2.8205	0.0048
b2_4	b2_28	0.2018	0.1634	0.8297	0.2107	1	-0.0947	-2.3551	0.0185
b2_5	b2_27	0.0668	0.0522	-0.0831	0.0419	1	0.0161	2.2400	0.0251
