rgn1	rgn2	aT41A.pcca1	aT41A.pcca1	bN82A.pcca2	bN82A.pcca2	lsdm	sdiff	score	pval
		mf	sf	mf	sf				
a1_0	a1_5	0.4849	0.1521	-0.0922	0.2101	1	0.0584	2.2250	0.0261
a1_1	a1_19	-0.2109	0.1090	0.0983	0.0763	1	-0.0431	-2.3237	0.0201
a1_1	b1_14	0.0149	0.0803	-0.4960	0.1991	1	0.0816	2.3803	0.0173
a1_10	a2_30	-0.5861	0.3108	0.1096	0.1550	1	-0.0011	-2.0033	0.0451
a1_11	a1_21	0.0159	0.0224	-1.0603	0.3130	1	0.4486	3.4295	0.0006
a1_11	b1_1	0.2243	0.3172	-0.7404	0.3231	1	0.0591	2.1305	0.0331
a1_11	b1_13	-0.1307	0.1848	0.3677	0.0786	1	-0.0967	-2.4815	0.0131
a1_11	b2_19	0.0296	0.0418	0.5419	0.1055	1	-0.2854	-4.5162	0.0000
a1_11	b2_3	-0.1575	0.2227	0.5510	0.2292	1	-0.0693	-2.2167	0.0266
a1_11	b2_5	0.0410	0.0580	0.6947	0.2317	1	-0.1760	-2.7369	0.0062
a1_11	c2_1	0.1337	0.1891	-0.5042	0.2015	1	0.0852	2.3082	0.0210
a1_13	a1_20	-0.0454	0.0366	0.1135	0.0673	1	-0.0057	-2.0747	0.0380
a1_13	b2_18	0.1273	0.1656	-0.3569	0.1714	1	0.0077	2.0322	0.0421
a1_16	a2_4	-0.3948	0.1983	0.4996	0.2987	1	-0.1774	-2.4949	0.0126
a1_17	b1_25	-0.6968	0.2271	-0.0867	0.1227	1	-0.0938	-2.3634	0.0181
a1_19	b1_15	0.5256	0.1740	0.0155	0.0459	1	0.1502	2.8347	0.0046
a1_19	b2_13	0.3384	0.1640	-0.1356	0.0921	1	0.0977	2.5195	0.0118
a1_19	b2_24	0.4515	0.1997	0.0062	0.0268	1	0.0422	2.2094	0.0271
a1_20	b2_26	0.2793	0.2021	-0.1891	0.0991	1	0.0183	2.0811	0.0374
a1_22	b1_25	-0.3034	0.1483	0.2966	0.1520	1	-0.1753	-2.8258	0.0047
a1_27	a2_25	0.0719	0.0687	-0.2720	0.1561	1	0.0028	2.0163	0.0438
a1_27	b2_20	-0.3377	0.1326	0.2552	0.0380	1	-0.3171	-4.2996	0.0000
a1_27	b2_8	-0.2411	0.1357	0.1417	0.1096	1	-0.0339	-2.1941	0.0282
a1_4	a1_11	-0.0101	0.0142	-0.6830	0.1409	1	0.3897	4.7517	0.0000
a1_4	c2_3	0.0423	0.0599	-0.6373	0.3330	1	0.0031	2.0091	0.0445
a1_6	a2_20	0.0671	0.0355	-0.0121	0.0171	1	0.0003	2.0074	0.0447
a1_8	a2_13	0.5451	0.4510	-1.1550	0.6109	1	0.1814	2.2389	0.0252
a1_9	b2_3	0.1325	0.1176	-0.3790	0.2014	1	0.0450	2.1931	0.0283
a2_1	a2_17	0.0643	0.0448	-0.4352	0.2349	1	0.0212	2.0887	0.0367
a2_1	a2_3	-0.2887	0.2434	0.8205	0.3743	1	-0.2163	-2.4844	0.0130
a2_13	b1_12	-0.2398	0.1293	0.5971	0.1796	1	-0.3943	-3.7819	0.0002
a2_14	b1_17	0.3184	0.1602	-0.1862	0.1025	1	0.1243	2.6537	0.0080
a2_14	b1_5	0.6751	0.2061	-0.0694	0.0347	1	0.3265	3.5625	0.0004
a2_16	a2_31	-0.4263	0.2265	0.7959	0.4836	1	-0.1542	-2.2887	0.0221
a2_16	a2_32	-0.8456	0.6519	0.7486	0.2380	1	-0.2062	-2.2972	0.0216
a2_16	b2_25	0.1434	0.0756	-0.1817	0.0709	1	0.1180	3.1383	0.0017
a2_17	b2_29	-0.0315	0.0591	0.3261	0.1685	1	-0.0006	-2.0031	0.0452
a2_17	c2_2	-0.2623	0.1389	0.1318	0.1005	1	-0.0511	-2.2977	0.0216
a2_18	b1_17	-0.2362	0.1399	-0.6735	0.1394	1	0.0423	2.2140	0.0268
a2_18	b2_20	0.0455	0.0601	0.3892	0.0518	1	-0.1849	-4.3291	0.0000
a2_18	b2_29	-0.1822	0.1917	0.8508	0.3783	1	-0.1848	-2.4358	0.0149
a2_21	a2_23	0.5441	0.2776	-0.1793	0.1918	1	0.0486	2.1442	0.0320
a2_22	b1_22	0.2967	0.1491	-0.0397	0.0562	1	0.0178	2.1117	0.0347
a2_22	b2_8	-0.4672	0.2510	0.1528	0.0970	1	-0.0817	-2.3036	0.0212
a2_22	c2_3	-0.2418	0.1913	0.2784	0.1028	1	-0.0859	-2.3957	0.0166
a2_23	b1_20	-0.1453	0.0340	0.0183	0.0618	1	-0.0226	-2.3207	0.0203
a2_26	b2_16	-0.4587	0.2689	0.9531	0.5642	1	-0.1619	-2.2591	0.0239
a2_27	b2_24	-0.4151	0.1750	0.0127	0.0180	1	-0.0760	-2.4319	0.0150
a2_28	b2_15	-0.4818	0.4875	0.7279	0.1824	1	-0.1688	-2.3243	0.0201
a2_3	b1_24	-0.0910	0.0552	0.0544	0.0152	1	-0.0309	-2.5397	0.0111
a2_31	b1_13	0.3990	0.2141	-0.2726	0.1495	1	0.1493	2.5715	0.0101
a2_32	b1_13	0.5210	0.3970	-0.8704	0.4020	1	0.2615	2.4628	0.0138
a2_4	b1_15	0.2342	0.2043	-0.4675	0.2672	1	0.0290	2.0863	0.0370
a2_4	b2_15	0.0033	0.3331	-0.9266	0.2026	1	0.1502	2.3853	0.0171
a2_6	b2_11	-0.1156	0.0848	0.8110	0.3756	1	-0.1564	-2.4061	0.0161
a2_8	b1_3	-0.3474	0.1749	0.0187	0.0496	1	-0.0025	-2.0137	0.0440
a2_8	b2_23	0.2883	0.1456	-0.0055	0.0068	1	0.0022	2.0153	0.0439
b1_1	b2_3	-0.1486	0.1914	0.8200	0.2285	1	-0.3724	-3.2492	0.0012
b1_1	b2_5	-0.2239	0.1473	0.8244	0.3975	1	-0.2006	-2.4732	0.0134
b1_10	b1_20	0.0605	0.1139	-0.6422	0.1767	1	0.2822	3.3423	0.0008
b1_11	b2_5	-0.1739	0.0942	-0.8112	0.1789	1	0.2328	3.1515	0.0016
b1_12	b1_14	0.0875	0.3860	-1.0278	0.2344	1	0.2121	2.4696	0.0135
b1_13	b2_13	0.4892	0.3432	-0.3058	0.1621	1	0.0358	2.0944	0.0362
b1_13	b2_24	0.2784	0.1392	-0.0756	0.0628	1	0.0486	2.3179	0.0205
b1_14	b1_17	0.0668	0.0971	-1.1919	0.4225	1	0.3917	2.9037	0.0037
b1_16	b2_5	0.1595	0.0981	-0.7241	0.1406	1	0.5406	5.1525	0.0000
b1_18	c2_1	-0.1236	0.0661	0.6589	0.3097	1	-0.1490	-2.4706	0.0135
b1_19	b1_25	-1.1251	0.5490	0.1362	0.2729	1	-0.0351	-2.0573	0.0397
b1_19	c2_0	-0.7492	0.1363	-0.2235	0.0793	1	-0.2104	-3.3341	0.0009
b1_20	b2_1	0.6202	0.0816	-0.2674	0.3025	1	0.2611	2.8336	0.0046
b1_20	b2_26	-0.4384	0.1545	-0.0887	0.0570	1	-0.0204	-2.1236	0.0337
b1_22	b2_1	0.3782	0.1962	-0.0509	0.0720	1	0.0112	2.0536	0.0400
b1_24	b2_28	-0.1501	0.1723	0.4114	0.1928	1	-0.0444	-2.1718	0.0299
b1_24	c2_5	-0.2663	0.1239	0.1781	0.0974	1	-0.1292	-2.8193	0.0048
b1_25	b2_3	0.2704	0.2735	-0.4332	0.2167	1	0.0057	2.0162	0.0438
b1_28	b2_20	0.1642	0.1302	-0.2434	0.1210	1	0.0521	2.2932	0.0218
b1_29	b2_25	-0.1146	0.1547	0.3174	0.1371	1	-0.0186	-2.0901	0.0366
b1_3	b2_24	0.3938	0.1484	0.0241	0.0249	1	0.0687	2.4568	0.0140
b1_4	c2_1	-0.0962	0.1360	0.3097	0.0427	1	-0.1207	-2.8467	0.0044
b1_6	b2_29	-0.0353	0.0500	-0.5148	0.0743	1	0.3004	5.3566	0.0000
b2_13	b2_24	-1.4430	0.4812	-0.1815	0.1742	1	-0.2380	-2.4650	0.0137
b2_14	b2_24	-0.5672	0.2936	0.0425	0.0293	1	-0.0196	-2.0664	0.0388
b2_18	b2_28	-0.8110	0.3558	0.5673	0.4784	1	-0.1858	-2.3116	0.0208
b2_19	b2_21	0.0463	0.1021	-0.9482	0.2733	1	0.4110	3.4085	0.0007
b2_28	c2_0	-0.4941	0.3343	0.2843	0.1810	1	-0.0181	-2.0477	0.0406
c2_4	c2_5	0.0588	0.0826	-0.6425	0.2588	1	0.1580	2.5814	0.0098
