rgn1	rgn2	bN82A.pcca2	bN82A.pcca2	WT.pcca2	WT.pcca2	lsdm	sdiff	score	pval
		mf	sf	mf	sf				
a1_0	b2_29	-0.4922	0.3614	0.3736	0.2055	1	-0.0344	-2.0826	0.0373
a1_0	b2_30	-0.4716	0.3395	0.3432	0.0442	1	-0.1300	-2.3797	0.0173
a1_10	c2_1	-0.4776	0.2408	0.0952	0.1346	1	-0.0211	-2.0766	0.0378
a1_11	b2_19	0.5419	0.1055	-0.9421	0.5151	1	0.4324	2.8224	0.0048
a1_11	b2_5	0.6947	0.2317	0.1573	0.0854	1	0.0435	2.1763	0.0295
a1_11	c2_1	-0.5042	0.2015	0.1122	0.1587	1	-0.1034	-2.4031	0.0163
a1_12	a2_20	-0.4070	0.0522	0.0395	0.0559	1	-0.2935	-5.8358	0.0000
a1_13	a1_19	0.1003	0.0888	-0.4224	0.2420	1	0.0072	2.0280	0.0426
a1_14	b2_17	0.1300	0.1838	-0.6365	0.2194	1	0.1940	2.6778	0.0074
a1_16	a2_1	-0.4578	0.2892	0.3676	0.1859	1	-0.1378	-2.4009	0.0164
a1_16	a2_29	-0.4243	0.3378	0.4019	0.2133	1	-0.0271	-2.0679	0.0387
a1_16	c2_5	0.2819	0.1412	-0.2262	0.1279	1	0.1270	2.6667	0.0077
a1_22	a2_22	-0.6271	0.2717	0.1180	0.2060	1	-0.0632	-2.1855	0.0289
a1_22	a2_26	0.6136	0.6719	-1.1572	0.5415	1	0.0449	2.0521	0.0402
a1_22	b2_1	0.4204	0.0770	0.0803	0.0438	1	0.1629	3.8381	0.0001
a1_23	b1_3	0.0830	0.0792	-0.1909	0.1092	1	0.0041	2.0303	0.0423
a1_24	b2_17	0.0199	0.0281	-0.2829	0.1171	1	0.0620	2.5150	0.0119
a1_25	a2_19	0.8177	0.3260	-1.4869	0.7751	1	0.6228	2.7407	0.0061
a1_25	a2_22	-0.9111	0.3144	0.6959	0.5840	1	-0.2805	-2.4229	0.0154
a1_26	c2_4	-0.4998	0.0450	-0.0172	0.0244	1	-0.3803	-9.4345	0.0000
a1_27	b1_17	-0.4635	0.0626	-0.0170	0.0983	1	-0.2133	-3.8295	0.0001
a1_4	a2_22	-0.4907	0.2126	0.8892	0.5019	1	-0.2896	-2.5313	0.0114
a1_4	b2_10	-0.2490	0.2886	0.7870	0.3790	1	-0.0833	-2.1749	0.0296
a1_6	a1_7	0.0260	0.0368	-0.2370	0.0837	1	0.0800	2.8752	0.0040
a1_6	a1_8	0.0823	0.1164	-0.3842	0.1289	1	0.1193	2.6868	0.0072
a1_6	b1_1	-0.0248	0.0351	-0.4135	0.1199	1	0.1389	3.1121	0.0019
a1_8	a2_13	-1.1550	0.6109	0.2108	0.2945	1	-0.0094	-2.0139	0.0440
a1_8	b2_8	-0.4182	0.2669	0.7544	0.4441	1	-0.1362	-2.2629	0.0236
a1_9	a2_29	-0.3535	0.1537	0.3565	0.2348	1	-0.1488	-2.5302	0.0114
a1_9	b1_1	0.3930	0.2833	-0.2420	0.1220	1	0.0180	2.0584	0.0396
a1_9	b2_21	-0.4622	0.1030	0.2885	0.1486	1	-0.3891	-4.1526	0.0000
a1_9	b2_8	-0.1128	0.0624	0.1702	0.0872	1	-0.0686	-2.6401	0.0083
a2_0	a2_20	-0.6844	0.2290	0.0345	0.2658	1	-0.0171	-2.0489	0.0405
a2_1	b2_17	0.1126	0.1592	0.9045	0.3513	1	-0.0206	-2.0534	0.0400
a2_13	b1_26	-1.0899	0.6623	0.3292	0.1772	1	-0.0481	-2.0702	0.0384
a2_13	b1_5	0.4728	0.1829	0.0378	0.0535	1	0.0539	2.2828	0.0224
a2_13	b2_25	0.3730	0.1607	-0.4601	0.3504	1	0.0621	2.1611	0.0307
a2_16	a2_32	0.7486	0.2380	0.0328	0.0464	1	0.2309	2.9525	0.0032
a2_2	b1_1	1.4082	0.7148	-0.6400	0.4288	1	0.3810	2.4571	0.0140
a2_23	b2_1	0.1410	0.0732	-0.4741	0.2290	1	0.1342	2.5581	0.0105
a2_23	b2_29	0.1943	0.1018	-0.8997	0.4188	1	0.2319	2.5382	0.0111
a2_23	b2_30	0.2010	0.1011	-0.8528	0.2107	1	0.5865	4.5102	0.0000
a2_25	c2_0	0.1968	0.1010	0.9112	0.1086	1	-0.4178	-4.8164	0.0000
a2_28	b1_17	0.6014	0.3479	-0.2615	0.1830	1	0.0766	2.1949	0.0282
a2_28	b2_26	0.0064	0.1562	0.7573	0.2168	1	-0.2165	-2.8103	0.0050
a2_29	b1_14	0.6539	0.3500	-0.5179	0.2478	1	0.3142	2.7328	0.0063
a2_29	b2_15	0.8742	0.4239	-0.2966	0.0730	1	0.3105	2.7217	0.0065
a2_3	a2_28	0.3846	0.3115	-1.3464	0.6446	1	0.2992	2.4179	0.0156
a2_3	b2_13	-0.3288	0.2186	0.5467	0.2480	1	-0.2144	-2.6486	0.0081
a2_3	b2_19	0.0058	0.2490	0.5996	0.1078	1	-0.0512	-2.1885	0.0286
a2_30	b2_16	-0.4366	0.2679	0.5488	0.2829	1	-0.2061	-2.5291	0.0114
a2_30	b2_17	-0.2012	0.2846	0.6081	0.2226	1	-0.0868	-2.2401	0.0251
a2_32	b1_13	-0.8704	0.4020	0.0218	0.0309	1	-0.0859	-2.2131	0.0269
a2_32	b1_3	-0.6395	0.2433	0.1001	0.1415	1	-0.1767	-2.6279	0.0086
a2_4	b2_3	0.8802	0.4722	-0.2126	0.2444	1	0.0295	2.0555	0.0398
a2_5	b2_20	-0.3820	0.1956	0.2039	0.0516	1	-0.1812	-2.8957	0.0038
a2_5	c2_5	-0.3672	0.1917	0.0378	0.0271	1	-0.0178	-2.0918	0.0365
a2_7	a2_12	-0.0539	0.0792	0.2598	0.1308	1	-0.0078	-2.0509	0.0403
b1_0	b2_17	-0.0013	0.0019	0.7714	0.3410	1	-0.0907	-2.2659	0.0235
b1_1	b2_5	0.8244	0.3975	-0.1404	0.2466	1	0.0293	2.0626	0.0391
b1_11	b2_5	-0.8112	0.1789	-0.0150	0.1038	1	-0.3825	-3.8487	0.0001
b1_11	c2_1	0.5641	0.1576	-0.0498	0.0704	1	0.2687	3.5563	0.0004
b1_13	b1_25	0.0715	0.3012	-0.7727	0.2006	1	0.1204	2.3328	0.0197
b1_14	b1_17	-1.1919	0.4225	-0.2234	0.1190	1	-0.0907	-2.2067	0.0273
b1_16	c2_1	0.5121	0.0804	-0.0358	0.0506	1	0.3578	5.7647	0.0000
b1_2	b2_15	-0.9499	0.3728	0.4211	0.3813	1	-0.3045	-2.5711	0.0101
b1_21	b2_15	-0.5177	0.2557	0.2134	0.1449	1	-0.1432	-2.4873	0.0129
b1_24	b2_28	0.4114	0.1928	-0.0638	0.0902	1	0.0495	2.2324	0.0256
b1_24	b2_4	-0.0908	0.0104	-0.0147	0.0209	1	-0.0294	-3.2616	0.0011
b1_24	b2_6	-0.6518	0.0049	0.2438	0.3447	1	-0.2060	-2.5975	0.0094
b1_27	b2_13	-0.0769	0.0395	0.2873	0.1480	1	-0.0579	-2.3782	0.0174
b1_4	b2_3	-0.3509	0.2185	0.4338	0.2639	1	-0.0995	-2.2903	0.0220
b1_4	b2_5	-0.5455	0.0287	-0.0624	0.0372	1	-0.3892	-10.2907	0.0000
b1_4	c2_1	0.3097	0.0427	-0.1387	0.1961	1	0.0469	2.2336	0.0255
b1_7	b2_19	-0.1673	0.1712	0.5160	0.1816	1	-0.1841	-2.7378	0.0062
b1_7	b2_27	-0.0358	0.1292	0.6766	0.2373	1	-0.1720	-2.6366	0.0084
b1_9	c2_1	0.3491	0.1451	-0.0251	0.0356	1	0.0755	2.5055	0.0122
b2_1	b2_5	-0.3389	0.2519	0.3406	0.2008	1	-0.0351	-2.1091	0.0349
b2_14	b2_31	0.4510	0.1409	-0.0667	0.0892	1	0.1843	3.1054	0.0019
b2_15	b2_30	1.1956	0.5628	-0.3245	0.4928	1	0.0239	2.0319	0.0422
b2_20	b2_26	-0.1790	0.1636	0.6584	0.2763	1	-0.1953	-2.6084	0.0091
b2_27	c2_5	-0.6917	0.3785	0.2332	0.2136	1	-0.0556	-2.1280	0.0333
b2_5	b2_19	-0.6618	0.1940	0.0174	0.1240	1	-0.2187	-2.9500	0.0032
b2_5	c2_1	0.5984	0.0995	-0.0425	0.0600	1	0.4085	5.5145	0.0000
b2_7	b2_28	0.7004	0.4232	-0.7663	0.5189	1	0.1276	2.1906	0.0285
