rgn1	rgn2	aT41A.pcca1	aT41A.pcca1	bN82A.pcca2	bN82A.pcca2	lsdm	sdiff	score	pval
		mf	sf	mf	sf				
K106b	Q116b	0.6951	0.3523	-0.5047	0.3165	1	0.2525	2.5332	0.0113
K106b	Q116s	0.6951	0.3523	-0.5047	0.3165	1	0.2525	2.5332	0.0113
K106s	Q116b	0.6951	0.3523	-0.5047	0.3165	1	0.2525	2.5332	0.0113
K106s	Q116s	0.6951	0.3523	-0.5047	0.3165	1	0.2525	2.5332	0.0113
M109b	A110b	0.1518	0.2147	-0.6213	0.3122	1	0.0153	2.0404	0.0413
M109b	A110s	0.1518	0.2147	-0.6213	0.3122	1	0.0153	2.0404	0.0413
M109s	A110b	0.1518	0.2147	-0.6213	0.3122	1	0.0153	2.0404	0.0413
M109s	A110s	0.1518	0.2147	-0.6213	0.3122	1	0.0153	2.0404	0.0413
P103b	P112b	-0.9418	0.6310	0.6942	0.3251	1	-0.2165	-2.3050	0.0212
P103b	P112s	-0.9418	0.6310	0.6942	0.3251	1	-0.2165	-2.3050	0.0212
P103s	P112b	-0.9418	0.6310	0.6942	0.3251	1	-0.2165	-2.3050	0.0212
P103s	P112s	-0.9418	0.6310	0.6942	0.3251	1	-0.2165	-2.3050	0.0212
R108b	M109b	-0.7104	0.3616	0.0734	0.1038	1	-0.0315	-2.0837	0.0372
R108b	M109s	-0.7104	0.3616	0.0734	0.1038	1	-0.0315	-2.0837	0.0372
R108s	M109b	-0.7104	0.3616	0.0734	0.1038	1	-0.0315	-2.0837	0.0372
R108s	M109s	-0.7104	0.3616	0.0734	0.1038	1	-0.0315	-2.0837	0.0372
