rgn1	rgn2	bN82A.pcca2	bN82A.pcca2	WT.pcca2	WT.pcca2	lsdm	sdiff	score	pval
		mf	sf	mf	sf				
K102b	P112b	-0.4207	0.2480	0.4820	0.3626	1	-0.0241	-2.0548	0.0399
K102b	P112s	-0.4207	0.2480	0.4820	0.3626	1	-0.0241	-2.0548	0.0399
K102s	P112b	-0.4207	0.2480	0.4820	0.3626	1	-0.0241	-2.0548	0.0399
K102s	P112s	-0.4207	0.2480	0.4820	0.3626	1	-0.0241	-2.0548	0.0399
M109b	A110b	-0.6213	0.3122	0.0412	0.0583	1	-0.0274	-2.0861	0.0370
M109b	A110s	-0.6213	0.3122	0.0412	0.0583	1	-0.0274	-2.0861	0.0370
M109s	A110b	-0.6213	0.3122	0.0412	0.0583	1	-0.0274	-2.0861	0.0370
M109s	A110s	-0.6213	0.3122	0.0412	0.0583	1	-0.0274	-2.0861	0.0370
P103b	P112b	0.6942	0.3251	-0.1666	0.2356	1	0.0579	2.1443	0.0320
P103b	P112s	0.6942	0.3251	-0.1666	0.2356	1	0.0579	2.1443	0.0320
P103s	P112b	0.6942	0.3251	-0.1666	0.2356	1	0.0579	2.1443	0.0320
P103s	P112s	0.6942	0.3251	-0.1666	0.2356	1	0.0579	2.1443	0.0320
