rgn1	rgn2	WT.pcca2	WT.pcca2	bN82A.pcca2	bN82A.pcca2	aT41A.pcca1	aT41A.pcca1
		mf	sf	mf	sf	mf	sf
A110b	A117b	0.1424	0.2014	-0.5698	1.1258	-0.3328	0.4707
A110b	A117s	0.1424	0.2014	-0.5698	1.1258	-0.3328	0.4707
A110b	L113b	1.6213	1.9953	0.3439	0.2466	0.1025	0.1449
A110b	L113s	1.6213	1.9953	0.3439	0.2466	0.1025	0.1449
A110b	L114b	1.6789	2.3292	0.3718	0.3268	0.2650	0.3748
A110b	L114s	1.6789	2.3292	0.3718	0.3268	0.2650	0.3748
A110b	L118b	-0.1685	0.2382	0.2043	0.2890	0.0835	0.1181
A110b	L118s	-0.1685	0.2382	0.2043	0.2890	0.0835	0.1181
A110b	M115b	-0.3200	0.4526	-0.0108	0.0152	-0.3106	0.4392
A110b	M115s	-0.3200	0.4526	-0.0108	0.0152	-0.3106	0.4392
A110b	M120b	0.2192	0.3100	0.1184	0.1675	0.1009	0.1428
A110b	M120s	0.2192	0.3100	0.1184	0.1675	0.1009	0.1428
A110b	P112b	0.1841	0.2603	1.0082	1.5307	-0.0279	0.0395
A110b	P112s	0.1841	0.2603	1.0082	1.5307	-0.0279	0.0395
A110b	P119b	0.1374	0.1943	0.2100	0.2970	-0.3333	0.4714
A110b	P119s	0.1374	0.1943	0.2100	0.2970	-0.3333	0.4714
A110b	Q116b	0.2000	0.5700	-0.5732	0.2937	-0.3088	0.4367
A110b	Q116s	0.2000	0.5700	-0.5732	0.2937	-0.3088	0.4367
A110b	T111b	0.3317	0.4691	0.1193	0.1687	-0.1350	0.1909
A110b	T111s	0.3317	0.4691	0.1193	0.1687	-0.1350	0.1909
A110s	A117b	0.1424	0.2014	-0.5698	1.1258	-0.3328	0.4707
A110s	A117s	0.1424	0.2014	-0.5698	1.1258	-0.3328	0.4707
A110s	L113b	1.6213	1.9953	0.3439	0.2466	0.1025	0.1449
A110s	L113s	1.6213	1.9953	0.3439	0.2466	0.1025	0.1449
A110s	L114b	1.6789	2.3292	0.3718	0.3268	0.2650	0.3748
A110s	L114s	1.6789	2.3292	0.3718	0.3268	0.2650	0.3748
A110s	L118b	-0.1685	0.2382	0.2043	0.2890	0.0835	0.1181
A110s	L118s	-0.1685	0.2382	0.2043	0.2890	0.0835	0.1181
A110s	M115b	-0.3200	0.4526	-0.0108	0.0152	-0.3106	0.4392
A110s	M115s	-0.3200	0.4526	-0.0108	0.0152	-0.3106	0.4392
A110s	M120b	0.2192	0.3100	0.1184	0.1675	0.1009	0.1428
A110s	M120s	0.2192	0.3100	0.1184	0.1675	0.1009	0.1428
A110s	P112b	0.1841	0.2603	1.0082	1.5307	-0.0279	0.0395
A110s	P112s	0.1841	0.2603	1.0082	1.5307	-0.0279	0.0395
A110s	P119b	0.1374	0.1943	0.2100	0.2970	-0.3333	0.4714
A110s	P119s	0.1374	0.1943	0.2100	0.2970	-0.3333	0.4714
A110s	Q116b	0.2000	0.5700	-0.5732	0.2937	-0.3088	0.4367
A110s	Q116s	0.2000	0.5700	-0.5732	0.2937	-0.3088	0.4367
A110s	T111b	0.3317	0.4691	0.1193	0.1687	-0.1350	0.1909
A110s	T111s	0.3317	0.4691	0.1193	0.1687	-0.1350	0.1909
A117b	L118b	-0.1881	0.2660	0.2081	0.2943	0.0655	0.0927
A117b	L118s	-0.1881	0.2660	0.2081	0.2943	0.0655	0.0927
A117b	M120b	0.1334	0.1887	0.2751	0.3891	0.1184	0.1674
A117b	M120s	0.1334	0.1887	0.2751	0.3891	0.1184	0.1674
A117b	P119b	-0.3333	0.4713	-0.3009	0.4255	-0.3327	0.4705
A117b	P119s	-0.3333	0.4713	-0.3009	0.4255	-0.3327	0.4705
A117s	L118b	-0.1881	0.2660	0.2081	0.2943	0.0655	0.0927
A117s	L118s	-0.1881	0.2660	0.2081	0.2943	0.0655	0.0927
A117s	M120b	0.1334	0.1887	0.2751	0.3891	0.1184	0.1674
A117s	M120s	0.1334	0.1887	0.2751	0.3891	0.1184	0.1674
A117s	P119b	-0.3333	0.4713	-0.3009	0.4255	-0.3327	0.4705
A117s	P119s	-0.3333	0.4713	-0.3009	0.4255	-0.3327	0.4705
K102b	A110b	0.4922	0.3467	-0.1981	0.2802	0.0000	0.0000
K102b	A110s	0.4922	0.3467	-0.1981	0.2802	0.0000	0.0000
K102b	A117b	-0.3324	0.4701	0.3070	0.4342	0.0000	0.0000
K102b	A117s	-0.3324	0.4701	0.3070	0.4342	0.0000	0.0000
K102b	K106b	0.1452	0.2054	-0.3478	0.1746	0.0000	0.0000
K102b	K106s	0.1452	0.2054	-0.3478	0.1746	0.0000	0.0000
K102b	L113b	-1.2277	1.8457	-0.1850	0.2616	0.0000	0.0000
K102b	L113s	-1.2277	1.8457	-0.1850	0.2616	0.0000	0.0000
K102b	L114b	-1.0024	0.7201	0.3147	0.4450	0.0000	0.0000
K102b	L114s	-1.0024	0.7201	0.3147	0.4450	0.0000	0.0000
K102b	L118b	-0.1669	0.2360	-0.6424	0.7636	0.0000	0.0000
K102b	L118s	-0.1669	0.2360	-0.6424	0.7636	0.0000	0.0000
K102b	M109b	0.2672	0.3779	-0.1185	0.1675	0.0000	0.0000
K102b	M109s	0.2672	0.3779	-0.1185	0.1675	0.0000	0.0000
K102b	M115b	0.2392	0.3382	-1.1166	1.0186	0.0000	0.0000
K102b	M115s	0.2392	0.3382	-1.1166	1.0186	0.0000	0.0000
K102b	M120b	0.0171	0.3046	-0.1801	0.2548	0.0000	0.0000
K102b	M120s	0.0171	0.3046	-0.1801	0.2548	0.0000	0.0000
K102b	P103b	-0.7229	2.1141	0.4625	0.2857	0.0000	0.0000
K102b	P103s	-0.7229	2.1141	0.4625	0.2857	0.0000	0.0000
K102b	P112b	0.4820	0.3626	-0.4207	0.2480	0.0000	0.0000
K102b	P112s	0.4820	0.3626	-0.4207	0.2480	0.0000	0.0000
K102b	P119b	-0.0106	0.9799	0.3330	0.4709	0.0000	0.0000
K102b	P119s	-0.0106	0.9799	0.3330	0.4709	0.0000	0.0000
K102b	Q116b	0.0874	0.8383	-0.0804	0.1137	0.0000	0.0000
K102b	Q116s	0.0874	0.8383	-0.0804	0.1137	0.0000	0.0000
K102b	R108b	0.4052	1.3815	0.3545	0.4914	0.0000	0.0000
K102b	R108s	0.4052	1.3815	0.3545	0.4914	0.0000	0.0000
K102b	S105b	0.7203	0.6064	-0.5579	0.6296	0.0000	0.0000
K102b	S105s	0.7203	0.6064	-0.5579	0.6296	0.0000	0.0000
K102b	T111b	-1.1653	1.3077	0.3212	0.4543	0.0000	0.0000
K102b	T111s	-1.1653	1.3077	0.3212	0.4543	0.0000	0.0000
K102b	V104b	0.0142	0.0201	-0.1466	0.2073	0.0000	0.0000
K102b	V104s	0.0142	0.0201	-0.1466	0.2073	0.0000	0.0000
K102b	W107b	-0.2641	0.3735	-0.1715	0.2425	0.0000	0.0000
K102b	W107s	-0.2641	0.3735	-0.1715	0.2425	0.0000	0.0000
K102s	A110b	0.4922	0.3467	-0.1981	0.2802	0.0000	0.0000
K102s	A110s	0.4922	0.3467	-0.1981	0.2802	0.0000	0.0000
K102s	A117b	-0.3324	0.4701	0.3070	0.4342	0.0000	0.0000
K102s	A117s	-0.3324	0.4701	0.3070	0.4342	0.0000	0.0000
K102s	K106b	0.1452	0.2054	-0.3478	0.1746	0.0000	0.0000
K102s	K106s	0.1452	0.2054	-0.3478	0.1746	0.0000	0.0000
K102s	L113b	-1.2277	1.8457	-0.1850	0.2616	0.0000	0.0000
K102s	L113s	-1.2277	1.8457	-0.1850	0.2616	0.0000	0.0000
K102s	L114b	-1.0024	0.7201	0.3147	0.4450	0.0000	0.0000
K102s	L114s	-1.0024	0.7201	0.3147	0.4450	0.0000	0.0000
K102s	L118b	-0.1669	0.2360	-0.6424	0.7636	0.0000	0.0000
K102s	L118s	-0.1669	0.2360	-0.6424	0.7636	0.0000	0.0000
K102s	M109b	0.2672	0.3779	-0.1185	0.1675	0.0000	0.0000
K102s	M109s	0.2672	0.3779	-0.1185	0.1675	0.0000	0.0000
K102s	M115b	0.2392	0.3382	-1.1166	1.0186	0.0000	0.0000
K102s	M115s	0.2392	0.3382	-1.1166	1.0186	0.0000	0.0000
K102s	M120b	0.0171	0.3046	-0.1801	0.2548	0.0000	0.0000
K102s	M120s	0.0171	0.3046	-0.1801	0.2548	0.0000	0.0000
K102s	P103b	-0.7229	2.1141	0.4625	0.2857	0.0000	0.0000
K102s	P103s	-0.7229	2.1141	0.4625	0.2857	0.0000	0.0000
K102s	P112b	0.4820	0.3626	-0.4207	0.2480	0.0000	0.0000
K102s	P112s	0.4820	0.3626	-0.4207	0.2480	0.0000	0.0000
K102s	P119b	-0.0106	0.9799	0.3330	0.4709	0.0000	0.0000
K102s	P119s	-0.0106	0.9799	0.3330	0.4709	0.0000	0.0000
K102s	Q116b	0.0874	0.8383	-0.0804	0.1137	0.0000	0.0000
K102s	Q116s	0.0874	0.8383	-0.0804	0.1137	0.0000	0.0000
K102s	R108b	0.4052	1.3815	0.3545	0.4914	0.0000	0.0000
K102s	R108s	0.4052	1.3815	0.3545	0.4914	0.0000	0.0000
K102s	S105b	0.7203	0.6064	-0.5579	0.6296	0.0000	0.0000
K102s	S105s	0.7203	0.6064	-0.5579	0.6296	0.0000	0.0000
K102s	T111b	-1.1653	1.3077	0.3212	0.4543	0.0000	0.0000
K102s	T111s	-1.1653	1.3077	0.3212	0.4543	0.0000	0.0000
K102s	V104b	0.0142	0.0201	-0.1466	0.2073	0.0000	0.0000
K102s	V104s	0.0142	0.0201	-0.1466	0.2073	0.0000	0.0000
K102s	W107b	-0.2641	0.3735	-0.1715	0.2425	0.0000	0.0000
K102s	W107s	-0.2641	0.3735	-0.1715	0.2425	0.0000	0.0000
K106b	A110b	0.1891	0.2675	-0.0795	0.8792	0.2820	0.3989
K106b	A110s	0.1891	0.2675	-0.0795	0.8792	0.2820	0.3989
K106b	A117b	0.1674	0.2368	0.1832	0.1417	0.2914	0.4122
K106b	A117s	0.1674	0.2368	0.1832	0.1417	0.2914	0.4122
K106b	L113b	0.1027	0.1452	0.3549	0.2194	-0.2558	0.3617
K106b	L113s	0.1027	0.1452	0.3549	0.2194	-0.2558	0.3617
K106b	L114b	0.1922	0.2718	0.3538	0.3103	0.5794	1.8875
K106b	L114s	0.1922	0.2718	0.3538	0.3103	0.5794	1.8875
K106b	L118b	0.3324	0.4701	-0.8691	2.0171	0.1013	0.1433
K106b	L118s	0.3324	0.4701	-0.8691	2.0171	0.1013	0.1433
K106b	M109b	-0.2958	0.4183	-0.7720	0.4253	0.0297	0.0420
K106b	M109s	-0.2958	0.4183	-0.7720	0.4253	0.0297	0.0420
K106b	M115b	0.1048	0.1482	-1.6523	2.6474	0.3273	0.4629
K106b	M115s	0.1048	0.1482	-1.6523	2.6474	0.3273	0.4629
K106b	M120b	-0.3312	0.4683	0.1397	0.1975	-0.2547	0.3602
K106b	M120s	-0.3312	0.4683	0.1397	0.1975	-0.2547	0.3602
K106b	P112b	-0.3333	0.4713	-0.7819	0.8341	-0.0246	0.4236
K106b	P112s	-0.3333	0.4713	-0.7819	0.8341	-0.0246	0.4236
K106b	P119b	0.1721	0.2435	0.1916	0.2710	0.2812	0.3976
K106b	P119s	0.1721	0.2435	0.1916	0.2710	0.2812	0.3976
K106b	Q116b	-0.2156	0.3048	-0.5047	0.3165	0.6951	0.3523
K106b	Q116s	-0.2156	0.3048	-0.5047	0.3165	0.6951	0.3523
K106b	R108b	0.1213	0.1716	0.1861	0.1633	-1.0109	1.7406
K106b	R108s	0.1213	0.1716	0.1861	0.1633	-1.0109	1.7406
K106b	T111b	-0.1612	0.2280	0.0976	0.1380	-0.0482	0.0682
K106b	T111s	-0.1612	0.2280	0.0976	0.1380	-0.0482	0.0682
K106b	W107b	0.2981	0.4216	0.1489	0.2105	-0.6793	1.3789
K106b	W107s	0.2981	0.4216	0.1489	0.2105	-0.6793	1.3789
K106s	A110b	0.1891	0.2675	-0.0795	0.8792	0.2820	0.3989
K106s	A110s	0.1891	0.2675	-0.0795	0.8792	0.2820	0.3989
K106s	A117b	0.1674	0.2368	0.1832	0.1417	0.2914	0.4122
K106s	A117s	0.1674	0.2368	0.1832	0.1417	0.2914	0.4122
K106s	L113b	0.1027	0.1452	0.3549	0.2194	-0.2558	0.3617
K106s	L113s	0.1027	0.1452	0.3549	0.2194	-0.2558	0.3617
K106s	L114b	0.1922	0.2718	0.3538	0.3103	0.5794	1.8875
K106s	L114s	0.1922	0.2718	0.3538	0.3103	0.5794	1.8875
K106s	L118b	0.3324	0.4701	-0.8691	2.0171	0.1013	0.1433
K106s	L118s	0.3324	0.4701	-0.8691	2.0171	0.1013	0.1433
K106s	M109b	-0.2958	0.4183	-0.7720	0.4253	0.0297	0.0420
K106s	M109s	-0.2958	0.4183	-0.7720	0.4253	0.0297	0.0420
K106s	M115b	0.1048	0.1482	-1.6523	2.6474	0.3273	0.4629
K106s	M115s	0.1048	0.1482	-1.6523	2.6474	0.3273	0.4629
K106s	M120b	-0.3312	0.4683	0.1397	0.1975	-0.2547	0.3602
K106s	M120s	-0.3312	0.4683	0.1397	0.1975	-0.2547	0.3602
K106s	P112b	-0.3333	0.4713	-0.7819	0.8341	-0.0246	0.4236
K106s	P112s	-0.3333	0.4713	-0.7819	0.8341	-0.0246	0.4236
K106s	P119b	0.1721	0.2435	0.1916	0.2710	0.2812	0.3976
K106s	P119s	0.1721	0.2435	0.1916	0.2710	0.2812	0.3976
K106s	Q116b	-0.2156	0.3048	-0.5047	0.3165	0.6951	0.3523
K106s	Q116s	-0.2156	0.3048	-0.5047	0.3165	0.6951	0.3523
K106s	R108b	0.1213	0.1716	0.1861	0.1633	-1.0109	1.7406
K106s	R108s	0.1213	0.1716	0.1861	0.1633	-1.0109	1.7406
K106s	T111b	-0.1612	0.2280	0.0976	0.1380	-0.0482	0.0682
K106s	T111s	-0.1612	0.2280	0.0976	0.1380	-0.0482	0.0682
K106s	W107b	0.2981	0.4216	0.1489	0.2105	-0.6793	1.3789
K106s	W107s	0.2981	0.4216	0.1489	0.2105	-0.6793	1.3789
L113b	A117b	-0.3258	0.4607	0.4881	0.2648	0.1199	0.1695
L113b	A117s	-0.3258	0.4607	0.4881	0.2648	0.1199	0.1695
L113b	L114b	0.6309	1.9272	-0.0559	0.3344	-0.2738	0.3873
L113b	L114s	0.6309	1.9272	-0.0559	0.3344	-0.2738	0.3873
L113b	L118b	-0.1257	0.1777	-0.3170	0.4484	0.2814	0.3980
L113b	L118s	-0.1257	0.1777	-0.3170	0.4484	0.2814	0.3980
L113b	M115b	0.2688	0.3801	-0.3098	0.4381	0.2107	0.2980
L113b	M115s	0.2688	0.3801	-0.3098	0.4381	0.2107	0.2980
L113b	M120b	-0.2731	0.6223	-0.3333	0.4713	-0.3333	0.4714
L113b	M120s	-0.2731	0.6223	-0.3333	0.4713	-0.3333	0.4714
L113b	P119b	-0.1864	0.7003	0.1723	0.2437	0.1009	0.1427
L113b	P119s	-0.1864	0.7003	0.1723	0.2437	0.1009	0.1427
L113b	Q116b	0.4712	0.3210	0.5447	0.3078	0.2143	0.3031
L113b	Q116s	0.4712	0.3210	0.5447	0.3078	0.2143	0.3031
L113s	A117b	-0.3258	0.4607	0.4881	0.2648	0.1199	0.1695
L113s	A117s	-0.3258	0.4607	0.4881	0.2648	0.1199	0.1695
L113s	L114b	0.6309	1.9272	-0.0559	0.3344	-0.2738	0.3873
L113s	L114s	0.6309	1.9272	-0.0559	0.3344	-0.2738	0.3873
L113s	L118b	-0.1257	0.1777	-0.3170	0.4484	0.2814	0.3980
L113s	L118s	-0.1257	0.1777	-0.3170	0.4484	0.2814	0.3980
L113s	M115b	0.2688	0.3801	-0.3098	0.4381	0.2107	0.2980
L113s	M115s	0.2688	0.3801	-0.3098	0.4381	0.2107	0.2980
L113s	M120b	-0.2731	0.6223	-0.3333	0.4713	-0.3333	0.4714
L113s	M120s	-0.2731	0.6223	-0.3333	0.4713	-0.3333	0.4714
L113s	P119b	-0.1864	0.7003	0.1723	0.2437	0.1009	0.1427
L113s	P119s	-0.1864	0.7003	0.1723	0.2437	0.1009	0.1427
L113s	Q116b	0.4712	0.3210	0.5447	0.3078	0.2143	0.3031
L113s	Q116s	0.4712	0.3210	0.5447	0.3078	0.2143	0.3031
L114b	A117b	-0.3320	0.4696	0.1832	1.0199	0.2758	0.3901
L114b	A117s	-0.3320	0.4696	0.1832	1.0199	0.2758	0.3901
L114b	L118b	-0.2117	0.2993	-0.0206	0.0291	0.1293	0.1829
L114b	L118s	-0.2117	0.2993	-0.0206	0.0291	0.1293	0.1829
L114b	M115b	0.1981	0.2802	0.1965	0.2778	-0.1761	1.2284
L114b	M115s	0.1981	0.2802	0.1965	0.2778	-0.1761	1.2284
L114b	M120b	0.1599	0.2261	0.0775	0.1096	-1.0364	0.9001
L114b	M120s	0.1599	0.2261	0.0775	0.1096	-1.0364	0.9001
L114b	P119b	-0.3325	0.4702	-0.3193	0.4516	0.4275	0.2616
L114b	P119s	-0.3325	0.4702	-0.3193	0.4516	0.4275	0.2616
L114b	Q116b	1.4558	1.3929	0.9442	0.9884	0.4425	0.3737
L114b	Q116s	1.4558	1.3929	0.9442	0.9884	0.4425	0.3737
L114s	A117b	-0.3320	0.4696	0.1832	1.0199	0.2758	0.3901
L114s	A117s	-0.3320	0.4696	0.1832	1.0199	0.2758	0.3901
L114s	L118b	-0.2117	0.2993	-0.0206	0.0291	0.1293	0.1829
L114s	L118s	-0.2117	0.2993	-0.0206	0.0291	0.1293	0.1829
L114s	M115b	0.1981	0.2802	0.1965	0.2778	-0.1761	1.2284
L114s	M115s	0.1981	0.2802	0.1965	0.2778	-0.1761	1.2284
L114s	M120b	0.1599	0.2261	0.0775	0.1096	-1.0364	0.9001
L114s	M120s	0.1599	0.2261	0.0775	0.1096	-1.0364	0.9001
L114s	P119b	-0.3325	0.4702	-0.3193	0.4516	0.4275	0.2616
L114s	P119s	-0.3325	0.4702	-0.3193	0.4516	0.4275	0.2616
L114s	Q116b	1.4558	1.3929	0.9442	0.9884	0.4425	0.3737
L114s	Q116s	1.4558	1.3929	0.9442	0.9884	0.4425	0.3737
L118b	M120b	0.3275	0.4631	-0.3188	0.4508	0.2823	0.3992
L118b	M120s	0.3275	0.4631	-0.3188	0.4508	0.2823	0.3992
L118b	P119b	-0.1926	0.2724	0.0758	0.1072	0.0851	0.1203
L118b	P119s	-0.1926	0.2724	0.0758	0.1072	0.0851	0.1203
L118s	M120b	0.3275	0.4631	-0.3188	0.4508	0.2823	0.3992
L118s	M120s	0.3275	0.4631	-0.3188	0.4508	0.2823	0.3992
L118s	P119b	-0.1926	0.2724	0.0758	0.1072	0.0851	0.1203
L118s	P119s	-0.1926	0.2724	0.0758	0.1072	0.0851	0.1203
M109b	A110b	0.0412	0.0583	-0.6213	0.3122	0.1518	0.2147
M109b	A110s	0.0412	0.0583	-0.6213	0.3122	0.1518	0.2147
M109b	A117b	0.2815	0.3981	-0.5169	0.7826	0.1352	0.1912
M109b	A117s	0.2815	0.3981	-0.5169	0.7826	0.1352	0.1912
M109b	L113b	0.2373	0.3356	0.3155	0.1907	0.2357	0.3333
M109b	L113s	0.2373	0.3356	0.3155	0.1907	0.2357	0.3333
M109b	L114b	0.2961	0.4188	0.2655	0.2791	-0.1403	0.3944
M109b	L114s	0.2961	0.4188	0.2655	0.2791	-0.1403	0.3944
M109b	L118b	0.3063	0.4331	0.2678	0.3788	-0.3253	0.4601
M109b	L118s	0.3063	0.4331	0.2678	0.3788	-0.3253	0.4601
M109b	M115b	-0.0529	0.0748	0.0795	0.1125	0.1138	0.0900
M109b	M115s	-0.0529	0.0748	0.0795	0.1125	0.1138	0.0900
M109b	M120b	-0.2763	0.3908	0.1981	0.2802	0.3124	0.2879
M109b	M120s	-0.2763	0.3908	0.1981	0.2802	0.3124	0.2879
M109b	P112b	-0.2985	0.4222	0.9452	1.1825	0.3084	0.4362
M109b	P112s	-0.2985	0.4222	0.9452	1.1825	0.3084	0.4362
M109b	P119b	0.2844	0.4022	0.1323	0.1872	0.2271	0.1647
M109b	P119s	0.2844	0.4022	0.1323	0.1872	0.2271	0.1647
M109b	Q116b	-0.3085	0.4363	-0.4852	0.3593	0.0290	0.0410
M109b	Q116s	-0.3085	0.4363	-0.4852	0.3593	0.0290	0.0410
M109b	T111b	-0.0085	0.0120	0.0309	0.0437	0.4414	0.4023
M109b	T111s	-0.0085	0.0120	0.0309	0.0437	0.4414	0.4023
M109s	A110b	0.0412	0.0583	-0.6213	0.3122	0.1518	0.2147
M109s	A110s	0.0412	0.0583	-0.6213	0.3122	0.1518	0.2147
M109s	A117b	0.2815	0.3981	-0.5169	0.7826	0.1352	0.1912
M109s	A117s	0.2815	0.3981	-0.5169	0.7826	0.1352	0.1912
M109s	L113b	0.2373	0.3356	0.3155	0.1907	0.2357	0.3333
M109s	L113s	0.2373	0.3356	0.3155	0.1907	0.2357	0.3333
M109s	L114b	0.2961	0.4188	0.2655	0.2791	-0.1403	0.3944
M109s	L114s	0.2961	0.4188	0.2655	0.2791	-0.1403	0.3944
M109s	L118b	0.3063	0.4331	0.2678	0.3788	-0.3253	0.4601
M109s	L118s	0.3063	0.4331	0.2678	0.3788	-0.3253	0.4601
M109s	M115b	-0.0529	0.0748	0.0795	0.1125	0.1138	0.0900
M109s	M115s	-0.0529	0.0748	0.0795	0.1125	0.1138	0.0900
M109s	M120b	-0.2763	0.3908	0.1981	0.2802	0.3124	0.2879
M109s	M120s	-0.2763	0.3908	0.1981	0.2802	0.3124	0.2879
M109s	P112b	-0.2985	0.4222	0.9452	1.1825	0.3084	0.4362
M109s	P112s	-0.2985	0.4222	0.9452	1.1825	0.3084	0.4362
M109s	P119b	0.2844	0.4022	0.1323	0.1872	0.2271	0.1647
M109s	P119s	0.2844	0.4022	0.1323	0.1872	0.2271	0.1647
M109s	Q116b	-0.3085	0.4363	-0.4852	0.3593	0.0290	0.0410
M109s	Q116s	-0.3085	0.4363	-0.4852	0.3593	0.0290	0.0410
M109s	T111b	-0.0085	0.0120	0.0309	0.0437	0.4414	0.4023
M109s	T111s	-0.0085	0.0120	0.0309	0.0437	0.4414	0.4023
M115b	A117b	0.2210	0.3125	0.3264	0.4616	-0.3168	0.4480
M115b	A117s	0.2210	0.3125	0.3264	0.4616	-0.3168	0.4480
M115b	L118b	-0.0813	0.1150	-0.4751	0.2443	-0.0394	0.0558
M115b	L118s	-0.0813	0.1150	-0.4751	0.2443	-0.0394	0.0558
M115b	M120b	0.1402	0.1983	-0.3076	0.4350	-0.1898	0.9180
M115b	M120s	0.1402	0.1983	-0.3076	0.4350	-0.1898	0.9180
M115b	P119b	0.2168	0.3066	0.2655	0.3755	1.0219	2.5152
M115b	P119s	0.2168	0.3066	0.2655	0.3755	1.0219	2.5152
M115b	Q116b	-0.1736	0.2455	0.1176	0.1663	-0.3333	0.4714
M115b	Q116s	-0.1736	0.2455	0.1176	0.1663	-0.3333	0.4714
M115s	A117b	0.2210	0.3125	0.3264	0.4616	-0.3168	0.4480
M115s	A117s	0.2210	0.3125	0.3264	0.4616	-0.3168	0.4480
M115s	L118b	-0.0813	0.1150	-0.4751	0.2443	-0.0394	0.0558
M115s	L118s	-0.0813	0.1150	-0.4751	0.2443	-0.0394	0.0558
M115s	M120b	0.1402	0.1983	-0.3076	0.4350	-0.1898	0.9180
M115s	M120s	0.1402	0.1983	-0.3076	0.4350	-0.1898	0.9180
M115s	P119b	0.2168	0.3066	0.2655	0.3755	1.0219	2.5152
M115s	P119s	0.2168	0.3066	0.2655	0.3755	1.0219	2.5152
M115s	Q116b	-0.1736	0.2455	0.1176	0.1663	-0.3333	0.4714
M115s	Q116s	-0.1736	0.2455	0.1176	0.1663	-0.3333	0.4714
MHCII	A110b	0.0142	0.0355	-0.0959	0.0817	0.0157	0.0222
MHCII	A110s	0.0142	0.0355	-0.0959	0.0817	0.0157	0.0222
MHCII	A117b	0.0023	0.0032	-0.0014	0.0007	0.0158	0.0224
MHCII	A117s	0.0023	0.0032	-0.0014	0.0007	0.0158	0.0224
MHCII	K102b	0.1126	0.0915	-0.0145	0.0104	0.0000	0.0000
MHCII	K102s	0.1126	0.0915	-0.0145	0.0104	0.0000	0.0000
MHCII	K106b	0.0022	0.0031	0.0808	0.2174	0.0395	0.1055
MHCII	K106s	0.0022	0.0031	0.0808	0.2174	0.0395	0.1055
MHCII	L113b	-0.3082	0.3139	-0.0833	0.1761	-0.0076	0.0108
MHCII	L113s	-0.3082	0.3139	-0.0833	0.1761	-0.0076	0.0108
MHCII	L114b	0.1482	0.2288	-0.0237	0.0887	-0.0382	0.3890
MHCII	L114s	0.1482	0.2288	-0.0237	0.0887	-0.0382	0.3890
MHCII	L118b	-0.0019	0.0027	0.0136	0.0444	-0.0011	0.0015
MHCII	L118s	-0.0019	0.0027	0.0136	0.0444	-0.0011	0.0015
MHCII	M109b	0.0001	0.0002	0.1812	0.3637	-0.1117	0.1638
MHCII	M109s	0.0001	0.0002	0.1812	0.3637	-0.1117	0.1638
MHCII	M115b	-0.0044	0.0062	-0.0058	0.0274	-0.0105	0.0629
MHCII	M115s	-0.0044	0.0062	-0.0058	0.0274	-0.0105	0.0629
MHCII	M120b	-0.1578	0.2569	0.0157	0.0223	-0.0671	0.0850
MHCII	M120s	-0.1578	0.2569	0.0157	0.0223	-0.0671	0.0850
MHCII	MHCII	-0.0244	0.0265	0.0067	0.0099	-0.0251	0.0680
MHCII	P103b	0.1250	0.2045	0.0160	0.0436	0.0463	0.0597
MHCII	P103s	0.1250	0.2045	0.0160	0.0436	0.0463	0.0597
MHCII	P112b	-0.0592	0.0997	0.1203	0.1926	0.0962	0.1567
MHCII	P112s	-0.0592	0.0997	0.1203	0.1926	0.0962	0.1567
MHCII	P119b	0.0135	0.0153	0.0109	0.0154	-0.2330	0.4132
MHCII	P119s	0.0135	0.0153	0.0109	0.0154	-0.2330	0.4132
MHCII	Q116b	0.0713	0.1172	0.0628	0.1768	-0.0177	0.0739
MHCII	Q116s	0.0713	0.1172	0.0628	0.1768	-0.0177	0.0739
MHCII	R108b	-0.0270	0.0395	0.0065	0.0093	-0.1777	0.1451
MHCII	R108s	-0.0270	0.0395	0.0065	0.0093	-0.1777	0.1451
MHCII	S105b	-0.0420	0.0538	0.0618	0.1960	-0.0854	0.0940
MHCII	S105s	-0.0420	0.0538	0.0618	0.1960	-0.0854	0.0940
MHCII	T111b	0.0574	0.0781	0.0027	0.0038	0.0378	0.0494
MHCII	T111s	0.0574	0.0781	0.0027	0.0038	0.0378	0.0494
MHCII	V104b	0.0036	0.0051	0.0181	0.0257	-0.0153	0.0216
MHCII	V104s	0.0036	0.0051	0.0181	0.0257	-0.0153	0.0216
MHCII	W107b	-0.0002	0.0003	0.0164	0.0232	-0.0682	0.1054
MHCII	W107s	-0.0002	0.0003	0.0164	0.0232	-0.0682	0.1054
P103b	A110b	-0.5710	0.4999	0.5006	0.3023	-0.0676	0.0956
P103b	A110s	-0.5710	0.4999	0.5006	0.3023	-0.0676	0.0956
P103b	A117b	0.3333	0.4713	-1.0464	1.1056	-0.0494	0.0699
P103b	A117s	0.3333	0.4713	-1.0464	1.1056	-0.0494	0.0699
P103b	K106b	-0.1613	0.2281	-0.1076	1.7915	-0.8060	0.9485
P103b	K106s	-0.1613	0.2281	-0.1076	1.7915	-0.8060	0.9485
P103b	L113b	1.2774	1.1318	1.2148	1.8681	-0.2898	0.4099
P103b	L113s	1.2774	1.1318	1.2148	1.8681	-0.2898	0.4099
P103b	L114b	0.6813	0.3418	0.1719	1.2416	0.1903	2.7871
P103b	L114s	0.6813	0.3418	0.1719	1.2416	0.1903	2.7871
P103b	L118b	0.1823	0.2578	0.9643	1.7689	0.3329	0.4708
P103b	L118s	0.1823	0.2578	0.9643	1.7689	0.3329	0.4708
P103b	M109b	-0.2776	0.3926	-2.3899	4.5262	1.0485	0.8033
P103b	M109s	-0.2776	0.3926	-2.3899	4.5262	1.0485	0.8033
P103b	M115b	-0.2262	0.3199	1.7411	2.3579	0.3763	0.4399
P103b	M115s	-0.2262	0.3199	1.7411	2.3579	0.3763	0.4399
P103b	M120b	-0.1270	0.1796	0.0128	0.0181	0.3415	1.3945
P103b	M120s	-0.1270	0.1796	0.0128	0.0181	0.3415	1.3945
P103b	P112b	-0.1666	0.2356	0.6942	0.3251	-0.9418	0.6310
P103b	P112s	-0.1666	0.2356	0.6942	0.3251	-0.9418	0.6310
P103b	P119b	0.3331	0.4711	-0.2945	0.4164	1.3133	2.2743
P103b	P119s	0.3331	0.4711	-0.2945	0.4164	1.3133	2.2743
P103b	Q116b	-0.7712	0.4240	-0.9237	2.1368	-0.1666	0.4385
P103b	Q116s	-0.7712	0.4240	-0.9237	2.1368	-0.1666	0.4385
P103b	R108b	0.8976	0.5724	-0.3069	0.3557	-0.0264	2.5099
P103b	R108s	0.8976	0.5724	-0.3069	0.3557	-0.0264	2.5099
P103b	S105b	-0.1826	0.2583	1.3630	1.1263	0.3411	0.8851
P103b	S105s	-0.1826	0.2583	1.3630	1.1263	0.3411	0.8851
P103b	T111b	0.1773	0.2508	-0.2315	0.3274	-0.4717	0.3584
P103b	T111s	0.1773	0.2508	-0.2315	0.3274	-0.4717	0.3584
P103b	V104b	-0.0322	0.0456	-0.0257	0.0364	-0.0906	0.1281
P103b	V104s	-0.0322	0.0456	-0.0257	0.0364	-0.0906	0.1281
P103b	W107b	0.2748	0.3886	0.0026	0.0036	1.1775	0.9668
P103b	W107s	0.2748	0.3886	0.0026	0.0036	1.1775	0.9668
P103s	A110b	-0.5710	0.4999	0.5006	0.3023	-0.0676	0.0956
P103s	A110s	-0.5710	0.4999	0.5006	0.3023	-0.0676	0.0956
P103s	A117b	0.3333	0.4713	-1.0464	1.1056	-0.0494	0.0699
P103s	A117s	0.3333	0.4713	-1.0464	1.1056	-0.0494	0.0699
P103s	K106b	-0.1613	0.2281	-0.1076	1.7915	-0.8060	0.9485
P103s	K106s	-0.1613	0.2281	-0.1076	1.7915	-0.8060	0.9485
P103s	L113b	1.2774	1.1318	1.2148	1.8681	-0.2898	0.4099
P103s	L113s	1.2774	1.1318	1.2148	1.8681	-0.2898	0.4099
P103s	L114b	0.6813	0.3418	0.1719	1.2416	0.1903	2.7871
P103s	L114s	0.6813	0.3418	0.1719	1.2416	0.1903	2.7871
P103s	L118b	0.1823	0.2578	0.9643	1.7689	0.3329	0.4708
P103s	L118s	0.1823	0.2578	0.9643	1.7689	0.3329	0.4708
P103s	M109b	-0.2776	0.3926	-2.3899	4.5262	1.0485	0.8033
P103s	M109s	-0.2776	0.3926	-2.3899	4.5262	1.0485	0.8033
P103s	M115b	-0.2262	0.3199	1.7411	2.3579	0.3763	0.4399
P103s	M115s	-0.2262	0.3199	1.7411	2.3579	0.3763	0.4399
P103s	M120b	-0.1270	0.1796	0.0128	0.0181	0.3415	1.3945
P103s	M120s	-0.1270	0.1796	0.0128	0.0181	0.3415	1.3945
P103s	P112b	-0.1666	0.2356	0.6942	0.3251	-0.9418	0.6310
P103s	P112s	-0.1666	0.2356	0.6942	0.3251	-0.9418	0.6310
P103s	P119b	0.3331	0.4711	-0.2945	0.4164	1.3133	2.2743
P103s	P119s	0.3331	0.4711	-0.2945	0.4164	1.3133	2.2743
P103s	Q116b	-0.7712	0.4240	-0.9237	2.1368	-0.1666	0.4385
P103s	Q116s	-0.7712	0.4240	-0.9237	2.1368	-0.1666	0.4385
P103s	R108b	0.8976	0.5724	-0.3069	0.3557	-0.0264	2.5099
P103s	R108s	0.8976	0.5724	-0.3069	0.3557	-0.0264	2.5099
P103s	S105b	-0.1826	0.2583	1.3630	1.1263	0.3411	0.8851
P103s	S105s	-0.1826	0.2583	1.3630	1.1263	0.3411	0.8851
P103s	T111b	0.1773	0.2508	-0.2315	0.3274	-0.4717	0.3584
P103s	T111s	0.1773	0.2508	-0.2315	0.3274	-0.4717	0.3584
P103s	V104b	-0.0322	0.0456	-0.0257	0.0364	-0.0906	0.1281
P103s	V104s	-0.0322	0.0456	-0.0257	0.0364	-0.0906	0.1281
P103s	W107b	0.2748	0.3886	0.0026	0.0036	1.1775	0.9668
P103s	W107s	0.2748	0.3886	0.0026	0.0036	1.1775	0.9668
P112b	A117b	0.1727	0.2442	0.7294	0.3906	-0.0095	0.0134
P112b	A117s	0.1727	0.2442	0.7294	0.3906	-0.0095	0.0134
P112b	L113b	0.5222	0.5271	-0.7230	0.3819	-0.3075	0.4349
P112b	L113s	0.5222	0.5271	-0.7230	0.3819	-0.3075	0.4349
P112b	L114b	0.1971	0.2788	0.0009	0.5050	-0.8359	0.8292
P112b	L114s	0.1971	0.2788	0.0009	0.5050	-0.8359	0.8292
P112b	L118b	0.3328	0.4707	-1.3816	1.4221	0.3286	0.4647
P112b	L118s	0.3328	0.4707	-1.3816	1.4221	0.3286	0.4647
P112b	M115b	0.0990	0.1400	-2.0176	2.2681	0.0947	0.1339
P112b	M115s	0.0990	0.1400	-2.0176	2.2681	0.0947	0.1339
P112b	M120b	0.3454	1.5192	-0.3188	0.4509	-0.3081	0.4357
P112b	M120s	0.3454	1.5192	-0.3188	0.4509	-0.3081	0.4357
P112b	P119b	-0.3782	1.1155	0.2442	0.3454	-0.0295	0.0418
P112b	P119s	-0.3782	1.1155	0.2442	0.3454	-0.0295	0.0418
P112b	Q116b	-0.2202	0.3114	0.5483	0.4674	-0.5040	1.0833
P112b	Q116s	-0.2202	0.3114	0.5483	0.4674	-0.5040	1.0833
P112s	A117b	0.1727	0.2442	0.7294	0.3906	-0.0095	0.0134
P112s	A117s	0.1727	0.2442	0.7294	0.3906	-0.0095	0.0134
P112s	L113b	0.5222	0.5271	-0.7230	0.3819	-0.3075	0.4349
P112s	L113s	0.5222	0.5271	-0.7230	0.3819	-0.3075	0.4349
P112s	L114b	0.1971	0.2788	0.0009	0.5050	-0.8359	0.8292
P112s	L114s	0.1971	0.2788	0.0009	0.5050	-0.8359	0.8292
P112s	L118b	0.3328	0.4707	-1.3816	1.4221	0.3286	0.4647
P112s	L118s	0.3328	0.4707	-1.3816	1.4221	0.3286	0.4647
P112s	M115b	0.0990	0.1400	-2.0176	2.2681	0.0947	0.1339
P112s	M115s	0.0990	0.1400	-2.0176	2.2681	0.0947	0.1339
P112s	M120b	0.3454	1.5192	-0.3188	0.4509	-0.3081	0.4357
P112s	M120s	0.3454	1.5192	-0.3188	0.4509	-0.3081	0.4357
P112s	P119b	-0.3782	1.1155	0.2442	0.3454	-0.0295	0.0418
P112s	P119s	-0.3782	1.1155	0.2442	0.3454	-0.0295	0.0418
P112s	Q116b	-0.2202	0.3114	0.5483	0.4674	-0.5040	1.0833
P112s	Q116s	-0.2202	0.3114	0.5483	0.4674	-0.5040	1.0833
P119b	M120b	1.3912	1.8104	0.1674	0.2367	-0.2726	0.7201
P119b	M120s	1.3912	1.8104	0.1674	0.2367	-0.2726	0.7201
P119s	M120b	1.3912	1.8104	0.1674	0.2367	-0.2726	0.7201
P119s	M120s	1.3912	1.8104	0.1674	0.2367	-0.2726	0.7201
Q116b	A117b	0.3281	0.4640	-0.2582	0.2652	-0.3153	0.4459
Q116b	A117s	0.3281	0.4640	-0.2582	0.2652	-0.3153	0.4459
Q116b	L118b	0.2336	0.3304	0.2896	0.4096	-0.0441	0.0623
Q116b	L118s	0.2336	0.3304	0.2896	0.4096	-0.0441	0.0623
Q116b	M120b	-0.1852	0.2618	0.2287	0.3235	0.2131	0.3013
Q116b	M120s	-0.1852	0.2618	0.2287	0.3235	0.2131	0.3013
Q116b	P119b	0.3290	0.4653	0.0949	0.1342	-0.3082	0.4359
Q116b	P119s	0.3290	0.4653	0.0949	0.1342	-0.3082	0.4359
Q116s	A117b	0.3281	0.4640	-0.2582	0.2652	-0.3153	0.4459
Q116s	A117s	0.3281	0.4640	-0.2582	0.2652	-0.3153	0.4459
Q116s	L118b	0.2336	0.3304	0.2896	0.4096	-0.0441	0.0623
Q116s	L118s	0.2336	0.3304	0.2896	0.4096	-0.0441	0.0623
Q116s	M120b	-0.1852	0.2618	0.2287	0.3235	0.2131	0.3013
Q116s	M120s	-0.1852	0.2618	0.2287	0.3235	0.2131	0.3013
Q116s	P119b	0.3290	0.4653	0.0949	0.1342	-0.3082	0.4359
Q116s	P119s	0.3290	0.4653	0.0949	0.1342	-0.3082	0.4359
R108b	A110b	0.5648	0.4024	0.1584	0.2240	0.1336	0.1889
R108b	A110s	0.5648	0.4024	0.1584	0.2240	0.1336	0.1889
R108b	A117b	-0.3294	0.4659	-0.3223	0.4557	0.1165	0.1647
R108b	A117s	-0.3294	0.4659	-0.3223	0.4557	0.1165	0.1647
R108b	L113b	-1.0847	2.1896	0.2222	0.3142	0.2496	0.3529
R108b	L113s	-1.0847	2.1896	0.2222	0.3142	0.2496	0.3529
R108b	L114b	0.4847	1.7151	-0.2960	0.4187	1.7319	3.1018
R108b	L114s	0.4847	1.7151	-0.2960	0.4187	1.7319	3.1018
R108b	L118b	-0.1438	0.2033	7.6585	11.7268	-0.3291	0.4655
R108b	L118s	-0.1438	0.2033	7.6585	11.7268	-0.3291	0.4655
R108b	M109b	0.2508	0.3547	0.0734	0.1038	-0.7104	0.3616
R108b	M109s	0.2508	0.3547	0.0734	0.1038	-0.7104	0.3616
R108b	M115b	0.2566	0.3628	11.7761	17.7730	0.3397	0.4989
R108b	M115s	0.2566	0.3628	11.7761	17.7730	0.3397	0.4989
R108b	M120b	-0.6628	1.2927	0.2179	0.3081	0.7069	0.4691
R108b	M120s	-0.6628	1.2927	0.2179	0.3081	0.7069	0.4691
R108b	P112b	-0.3461	0.9166	2.5513	3.2424	-1.9937	4.0613
R108b	P112s	-0.3461	0.9166	2.5513	3.2424	-1.9937	4.0613
R108b	P119b	-0.4363	0.3966	-0.3276	0.4632	-1.1602	2.2225
R108b	P119s	-0.4363	0.3966	-0.3276	0.4632	-1.1602	2.2225
R108b	Q116b	0.2152	0.6323	0.0340	0.0481	4.2502	6.6952
R108b	Q116s	0.2152	0.6323	0.0340	0.0481	4.2502	6.6952
R108b	T111b	0.5456	1.4830	-0.3306	0.4675	0.6662	0.3331
R108b	T111s	0.5456	1.4830	-0.3306	0.4675	0.6662	0.3331
R108s	A110b	0.5648	0.4024	0.1584	0.2240	0.1336	0.1889
R108s	A110s	0.5648	0.4024	0.1584	0.2240	0.1336	0.1889
R108s	A117b	-0.3294	0.4659	-0.3223	0.4557	0.1165	0.1647
R108s	A117s	-0.3294	0.4659	-0.3223	0.4557	0.1165	0.1647
R108s	L113b	-1.0847	2.1896	0.2222	0.3142	0.2496	0.3529
R108s	L113s	-1.0847	2.1896	0.2222	0.3142	0.2496	0.3529
R108s	L114b	0.4847	1.7151	-0.2960	0.4187	1.7319	3.1018
R108s	L114s	0.4847	1.7151	-0.2960	0.4187	1.7319	3.1018
R108s	L118b	-0.1438	0.2033	7.6585	11.7268	-0.3291	0.4655
R108s	L118s	-0.1438	0.2033	7.6585	11.7268	-0.3291	0.4655
R108s	M109b	0.2508	0.3547	0.0734	0.1038	-0.7104	0.3616
R108s	M109s	0.2508	0.3547	0.0734	0.1038	-0.7104	0.3616
R108s	M115b	0.2566	0.3628	11.7761	17.7730	0.3397	0.4989
R108s	M115s	0.2566	0.3628	11.7761	17.7730	0.3397	0.4989
R108s	M120b	-0.6628	1.2927	0.2179	0.3081	0.7069	0.4691
R108s	M120s	-0.6628	1.2927	0.2179	0.3081	0.7069	0.4691
R108s	P112b	-0.3461	0.9166	2.5513	3.2424	-1.9937	4.0613
R108s	P112s	-0.3461	0.9166	2.5513	3.2424	-1.9937	4.0613
R108s	P119b	-0.4363	0.3966	-0.3276	0.4632	-1.1602	2.2225
R108s	P119s	-0.4363	0.3966	-0.3276	0.4632	-1.1602	2.2225
R108s	Q116b	0.2152	0.6323	0.0340	0.0481	4.2502	6.6952
R108s	Q116s	0.2152	0.6323	0.0340	0.0481	4.2502	6.6952
R108s	T111b	0.5456	1.4830	-0.3306	0.4675	0.6662	0.3331
R108s	T111s	0.5456	1.4830	-0.3306	0.4675	0.6662	0.3331
S105b	A110b	-0.3310	0.4682	-0.0318	0.8880	0.2808	0.3971
S105b	A110s	-0.3310	0.4682	-0.0318	0.8880	0.2808	0.3971
S105b	A117b	0.1767	0.2499	-0.1197	0.0818	0.2903	0.4106
S105b	A117s	0.1767	0.2499	-0.1197	0.0818	0.2903	0.4106
S105b	K106b	0.1557	0.2202	-0.9178	0.5378	-0.3333	0.4714
S105b	K106s	0.1557	0.2202	-0.9178	0.5378	-0.3333	0.4714
S105b	L113b	-0.2262	1.0429	0.6992	0.5309	-0.2572	0.3638
S105b	L113s	-0.2262	1.0429	0.6992	0.5309	-0.2572	0.3638
S105b	L114b	0.1511	0.2136	0.3928	0.1970	0.0400	1.0567
S105b	L114s	0.1511	0.2136	0.3928	0.1970	0.0400	1.0567
S105b	L118b	-0.1336	0.1890	-0.1099	1.0187	0.1035	0.1464
S105b	L118s	-0.1336	0.1890	-0.1099	1.0187	0.1035	0.1464
S105b	M109b	0.0022	0.0031	-1.3618	1.2485	-0.3916	0.7109
S105b	M109s	0.0022	0.0031	-1.3618	1.2485	-0.3916	0.7109
S105b	M115b	-0.3287	0.4649	-0.4936	1.0912	0.8656	0.5369
S105b	M115s	-0.3287	0.4649	-0.4936	1.0912	0.8656	0.5369
S105b	M120b	-0.0573	0.6514	0.2208	0.3122	0.5449	1.6092
S105b	M120s	-0.0573	0.6514	0.2208	0.3122	0.5449	1.6092
S105b	P112b	-0.1295	0.6482	-0.3809	0.8081	-0.1555	0.2199
S105b	P112s	-0.1295	0.6482	-0.3809	0.8081	-0.1555	0.2199
S105b	P119b	0.0299	0.4714	0.1051	0.1487	2.3733	2.9677
S105b	P119s	0.0299	0.4714	0.1051	0.1487	2.3733	2.9677
S105b	Q116b	-0.1242	0.1756	-0.7774	0.4229	0.3278	0.4635
S105b	Q116s	-0.1242	0.1756	-0.7774	0.4229	0.3278	0.4635
S105b	R108b	-0.0924	0.7936	0.0622	0.0514	-0.1719	0.4228
S105b	R108s	-0.0924	0.7936	0.0622	0.0514	-0.1719	0.4228
S105b	T111b	0.9227	0.6005	0.0018	0.0026	0.1174	0.3328
S105b	T111s	0.9227	0.6005	0.0018	0.0026	0.1174	0.3328
S105b	W107b	-0.0073	0.0103	0.2283	0.3229	0.1080	0.1527
S105b	W107s	-0.0073	0.0103	0.2283	0.3229	0.1080	0.1527
S105s	A110b	-0.3310	0.4682	-0.0318	0.8880	0.2808	0.3971
S105s	A110s	-0.3310	0.4682	-0.0318	0.8880	0.2808	0.3971
S105s	A117b	0.1767	0.2499	-0.1197	0.0818	0.2903	0.4106
S105s	A117s	0.1767	0.2499	-0.1197	0.0818	0.2903	0.4106
S105s	K106b	0.1557	0.2202	-0.9178	0.5378	-0.3333	0.4714
S105s	K106s	0.1557	0.2202	-0.9178	0.5378	-0.3333	0.4714
S105s	L113b	-0.2262	1.0429	0.6992	0.5309	-0.2572	0.3638
S105s	L113s	-0.2262	1.0429	0.6992	0.5309	-0.2572	0.3638
S105s	L114b	0.1511	0.2136	0.3928	0.1970	0.0400	1.0567
S105s	L114s	0.1511	0.2136	0.3928	0.1970	0.0400	1.0567
S105s	L118b	-0.1336	0.1890	-0.1099	1.0187	0.1035	0.1464
S105s	L118s	-0.1336	0.1890	-0.1099	1.0187	0.1035	0.1464
S105s	M109b	0.0022	0.0031	-1.3618	1.2485	-0.3916	0.7109
S105s	M109s	0.0022	0.0031	-1.3618	1.2485	-0.3916	0.7109
S105s	M115b	-0.3287	0.4649	-0.4936	1.0912	0.8656	0.5369
S105s	M115s	-0.3287	0.4649	-0.4936	1.0912	0.8656	0.5369
S105s	M120b	-0.0573	0.6514	0.2208	0.3122	0.5449	1.6092
S105s	M120s	-0.0573	0.6514	0.2208	0.3122	0.5449	1.6092
S105s	P112b	-0.1295	0.6482	-0.3809	0.8081	-0.1555	0.2199
S105s	P112s	-0.1295	0.6482	-0.3809	0.8081	-0.1555	0.2199
S105s	P119b	0.0299	0.4714	0.1051	0.1487	2.3733	2.9677
S105s	P119s	0.0299	0.4714	0.1051	0.1487	2.3733	2.9677
S105s	Q116b	-0.1242	0.1756	-0.7774	0.4229	0.3278	0.4635
S105s	Q116s	-0.1242	0.1756	-0.7774	0.4229	0.3278	0.4635
S105s	R108b	-0.0924	0.7936	0.0622	0.0514	-0.1719	0.4228
S105s	R108s	-0.0924	0.7936	0.0622	0.0514	-0.1719	0.4228
S105s	T111b	0.9227	0.6005	0.0018	0.0026	0.1174	0.3328
S105s	T111s	0.9227	0.6005	0.0018	0.0026	0.1174	0.3328
S105s	W107b	-0.0073	0.0103	0.2283	0.3229	0.1080	0.1527
S105s	W107s	-0.0073	0.0103	0.2283	0.3229	0.1080	0.1527
T111b	A117b	-0.1713	0.2423	-0.3305	0.4675	-0.1179	0.1668
T111b	A117s	-0.1713	0.2423	-0.3305	0.4675	-0.1179	0.1668
T111b	L113b	0.3369	1.2010	0.2523	0.3569	-0.2485	0.3515
T111b	L113s	0.3369	1.2010	0.2523	0.3569	-0.2485	0.3515
T111b	L114b	-0.1454	0.2057	-0.2738	0.3873	0.3087	0.7124
T111b	L114s	-0.1454	0.2057	-0.2738	0.3873	0.3087	0.7124
T111b	L118b	0.1393	0.1971	0.1728	0.2443	0.3289	0.4651
T111b	L118s	0.1393	0.1971	0.1728	0.2443	0.3289	0.4651
T111b	M115b	0.3277	0.4634	0.3149	0.4454	-0.1443	0.1859
T111b	M115s	0.3277	0.4634	0.3149	0.4454	-0.1443	0.1859
T111b	M120b	0.2015	0.8883	0.2485	0.3515	-0.3936	0.2526
T111b	M120s	0.2015	0.8883	0.2485	0.3515	-0.3936	0.2526
T111b	P112b	0.0694	0.5726	0.3026	0.4279	-0.3150	0.4455
T111b	P112s	0.0694	0.5726	0.3026	0.4279	-0.3150	0.4455
T111b	P119b	-0.1308	0.3105	-0.3169	0.4481	2.3679	4.1344
T111b	P119s	-0.1308	0.3105	-0.3169	0.4481	2.3679	4.1344
T111b	Q116b	0.1183	0.1673	-0.0089	0.0126	-0.0104	0.0146
T111b	Q116s	0.1183	0.1673	-0.0089	0.0126	-0.0104	0.0146
T111s	A117b	-0.1713	0.2423	-0.3305	0.4675	-0.1179	0.1668
T111s	A117s	-0.1713	0.2423	-0.3305	0.4675	-0.1179	0.1668
T111s	L113b	0.3369	1.2010	0.2523	0.3569	-0.2485	0.3515
T111s	L113s	0.3369	1.2010	0.2523	0.3569	-0.2485	0.3515
T111s	L114b	-0.1454	0.2057	-0.2738	0.3873	0.3087	0.7124
T111s	L114s	-0.1454	0.2057	-0.2738	0.3873	0.3087	0.7124
T111s	L118b	0.1393	0.1971	0.1728	0.2443	0.3289	0.4651
T111s	L118s	0.1393	0.1971	0.1728	0.2443	0.3289	0.4651
T111s	M115b	0.3277	0.4634	0.3149	0.4454	-0.1443	0.1859
T111s	M115s	0.3277	0.4634	0.3149	0.4454	-0.1443	0.1859
T111s	M120b	0.2015	0.8883	0.2485	0.3515	-0.3936	0.2526
T111s	M120s	0.2015	0.8883	0.2485	0.3515	-0.3936	0.2526
T111s	P112b	0.0694	0.5726	0.3026	0.4279	-0.3150	0.4455
T111s	P112s	0.0694	0.5726	0.3026	0.4279	-0.3150	0.4455
T111s	P119b	-0.1308	0.3105	-0.3169	0.4481	2.3679	4.1344
T111s	P119s	-0.1308	0.3105	-0.3169	0.4481	2.3679	4.1344
T111s	Q116b	0.1183	0.1673	-0.0089	0.0126	-0.0104	0.0146
T111s	Q116s	0.1183	0.1673	-0.0089	0.0126	-0.0104	0.0146
V104b	A110b	0.2825	0.3996	0.1536	0.2172	0.2958	0.4183
V104b	A110s	0.2825	0.3996	0.1536	0.2172	0.2958	0.4183
V104b	A117b	0.0393	0.0555	0.2516	0.3558	0.3038	0.4296
V104b	A117s	0.0393	0.0555	0.2516	0.3558	0.3038	0.4296
V104b	K106b	-0.3060	0.4327	0.1736	0.2455	-0.3322	0.4698
V104b	K106s	-0.3060	0.4327	0.1736	0.2455	-0.3322	0.4698
V104b	L113b	-0.0316	0.0448	-0.3304	0.4673	-0.2372	0.3355
V104b	L113s	-0.0316	0.0448	-0.3304	0.4673	-0.2372	0.3355
V104b	L114b	0.0683	0.0966	0.0396	0.0561	-0.3284	0.4644
V104b	L114s	0.0683	0.0966	0.0396	0.0561	-0.3284	0.4644
V104b	L118b	0.2954	0.4178	-0.3279	0.4637	0.0748	0.1057
V104b	L118s	0.2954	0.4178	-0.3279	0.4637	0.0748	0.1057
V104b	M109b	-0.2105	0.2976	0.2277	0.3220	0.0022	0.0030
V104b	M109s	-0.2105	0.2976	0.2277	0.3220	0.0022	0.0030
V104b	M115b	0.2218	0.3137	-0.2907	0.4112	0.3314	0.4687
V104b	M115s	0.2218	0.3137	-0.2907	0.4112	0.3314	0.4687
V104b	M120b	-0.3190	0.4512	-0.3311	0.4683	-0.2361	0.3339
V104b	M120s	-0.3190	0.4512	-0.3311	0.4683	-0.2361	0.3339
V104b	P112b	-0.3035	0.4292	-0.3055	0.4320	-0.1285	0.1817
V104b	P112s	-0.3035	0.4292	-0.3055	0.4320	-0.1285	0.1817
V104b	P119b	0.0447	0.0632	0.1330	0.1881	0.2950	0.4172
V104b	P119s	0.0447	0.0632	0.1330	0.1881	0.2950	0.4172
V104b	Q116b	-0.0969	0.1371	0.2551	0.3608	0.3319	0.4693
V104b	Q116s	-0.0969	0.1371	0.2551	0.3608	0.3319	0.4693
V104b	R108b	-0.0119	0.0168	0.1873	0.2649	0.0224	0.0317
V104b	R108s	-0.0119	0.0168	0.1873	0.2649	0.0224	0.0317
V104b	S105b	0.2599	0.3675	0.2481	0.3509	-0.3320	0.4695
V104b	S105s	0.2599	0.3675	0.2481	0.3509	-0.3320	0.4695
V104b	T111b	-0.2638	0.3730	0.2213	0.3129	-0.0208	0.0295
V104b	T111s	-0.2638	0.3730	0.2213	0.3129	-0.0208	0.0295
V104b	W107b	0.2144	0.3032	-0.3321	0.4697	0.0794	0.1122
V104b	W107s	0.2144	0.3032	-0.3321	0.4697	0.0794	0.1122
V104s	A110b	0.2825	0.3996	0.1536	0.2172	0.2958	0.4183
V104s	A110s	0.2825	0.3996	0.1536	0.2172	0.2958	0.4183
V104s	A117b	0.0393	0.0555	0.2516	0.3558	0.3038	0.4296
V104s	A117s	0.0393	0.0555	0.2516	0.3558	0.3038	0.4296
V104s	K106b	-0.3060	0.4327	0.1736	0.2455	-0.3322	0.4698
V104s	K106s	-0.3060	0.4327	0.1736	0.2455	-0.3322	0.4698
V104s	L113b	-0.0316	0.0448	-0.3304	0.4673	-0.2372	0.3355
V104s	L113s	-0.0316	0.0448	-0.3304	0.4673	-0.2372	0.3355
V104s	L114b	0.0683	0.0966	0.0396	0.0561	-0.3284	0.4644
V104s	L114s	0.0683	0.0966	0.0396	0.0561	-0.3284	0.4644
V104s	L118b	0.2954	0.4178	-0.3279	0.4637	0.0748	0.1057
V104s	L118s	0.2954	0.4178	-0.3279	0.4637	0.0748	0.1057
V104s	M109b	-0.2105	0.2976	0.2277	0.3220	0.0022	0.0030
V104s	M109s	-0.2105	0.2976	0.2277	0.3220	0.0022	0.0030
V104s	M115b	0.2218	0.3137	-0.2907	0.4112	0.3314	0.4687
V104s	M115s	0.2218	0.3137	-0.2907	0.4112	0.3314	0.4687
V104s	M120b	-0.3190	0.4512	-0.3311	0.4683	-0.2361	0.3339
V104s	M120s	-0.3190	0.4512	-0.3311	0.4683	-0.2361	0.3339
V104s	P112b	-0.3035	0.4292	-0.3055	0.4320	-0.1285	0.1817
V104s	P112s	-0.3035	0.4292	-0.3055	0.4320	-0.1285	0.1817
V104s	P119b	0.0447	0.0632	0.1330	0.1881	0.2950	0.4172
V104s	P119s	0.0447	0.0632	0.1330	0.1881	0.2950	0.4172
V104s	Q116b	-0.0969	0.1371	0.2551	0.3608	0.3319	0.4693
V104s	Q116s	-0.0969	0.1371	0.2551	0.3608	0.3319	0.4693
V104s	R108b	-0.0119	0.0168	0.1873	0.2649	0.0224	0.0317
V104s	R108s	-0.0119	0.0168	0.1873	0.2649	0.0224	0.0317
V104s	S105b	0.2599	0.3675	0.2481	0.3509	-0.3320	0.4695
V104s	S105s	0.2599	0.3675	0.2481	0.3509	-0.3320	0.4695
V104s	T111b	-0.2638	0.3730	0.2213	0.3129	-0.0208	0.0295
V104s	T111s	-0.2638	0.3730	0.2213	0.3129	-0.0208	0.0295
V104s	W107b	0.2144	0.3032	-0.3321	0.4697	0.0794	0.1122
V104s	W107s	0.2144	0.3032	-0.3321	0.4697	0.0794	0.1122
W107b	A110b	-0.0463	0.0655	0.1279	0.1809	0.0789	0.1116
W107b	A110s	-0.0463	0.0655	0.1279	0.1809	0.0789	0.1116
W107b	A117b	-0.2787	0.3941	0.2692	0.3808	0.0609	0.0861
W107b	A117s	-0.2787	0.3941	0.2692	0.3808	0.0609	0.0861
W107b	L113b	-0.2337	0.3305	-0.3330	0.4709	0.2839	0.4015
W107b	L113s	-0.2337	0.3305	-0.3330	0.4709	0.2839	0.4015
W107b	L114b	-0.2938	0.4154	0.0676	0.0956	0.3037	0.1614
W107b	L114s	-0.2938	0.4154	0.0676	0.0956	0.3037	0.1614
W107b	L118b	-0.3082	0.4359	-0.3216	0.4548	-0.3333	0.4714
W107b	L118s	-0.3082	0.4359	-0.3216	0.4548	-0.3333	0.4714
W107b	M109b	0.3333	0.4713	0.2062	0.2917	-0.3243	0.4586
W107b	M109s	0.3333	0.4713	0.2062	0.2917	-0.3243	0.4586
W107b	M115b	0.0479	0.0677	-0.3035	0.4292	-0.0441	0.0624
W107b	M115s	0.0479	0.0677	-0.3035	0.4292	-0.0441	0.0624
W107b	M120b	0.2791	0.3948	-0.3332	0.4712	0.2847	0.4027
W107b	M120s	0.2791	0.3948	-0.3332	0.4712	0.2847	0.4027
W107b	P112b	0.3008	0.4254	-0.3157	0.4465	0.3192	0.5335
W107b	P112s	0.3008	0.4254	-0.3157	0.4465	0.3192	0.5335
W107b	P119b	-0.2817	0.3984	0.1585	0.2241	0.0805	0.1139
W107b	P119s	-0.2817	0.3984	0.1585	0.2241	0.0805	0.1139
W107b	Q116b	0.3066	0.4335	0.2360	0.3338	0.2320	0.5077
W107b	Q116s	0.3066	0.4335	0.2360	0.3338	0.2320	0.5077
W107b	R108b	-0.2474	0.3499	0.2100	0.2971	0.0698	1.0903
W107b	R108s	-0.2474	0.3499	0.2100	0.2971	0.0698	1.0903
W107b	T111b	0.0136	0.0192	0.2416	0.3417	0.3281	0.4640
W107b	T111s	0.0136	0.0192	0.2416	0.3417	0.3281	0.4640
W107s	A110b	-0.0463	0.0655	0.1279	0.1809	0.0789	0.1116
W107s	A110s	-0.0463	0.0655	0.1279	0.1809	0.0789	0.1116
W107s	A117b	-0.2787	0.3941	0.2692	0.3808	0.0609	0.0861
W107s	A117s	-0.2787	0.3941	0.2692	0.3808	0.0609	0.0861
W107s	L113b	-0.2337	0.3305	-0.3330	0.4709	0.2839	0.4015
W107s	L113s	-0.2337	0.3305	-0.3330	0.4709	0.2839	0.4015
W107s	L114b	-0.2938	0.4154	0.0676	0.0956	0.3037	0.1614
W107s	L114s	-0.2938	0.4154	0.0676	0.0956	0.3037	0.1614
W107s	L118b	-0.3082	0.4359	-0.3216	0.4548	-0.3333	0.4714
W107s	L118s	-0.3082	0.4359	-0.3216	0.4548	-0.3333	0.4714
W107s	M109b	0.3333	0.4713	0.2062	0.2917	-0.3243	0.4586
W107s	M109s	0.3333	0.4713	0.2062	0.2917	-0.3243	0.4586
W107s	M115b	0.0479	0.0677	-0.3035	0.4292	-0.0441	0.0624
W107s	M115s	0.0479	0.0677	-0.3035	0.4292	-0.0441	0.0624
W107s	M120b	0.2791	0.3948	-0.3332	0.4712	0.2847	0.4027
W107s	M120s	0.2791	0.3948	-0.3332	0.4712	0.2847	0.4027
W107s	P112b	0.3008	0.4254	-0.3157	0.4465	0.3192	0.5335
W107s	P112s	0.3008	0.4254	-0.3157	0.4465	0.3192	0.5335
W107s	P119b	-0.2817	0.3984	0.1585	0.2241	0.0805	0.1139
W107s	P119s	-0.2817	0.3984	0.1585	0.2241	0.0805	0.1139
W107s	Q116b	0.3066	0.4335	0.2360	0.3338	0.2320	0.5077
W107s	Q116s	0.3066	0.4335	0.2360	0.3338	0.2320	0.5077
W107s	R108b	-0.2474	0.3499	0.2100	0.2971	0.0698	1.0903
W107s	R108s	-0.2474	0.3499	0.2100	0.2971	0.0698	1.0903
W107s	T111b	0.0136	0.0192	0.2416	0.3417	0.3281	0.4640
W107s	T111s	0.0136	0.0192	0.2416	0.3417	0.3281	0.4640
