rgn1	rgn2	aT41A.pcca1	aT41A.pcca1	WT.pcca2	WT.pcca2	lsdm	sdiff	score	pval
		mf	sf	mf	sf				
a1_0	a2_0	0.6330	0.2622	-0.1838	0.1792	1	0.1817	2.5720	0.0101
a1_0	b2_13	0.1675	0.1247	-0.2581	0.1553	1	0.0273	2.1373	0.0326
a1_1	a2_31	-0.2554	0.1674	0.2737	0.1757	1	-0.0438	-2.1806	0.0292
a1_10	a2_12	0.0726	0.1229	-0.3063	0.0584	1	0.1067	2.7839	0.0054
a1_10	a2_22	0.0676	0.0258	-0.0538	0.0534	1	0.0027	2.0460	0.0408
a1_11	a1_18	0.4792	0.1305	0.0627	0.1169	1	0.0661	2.3774	0.0174
a1_11	a2_22	0.0106	0.0426	0.1716	0.0534	1	-0.0245	-2.3591	0.0183
a1_11	a2_6	0.2662	0.1647	-0.4533	0.1715	1	0.2439	3.0257	0.0025
a1_11	b1_6	0.3635	0.1125	-0.1768	0.0578	1	0.2874	4.2723	0.0000
a1_11	b2_12	0.2164	0.0829	-0.0488	0.0674	1	0.0516	2.4827	0.0130
a1_12	b1_12	0.2416	0.1459	-0.0679	0.0401	1	0.0069	2.0455	0.0408
a1_12	b1_16	0.1036	0.0718	-0.0953	0.0572	1	0.0153	2.1666	0.0303
a1_12	b2_1	-0.1081	0.0579	-0.3309	0.0255	1	0.0963	3.5229	0.0004
a1_12	c2_1	-0.2457	0.0430	0.1624	0.0656	1	-0.2512	-5.2039	0.0000
a1_14	a2_24	-0.2686	0.1103	0.1132	0.0292	1	-0.1536	-3.3455	0.0008
a1_14	b1_12	-0.2112	0.0190	-0.0189	0.0838	1	-0.0204	-2.2377	0.0252
a1_14	b2_12	-0.2217	0.0868	0.0451	0.0639	1	-0.0513	-2.4754	0.0133
a1_14	c2_4	0.1628	0.0646	-0.0354	0.0656	1	0.0141	2.1530	0.0313
a1_15	a2_1	-0.2883	0.0847	0.0778	0.0547	1	-0.1645	-3.6312	0.0003
a1_15	a2_7	0.0970	0.0532	-0.1769	0.0660	1	0.1042	3.2289	0.0012
a1_15	b1_23	-0.2545	0.0177	0.0066	0.1141	1	-0.0301	-2.2606	0.0238
a1_15	b1_28	-0.1740	0.0640	0.0695	0.0648	1	-0.0613	-2.6727	0.0075
a1_17	b1_19	0.0235	0.0196	-0.2280	0.1013	1	0.0450	2.4362	0.0148
a1_17	b1_25	-0.2355	0.1545	0.1934	0.1423	1	-0.0088	-2.0420	0.0411
a1_17	b1_7	0.1348	0.0698	-0.2809	0.0899	1	0.1880	3.6516	0.0003
a1_17	b2_18	-0.1861	0.1299	0.1407	0.0970	1	-0.0026	-2.0160	0.0438
a1_18	b1_6	0.3392	0.1961	-0.0977	0.0641	1	0.0243	2.1177	0.0342
a1_18	b2_12	0.1978	0.0709	-0.0341	0.0702	1	0.0324	2.3249	0.0201
a1_19	a1_22	-0.2011	0.0347	0.0573	0.0655	1	-0.1102	-3.4857	0.0005
a1_19	b2_5	-0.1751	0.1032	0.1162	0.0868	1	-0.0216	-2.1605	0.0307
a1_2	a2_22	-0.0163	0.0091	0.0888	0.0446	1	-0.0141	-2.3101	0.0209
a1_2	a2_32	0.1043	0.1623	-0.3011	0.0400	1	0.0712	2.4258	0.0153
a1_2	b2_1	-0.0339	0.0464	0.2897	0.0424	1	-0.1978	-5.1465	0.0000
a1_2	c2_4	-0.1183	0.0756	0.1454	0.0334	1	-0.0983	-3.1892	0.0014
a1_20	a2_7	0.0223	0.0340	0.1652	0.0479	1	-0.0255	-2.4335	0.0150
a1_20	b1_21	-0.0128	0.0288	0.1484	0.0354	1	-0.0699	-3.5333	0.0004
a1_20	b2_16	-0.1147	0.1157	0.3676	0.1836	1	-0.0482	-2.2223	0.0263
a1_20	b2_4	0.0957	0.0131	-0.0522	0.0538	1	0.0372	2.6711	0.0076
a1_22	a1_22	0.5546	0.3328	-0.2373	0.1137	1	0.0885	2.2516	0.0244
a1_22	a2_1	-0.2967	0.1023	0.0303	0.0870	1	-0.0585	-2.4358	0.0149
a1_22	b1_24	0.5210	0.2082	-0.0990	0.1886	1	0.0582	2.2071	0.0273
a1_22	b1_28	-0.1944	0.0741	0.0544	0.0809	1	-0.0293	-2.2675	0.0234
a1_22	b1_9	-0.2964	0.0587	0.0096	0.1170	1	-0.0442	-2.3375	0.0194
a1_22	b2_18	-0.2625	0.0854	0.0806	0.0653	1	-0.1280	-3.1909	0.0014
a1_22	b2_22	-0.4314	0.1492	-0.0807	0.0264	1	-0.0476	-2.3139	0.0207
a1_22	b2_30	-0.5244	0.1188	-0.0985	0.1081	1	-0.1047	-2.6518	0.0080
a1_23	b1_29	-0.1107	0.0580	0.1254	0.0552	1	-0.0760	-2.9488	0.0032
a1_23	b1_3	-0.1574	0.0448	0.0295	0.0734	1	-0.0149	-2.1729	0.0298
a1_24	b1_4	-0.2369	0.1400	0.1107	0.0399	1	-0.0564	-2.3876	0.0170
a1_24	b2_0	0.2588	0.0418	-0.1439	0.0846	1	0.2141	4.2707	0.0000
a1_24	b2_15	-0.4923	0.2372	0.2526	0.0702	1	-0.2500	-3.0107	0.0026
a1_24	b2_4	0.1856	0.1052	-0.0720	0.0357	1	0.0355	2.3197	0.0204
a1_25	a2_3	-0.0242	0.0851	-0.3363	0.0480	1	0.1166	3.1927	0.0014
a1_26	b1_11	-0.0317	0.0905	-0.3682	0.1341	1	0.0129	2.0796	0.0376
a1_26	b1_17	0.1108	0.0629	-0.1755	0.0652	1	0.1051	3.1603	0.0016
a1_26	b2_2	0.0199	0.0236	0.2749	0.0639	1	-0.1188	-3.7445	0.0002
a1_26	b2_23	0.2047	0.1002	-0.2784	0.1865	1	0.0597	2.2819	0.0225
a1_27	b2_27	0.2113	0.0658	-0.0876	0.0929	1	0.0712	2.6252	0.0087
a1_3	b2_21	-0.1337	0.1149	0.1908	0.0935	1	-0.0282	-2.1902	0.0285
a1_4	a1_4	0.0302	0.1610	-0.3171	0.0414	1	0.0147	2.0884	0.0368
a1_4	a2_18	0.4248	0.0695	-0.0944	0.2002	1	0.0953	2.4497	0.0143
a1_4	a2_28	0.1046	0.1075	-0.1508	0.0376	1	0.0276	2.2426	0.0249
a1_4	a2_30	0.3108	0.0775	0.0805	0.0331	1	0.0618	2.7331	0.0063
a1_4	b1_25	0.3522	0.0998	-0.0185	0.0911	1	0.1004	2.7431	0.0061
a1_4	c2_6	0.3193	0.1107	0.0497	0.0540	1	0.0233	2.1888	0.0286
a1_5	b1_2	0.1085	0.0745	-0.2161	0.1307	1	0.0238	2.1580	0.0309
a1_6	a1_12	-0.1220	0.1016	0.1575	0.0460	1	-0.0565	-2.5064	0.0122
a1_6	a2_18	0.1456	0.0847	-0.2221	0.1403	1	0.0399	2.2434	0.0249
a1_6	b1_6	-0.1471	0.1497	0.1856	0.0645	1	-0.0067	-2.0411	0.0412
a1_6	b2_1	-0.0403	0.0884	-0.3058	0.0329	1	0.0768	2.8142	0.0049
a1_6	b2_27	-0.0730	0.0793	0.1359	0.0220	1	-0.0442	-2.5370	0.0112
a1_7	b1_22	-0.1910	0.0764	0.1213	0.0940	1	-0.0701	-2.5784	0.0099
a1_7	b1_24	-0.2105	0.0387	0.0578	0.0710	1	-0.1065	-3.3171	0.0009
a1_7	b2_17	0.2918	0.0517	-0.0534	0.0604	1	0.1863	4.3441	0.0000
a1_7	b2_18	0.1854	0.0794	-0.0344	0.0682	1	0.0104	2.0998	0.0357
a1_8	a2_21	-0.2541	0.0731	0.1899	0.1418	1	-0.1251	-2.7843	0.0054
a1_8	b2_15	-0.2056	0.2259	0.3527	0.0715	1	-0.0844	-2.3560	0.0185
a1_9	b2_5	-0.1097	0.0951	0.1280	0.0378	1	-0.0331	-2.3230	0.0202
a2_0	a2_18	0.1311	0.0921	-0.1511	0.0593	1	0.0633	2.5777	0.0099
a2_0	a2_3	0.2398	0.0982	-0.1655	0.1491	1	0.0482	2.2699	0.0232
a2_0	b2_7	0.3849	0.1082	-0.0848	0.1960	1	0.0221	2.0985	0.0359
a2_0	c2_4	0.2502	0.1109	-0.1711	0.0527	1	0.1756	3.4299	0.0006
a2_1	a2_2	-0.2290	0.0846	0.0998	0.0750	1	-0.1026	-2.9080	0.0036
a2_1	a2_24	-0.3195	0.0737	0.0518	0.0533	1	-0.1895	-4.0834	0.0000
a2_1	b2_20	0.3784	0.1747	-0.0489	0.0540	1	0.0616	2.3370	0.0194
a2_1	b2_25	0.2286	0.1144	-0.0811	0.0779	1	0.0329	2.2379	0.0252
a2_1	b2_3	-0.3244	0.1589	0.0771	0.0371	1	-0.0752	-2.4612	0.0138
a2_10	b1_25	0.4098	0.2534	-0.2150	0.1826	1	0.0001	2.0004	0.0455
a2_10	b2_14	-0.1492	0.1555	0.3191	0.1573	1	-0.0260	-2.1177	0.0342
a2_11	a2_13	0.0953	0.0864	-0.2327	0.1256	1	0.0231	2.1516	0.0314
a2_11	c2_2	0.2426	0.1505	-0.1966	0.0741	1	0.1037	2.6182	0.0088
a2_12	a2_25	0.0349	0.0573	-0.2324	0.0935	1	0.0480	2.4378	0.0148
a2_12	b1_23	-0.0584	0.1432	0.2776	0.0530	1	-0.0306	-2.2006	0.0278
a2_13	a2_18	-0.3340	0.2313	0.2342	0.1133	1	-0.0531	-2.2062	0.0274
a2_13	b2_1	0.0498	0.0707	0.3548	0.0898	1	-0.0765	-2.6693	0.0076
a2_13	c2_1	0.1072	0.0412	-0.2122	0.1116	1	0.0816	2.6857	0.0072
a2_17	b1_14	-0.0373	0.0931	0.2332	0.0928	1	-0.0077	-2.0585	0.0395
a2_17	b1_16	0.1196	0.1138	-0.1176	0.0112	1	0.0085	2.0747	0.0380
a2_17	b2_1	0.0206	0.1242	-0.4725	0.2007	1	0.0211	2.0893	0.0367
a2_17	b2_27	-0.1141	0.0827	0.2305	0.1361	1	-0.0260	-2.1636	0.0305
a2_18	a2_32	0.5543	0.2287	-0.4539	0.1055	1	0.5046	4.0035	0.0001
a2_18	b1_25	0.4242	0.1129	-0.0085	0.1399	1	0.0732	2.4075	0.0161
a2_18	b2_1	-0.0410	0.1237	0.4379	0.1404	1	-0.1045	-2.5585	0.0105
a2_18	b2_18	0.2961	0.1093	-0.0105	0.0872	1	0.0268	2.1918	0.0284
a2_18	c2_6	0.5187	0.1526	-0.0314	0.0777	1	0.2075	3.2113	0.0013
a2_19	b1_20	-0.0675	0.0497	0.3034	0.0265	1	-0.2583	-6.5878	0.0000
a2_2	b2_12	0.2310	0.0433	0.1050	0.0206	1	0.0301	2.6276	0.0086
a2_20	b2_19	-0.1390	0.0798	0.2433	0.1226	1	-0.0897	-2.6132	0.0090
a2_21	a2_26	-0.1392	0.0700	0.0903	0.0395	1	-0.0688	-2.8566	0.0043
a2_21	a2_27	-0.2868	0.0228	0.0479	0.0582	1	-0.2097	-5.3584	0.0000
a2_21	a2_29	-0.1685	0.1047	0.1769	0.0703	1	-0.0930	-2.7374	0.0062
a2_21	b2_23	-0.3448	0.1001	0.2006	0.0840	1	-0.2841	-4.1738	0.0000
a2_22	a2_22	-0.4517	0.0186	-0.3426	0.0463	1	-0.0093	-2.1866	0.0288
a2_22	b1_26	-0.0323	0.0236	0.0917	0.0177	1	-0.0649	-4.1981	0.0000
a2_22	b2_27	0.0390	0.0762	-0.1265	0.0154	1	0.0100	2.1285	0.0333
a2_23	b2_26	-0.2380	0.0824	0.1455	0.1647	1	-0.0151	-2.0822	0.0373
a2_27	b1_16	-0.1545	0.0890	0.0722	0.0397	1	-0.0318	-2.3265	0.0200
a2_27	c2_1	0.0800	0.0256	-0.0795	0.0280	1	0.0837	4.2072	0.0000
a2_28	a2_30	0.1155	0.0883	-0.1257	0.0142	1	0.0624	2.6978	0.0070
a2_28	b2_21	-0.0763	0.0712	0.1481	0.0430	1	-0.0581	-2.6985	0.0070
a2_3	a2_13	-0.0458	0.1031	0.4271	0.1926	1	-0.0360	-2.1648	0.0304
a2_3	b1_13	-0.2296	0.1873	0.3488	0.1263	1	-0.1265	-2.5600	0.0105
a2_30	b1_25	0.3658	0.1099	-0.0628	0.0960	1	0.1367	2.9370	0.0033
a2_31	b1_27	-0.0978	0.0302	0.0995	0.0393	1	-0.0981	-3.9789	0.0001
a2_32	b1_12	0.5754	0.1690	-0.0748	0.2280	1	0.0825	2.2908	0.0220
a2_32	b1_13	0.5266	0.3224	-0.2695	0.1197	1	0.1083	2.3150	0.0206
a2_4	b1_1	-0.2003	0.2233	0.3130	0.0253	1	-0.0637	-2.2833	0.0224
a2_4	b2_2	-0.0296	0.0516	0.2515	0.1043	1	-0.0484	-2.4163	0.0157
a2_5	a2_9	0.2199	0.1344	-0.0897	0.0422	1	0.0279	2.1979	0.0280
a2_5	c2_6	-0.3367	0.0513	0.0437	0.0935	1	-0.1671	-3.5671	0.0004
a2_6	a2_22	-0.0830	0.0312	-0.2569	0.0676	1	0.0248	2.3332	0.0196
a2_6	b1_24	0.3648	0.1230	-0.1796	0.1725	1	0.1206	2.5692	0.0102
a2_7	b2_25	-0.1229	0.0240	0.2499	0.1541	1	-0.0609	-2.3906	0.0168
a2_9	a2_31	0.3631	0.0819	-0.0835	0.1695	1	0.0702	2.3732	0.0176
b1_1	b2_10	0.1093	0.0641	-0.1903	0.1242	1	0.0201	2.1438	0.0320
b1_10	b1_12	-0.4062	0.1639	0.1122	0.1617	1	-0.0579	-2.2516	0.0243
b1_10	b1_26	-0.2216	0.0797	0.2176	0.1002	1	-0.1832	-3.4309	0.0006
b1_11	b1_29	-0.0642	0.0267	0.2452	0.0855	1	-0.1303	-3.4559	0.0005
b1_13	b2_1	-0.0362	0.1369	0.4041	0.1718	1	-0.0009	-2.0042	0.0451
b1_14	b1_22	0.2534	0.1786	-0.2988	0.2032	1	0.0111	2.0410	0.0412
b1_14	b1_24	0.3897	0.0473	-0.1753	0.1371	1	0.2750	3.8963	0.0001
b1_15	b2_25	0.0622	0.0669	-0.1915	0.1005	1	0.0123	2.1019	0.0356
b1_16	b2_6	0.1885	0.0498	-0.0809	0.1001	1	0.0458	2.4095	0.0160
b1_19	b1_25	0.1413	0.1212	-0.1190	0.0237	1	0.0133	2.1075	0.0351
b1_19	b2_19	0.1562	0.1320	-0.1872	0.0761	1	0.0387	2.2542	0.0242
b1_2	b2_29	-0.1326	0.1267	0.1912	0.0813	1	-0.0228	-2.1513	0.0314
b1_21	b2_4	-0.0055	0.0191	-0.1444	0.0387	1	0.0527	3.2230	0.0013
b1_22	b2_22	-0.2566	0.0781	0.1429	0.1686	1	-0.0279	-2.1502	0.0315
b1_24	b2_1	-0.0397	0.1376	0.4267	0.1712	1	-0.0270	-2.1231	0.0337
b1_24	c2_1	0.0044	0.0615	-0.1810	0.0620	1	0.0107	2.1229	0.0338
b1_25	b1_25	0.1301	0.0305	-0.3507	0.0540	1	0.3568	7.7530	0.0000
b1_25	b2_17	0.2393	0.0294	0.0058	0.0913	1	0.0417	2.4349	0.0149
b1_25	b2_22	0.3104	0.1138	-0.1001	0.0524	1	0.1599	3.2765	0.0011
b1_26	b2_6	0.1800	0.0603	-0.1613	0.1507	1	0.0166	2.1024	0.0355
b1_27	b2_4	0.1119	0.0445	-0.0732	0.0364	1	0.0701	3.2205	0.0013
b1_27	b2_6	0.1384	0.0668	-0.0531	0.0631	1	0.0077	2.0836	0.0372
b1_29	b2_9	0.2436	0.0674	-0.0337	0.0803	1	0.0677	2.6456	0.0082
b1_6	b1_19	0.1479	0.0701	-0.1187	0.0639	1	0.0769	2.8103	0.0050
b1_6	b2_1	0.1035	0.2131	-0.3826	0.0692	1	0.0379	2.1691	0.0301
b1_8	b1_20	-0.0577	0.0639	0.1633	0.0648	1	-0.0390	-2.4282	0.0152
b1_8	b2_16	-0.1873	0.1321	0.1929	0.1360	1	-0.0010	-2.0055	0.0449
b1_9	b2_6	0.2376	0.0743	-0.0463	0.0732	1	0.0753	2.7212	0.0065
b2_1	c2_4	0.0302	0.1065	0.3622	0.0252	1	-0.1131	-3.0327	0.0024
b2_10	b2_23	-0.0435	0.0404	0.2055	0.0872	1	-0.0568	-2.5911	0.0096
b2_2	b2_25	0.0928	0.0828	-0.2518	0.1453	1	0.0103	2.0614	0.0393
b2_3	c2_0	-0.5635	0.0894	0.2123	0.1871	1	-0.3610	-3.7413	0.0002
b2_30	b2_30	0.5667	0.2537	-0.1138	0.2123	1	0.0188	2.0569	0.0397
b2_5	b2_12	0.2777	0.0919	0.0025	0.1016	1	0.0012	2.0089	0.0445
b2_6	c2_2	0.2705	0.1478	-0.1480	0.1123	1	0.0472	2.2542	0.0242
c2_1	c2_4	0.1406	0.1193	-0.1979	0.0771	1	0.0545	2.3835	0.0171
