rgn1	rgn2	aT41A.pcca1	aT41A.pcca1	bN82A.pcca2	bN82A.pcca2	lsdm	sdiff	score	pval
		mf	sf	mf	sf				
a1_0	a1_0	0.6772	0.0819	-0.9040	0.1564	1	1.2282	8.9581	0.0000
a1_0	a1_24	0.5773	0.2664	-0.0578	0.1287	1	0.0432	2.1461	0.0319
a1_0	a1_8	0.2372	0.1169	-0.0322	0.0276	1	0.0292	2.2435	0.0249
a1_0	a2_0	0.6330	0.2622	0.0159	0.0243	1	0.0905	2.3437	0.0191
a1_0	a2_3	0.2757	0.0586	0.0129	0.0202	1	0.1387	4.2363	0.0000
a1_0	a2_9	-0.4793	0.1638	0.0093	0.0221	1	-0.1579	-2.9553	0.0031
a1_0	b2_15	-0.5379	0.1475	-0.0619	0.1100	1	-0.1081	-2.5876	0.0097
a1_0	b2_4	0.1834	0.0253	0.0425	0.0539	1	0.0218	2.3662	0.0180
a1_0	b2_7	0.4928	0.2268	-0.0520	0.0876	1	0.0587	2.2414	0.0250
a1_0	b2_8	-0.3969	0.1647	-0.0063	0.0329	1	-0.0547	-2.3259	0.0200
a1_0	c2_4	0.3301	0.1072	0.0323	0.0473	1	0.0635	2.5418	0.0110
a1_0	c2_5	-0.4352	0.1955	0.0438	0.1151	1	-0.0253	-2.1114	0.0347
a1_0	c2_6	0.5350	0.2778	-0.0426	0.0540	1	0.0116	2.0410	0.0413
a1_1	b2_6	0.3024	0.0510	-0.2013	0.0315	1	0.3839	8.4028	0.0000
a1_1	c2_0	-0.4433	0.1524	0.0202	0.0533	1	-0.1405	-2.8698	0.0041
a1_10	a1_13	0.1327	0.1030	-0.1120	0.0304	1	0.0299	2.2785	0.0227
a1_10	a1_14	0.1734	0.0967	-0.1548	0.1167	1	0.0250	2.1647	0.0304
a1_10	b2_17	-0.1434	0.0965	0.1903	0.1355	1	-0.0010	-2.0063	0.0448
a1_11	a1_13	0.3089	0.1411	-0.1503	0.1571	1	0.0369	2.1746	0.0297
a1_11	a1_18	0.4792	0.1305	-0.0729	0.1844	1	0.1002	2.4435	0.0145
a1_11	a2_19	0.0806	0.1221	-0.3540	0.1567	1	0.0374	2.1881	0.0287
a1_12	a1_25	0.1902	0.0644	-0.0038	0.0132	1	0.0625	2.9497	0.0032
a1_12	a1_26	-0.2424	0.0837	0.0379	0.0502	1	-0.0851	-2.8722	0.0041
a1_12	a2_19	0.1617	0.0048	-0.0310	0.0479	1	0.0964	4.0026	0.0001
a1_12	b1_26	0.2517	0.0987	-0.1126	0.1052	1	0.0757	2.5248	0.0116
a1_12	c2_0	-0.4865	0.0476	0.0025	0.1123	1	-0.2451	-4.0093	0.0001
a1_12	c2_1	-0.2457	0.0430	-0.0282	0.0744	1	-0.0456	-2.5302	0.0114
a1_13	a2_25	0.1109	0.0314	-0.1974	0.0774	1	0.1414	3.6936	0.0002
a1_13	b2_11	-0.2758	0.1231	0.3018	0.2477	1	-0.0245	-2.0886	0.0367
a1_14	c2_4	0.1628	0.0646	-0.1262	0.0714	1	0.0965	3.0031	0.0027
a1_15	b1_23	-0.2545	0.0177	-0.4091	0.0175	1	0.1048	6.2109	0.0000
a1_15	b1_28	-0.1740	0.0640	0.0670	0.0872	1	-0.0246	-2.2277	0.0259
a1_17	b1_13	-0.1331	0.0383	0.1238	0.0709	1	-0.0957	-3.1872	0.0014
a1_18	a2_17	0.2096	0.1061	-0.1144	0.1184	1	0.0060	2.0377	0.0416
a1_19	a2_2	-0.2207	0.0105	-0.0923	0.0247	1	-0.0748	-4.7903	0.0000
a1_19	a2_32	-0.4207	0.2837	0.3102	0.1181	1	-0.1164	-2.3787	0.0174
a1_19	b1_14	-0.2440	0.0246	-0.0393	0.0600	1	-0.0750	-3.1570	0.0016
a1_2	a2_27	-0.1739	0.1183	0.2216	0.1446	1	-0.0219	-2.1171	0.0342
a1_2	b1_7	-0.1023	0.1031	0.4362	0.2064	1	-0.0770	-2.3337	0.0196
a1_2	c2_1	-0.1726	0.0611	0.1631	0.1231	1	-0.0609	-2.4431	0.0146
a1_2	c2_3	-0.0889	0.0172	0.1449	0.0784	1	-0.0734	-2.9150	0.0036
a1_20	b2_0	0.1145	0.0554	-0.0811	0.0582	1	0.0349	2.4337	0.0149
a1_21	b1_25	0.2382	0.0476	-0.0794	0.1515	1	0.0000	2.0002	0.0455
a1_21	b2_21	-0.1526	0.0626	0.2442	0.0361	1	-0.2524	-5.4943	0.0000
a1_22	b1_18	0.3143	0.2361	-0.3991	0.1359	1	0.1686	2.6188	0.0088
a1_22	b1_23	-0.1867	0.1743	0.3149	0.1680	1	-0.0175	-2.0722	0.0382
a1_22	b1_24	0.5210	0.2082	-0.0904	0.1070	1	0.1432	2.6117	0.0090
a1_22	b1_9	-0.2964	0.0587	0.0351	0.1480	1	-0.0130	-2.0814	0.0374
a1_23	b2_23	-0.2221	0.1454	0.2898	0.1470	1	-0.0985	-2.4763	0.0133
a1_24	b2_0	0.2588	0.0418	-0.0339	0.1153	1	0.0475	2.3872	0.0170
a1_25	b1_10	-0.1850	0.1260	0.1360	0.0545	1	-0.0465	-2.3385	0.0194
a1_25	b1_12	0.1376	0.0561	-0.0370	0.0534	1	0.0198	2.2552	0.0241
a1_25	b2_3	0.1853	0.0919	-0.0584	0.0219	1	0.0548	2.5803	0.0099
a1_25	c2_0	-0.2926	0.0393	-0.0013	0.0803	1	-0.1124	-3.2577	0.0011
a1_26	b1_3	0.1670	0.0147	-0.0853	0.0794	1	0.0908	3.1243	0.0018
a1_27	a2_20	0.2184	0.0505	-0.0968	0.0948	1	0.1003	2.9335	0.0034
a1_27	b2_10	-0.0533	0.0907	-0.2853	0.0378	1	0.0355	2.3616	0.0182
a1_27	b2_27	0.2113	0.0658	-0.1515	0.1653	1	0.0071	2.0398	0.0414
a1_27	c2_5	0.1999	0.1472	-0.1275	0.0671	1	0.0040	2.0245	0.0429
a1_3	a2_22	-0.0335	0.0549	0.1727	0.0724	1	-0.0245	-2.2700	0.0232
a1_3	a2_7	0.0882	0.1166	-0.2427	0.0890	1	0.0376	2.2563	0.0241
a1_3	b2_31	-0.0298	0.0435	0.1165	0.0274	1	-0.0435	-2.8448	0.0044
a1_4	a1_13	-0.2138	0.0915	0.1027	0.0229	1	-0.1278	-3.3545	0.0008
a1_4	a1_17	-0.2676	0.1720	0.2311	0.1742	1	-0.0091	-2.0373	0.0416
a1_4	b2_17	0.2468	0.1237	-0.2385	0.1129	1	0.1505	2.8987	0.0037
a1_4	b2_21	-0.1259	0.0731	0.1631	0.0818	1	-0.0696	-2.6351	0.0084
a1_5	a1_24	-0.1244	0.0906	0.1424	0.0803	1	-0.0246	-2.2032	0.0276
a1_7	b2_23	-0.3300	0.2363	0.2754	0.1719	1	-0.0211	-2.0721	0.0383
a1_7	c2_1	-0.2262	0.1236	0.1307	0.0825	1	-0.0596	-2.4013	0.0163
a1_8	b1_10	0.1935	0.1129	-0.1850	0.1359	1	0.0250	2.1416	0.0322
a1_8	b2_3	-0.2305	0.0884	0.1672	0.0828	1	-0.1555	-3.2846	0.0010
a1_8	c2_4	0.1756	0.0163	-0.1718	0.1285	1	0.0883	2.6820	0.0073
a2_0	b2_12	-0.2672	0.1649	0.1309	0.0025	1	-0.0682	-2.4137	0.0158
a2_0	b2_7	0.3849	0.1082	-0.0418	0.0556	1	0.1835	3.5091	0.0004
a2_0	c2_5	-0.2496	0.0928	0.1001	0.0649	1	-0.1231	-3.0864	0.0020
a2_1	a2_27	0.0091	0.2215	-0.4623	0.0804	1	0.0001	2.0006	0.0454
a2_1	a2_6	-0.3569	0.1081	0.4308	0.2084	1	-0.3182	-3.3557	0.0008
a2_1	a2_8	0.1789	0.1352	-0.1446	0.0675	1	0.0214	2.1417	0.0322
a2_1	b1_14	-0.2857	0.0513	-0.0279	0.0268	1	-0.1421	-4.4540	0.0000
a2_1	b1_7	0.1670	0.2048	-0.4187	0.0908	1	0.1376	2.6143	0.0089
a2_10	b1_15	0.3574	0.2009	-0.1237	0.0892	1	0.0416	2.1891	0.0286
a2_10	b2_7	-0.1917	0.0647	-0.0211	0.0328	1	-0.0257	-2.3541	0.0186
a2_11	a2_32	-0.2725	0.1372	0.2055	0.0574	1	-0.1806	-3.2146	0.0013
a2_11	b2_21	0.0045	0.1000	0.3559	0.0767	1	-0.0993	-2.7881	0.0053
a2_11	b2_4	0.0574	0.0750	-0.2514	0.1157	1	0.0330	2.2393	0.0251
a2_12	b1_21	-0.0395	0.0180	0.0794	0.0345	1	-0.0410	-3.0543	0.0023
a2_12	b1_5	0.0963	0.0770	-0.2076	0.1187	1	0.0210	2.1483	0.0317
a2_12	b2_24	0.1277	0.0097	-0.0089	0.0493	1	0.0360	2.7168	0.0066
a2_12	b2_30	-0.1788	0.0206	0.1784	0.1003	1	-0.1523	-3.4876	0.0005
a2_12	b2_8	0.2019	0.0324	0.0082	0.0841	1	0.0134	2.1491	0.0316
a2_13	a2_14	-0.0934	0.1242	0.2979	0.0765	1	-0.0996	-2.6825	0.0073
a2_13	b1_12	-0.1834	0.1112	0.1175	0.1012	1	-0.0002	-2.0015	0.0453
a2_13	b1_13	-0.0931	0.0395	0.2190	0.0861	1	-0.1227	-3.2953	0.0010
a2_13	b2_30	-0.2234	0.2554	0.3467	0.1249	1	-0.0015	-2.0053	0.0449
a2_14	b1_3	0.1973	0.1763	-0.2276	0.0924	1	0.0268	2.1344	0.0328
a2_14	b1_6	-0.1429	0.1549	0.2104	0.0819	1	-0.0030	-2.0169	0.0437
a2_16	a2_19	-0.1717	0.1493	0.2449	0.0970	1	-0.0605	-2.3397	0.0193
a2_17	b1_19	0.0952	0.0349	-0.2030	0.0372	1	0.1961	5.8415	0.0000
a2_18	b2_18	0.2961	0.1093	-0.0235	0.0772	1	0.0519	2.3876	0.0170
a2_19	b2_0	0.0867	0.0594	-0.1505	0.0757	1	0.0448	2.4651	0.0137
a2_2	a2_32	0.4219	0.0553	-0.2953	0.1301	1	0.4344	5.0718	0.0000
a2_20	b1_11	-0.1582	0.0637	-0.0191	0.0240	1	-0.0029	-2.0433	0.0410
a2_21	c2_2	0.5448	0.2387	-0.0776	0.1823	1	0.0216	2.0720	0.0383
a2_22	b1_21	0.0075	0.0283	0.1504	0.0343	1	-0.0540	-3.2150	0.0013
a2_24	a2_32	0.3683	0.2165	-0.4681	0.3338	1	0.0407	2.1023	0.0355
a2_24	b1_24	0.2979	0.1269	-0.0887	0.1455	1	0.0005	2.0024	0.0452
a2_24	b2_12	0.3474	0.2041	-0.1607	0.0419	1	0.0915	2.4392	0.0147
a2_24	c2_4	-0.2145	0.0436	0.0090	0.0507	1	-0.0898	-3.3426	0.0008
a2_25	b2_17	-0.1898	0.1502	0.2015	0.0880	1	-0.0431	-2.2473	0.0246
a2_25	b2_24	0.0574	0.0189	0.1482	0.0252	1	-0.0278	-2.8821	0.0039
a2_26	b2_26	0.1757	0.1347	-0.3225	0.1943	1	0.0254	2.1072	0.0351
a2_27	a2_27	-0.1418	0.1670	0.5628	0.1099	1	-0.3047	-3.5240	0.0004
a2_27	b2_13	-0.1639	0.1506	0.4469	0.2221	1	-0.0741	-2.2761	0.0228
a2_27	b2_4	-0.0025	0.0397	0.3057	0.1065	1	-0.0809	-2.7121	0.0067
a2_3	a2_22	0.0285	0.0380	-0.2615	0.0633	1	0.1423	3.9266	0.0001
a2_3	a2_7	-0.1160	0.0325	0.1339	0.0889	1	-0.0606	-2.6407	0.0083
a2_3	b2_7	0.1702	0.0781	-0.0100	0.0191	1	0.0194	2.2408	0.0250
a2_30	b1_0	-0.1018	0.1017	0.2215	0.1052	1	-0.0307	-2.2099	0.0271
a2_30	b1_25	0.3658	0.1099	-0.2413	0.2438	1	0.0723	2.2702	0.0232
a2_5	a2_11	0.1285	0.0064	-0.2799	0.1844	1	0.0394	2.2138	0.0268
a2_5	b1_27	-0.0647	0.0615	0.2324	0.1342	1	-0.0018	-2.0123	0.0442
a2_6	b1_0	-0.0260	0.0570	-0.1935	0.0498	1	0.0160	2.2115	0.0270
a2_6	b1_24	0.3648	0.1230	-0.1103	0.1097	1	0.1455	2.8832	0.0039
a2_6	b2_25	-0.2505	0.0493	0.3343	0.2182	1	-0.1374	-2.6141	0.0089
a2_7	b2_0	-0.0583	0.0542	0.1121	0.0623	1	-0.0052	-2.0625	0.0392
a2_7	b2_10	0.1022	0.1950	-0.3109	0.0197	1	0.0211	2.1074	0.0351
a2_8	b2_10	0.0408	0.0313	0.4118	0.1671	1	-0.0309	-2.1819	0.0291
a2_9	a2_31	0.3631	0.0819	0.0503	0.1051	1	0.0464	2.3485	0.0188
a2_9	b1_8	0.0078	0.0541	0.2776	0.0242	1	-0.1513	-4.5534	0.0000
a2_9	b2_10	0.1990	0.2765	-0.5050	0.1679	1	0.0571	2.1766	0.0295
b1_1	c2_1	-0.1192	0.1154	0.1381	0.0236	1	-0.0217	-2.1846	0.0289
b1_1	c2_6	0.2259	0.1705	-0.1476	0.0428	1	0.0220	2.1251	0.0336
b1_12	b2_12	0.3401	0.1246	-0.2190	0.1831	1	0.1161	2.5244	0.0116
b1_12	b2_17	0.3717	0.1808	-0.0724	0.0430	1	0.0725	2.3899	0.0169
b1_14	b1_24	0.3897	0.0473	0.0091	0.1358	1	0.0929	2.6457	0.0082
b1_15	b1_22	-0.0992	0.0112	0.1852	0.0952	1	-0.0926	-2.9656	0.0030
b1_15	b2_21	-0.0020	0.0387	0.2467	0.1073	1	-0.0206	-2.1803	0.0292
b1_15	b2_22	0.2655	0.1913	-0.1412	0.0548	1	0.0088	2.0440	0.0410
b1_17	b2_10	0.1290	0.1284	-0.2056	0.0753	1	0.0368	2.2470	0.0246
b1_21	b2_26	-0.0667	0.0600	0.1705	0.0235	1	-0.1083	-3.6802	0.0002
b1_23	b1_24	-0.3839	0.1418	-0.0023	0.0255	1	-0.0934	-2.6486	0.0081
b1_23	b1_28	0.2064	0.0597	-0.0998	0.1336	1	0.0136	2.0932	0.0363
b1_24	b1_28	-0.2708	0.0552	0.0754	0.1118	1	-0.0967	-2.7757	0.0055
b1_24	b2_22	-0.2600	0.0815	0.1360	0.1481	1	-0.0578	-2.3419	0.0192
b1_25	b2_11	0.3547	0.2240	-0.1133	0.0454	1	0.0109	2.0475	0.0406
b1_25	b2_16	0.3048	0.0465	-0.1382	0.1130	1	0.1986	3.6247	0.0003
b1_28	b2_25	0.1453	0.0527	-0.0599	0.0536	1	0.0548	2.7290	0.0064
b1_3	b2_11	0.1744	0.0383	-0.0945	0.1271	1	0.0034	2.0260	0.0428
b1_3	c2_2	-0.4287	0.1218	0.1090	0.1077	1	-0.2126	-3.3075	0.0009
b1_4	b2_13	0.1976	0.1939	-0.3201	0.0747	1	0.1021	2.4911	0.0127
b1_5	b2_22	0.0904	0.0546	-0.1374	0.0286	1	0.1046	3.6962	0.0002
b1_7	b2_18	-0.1092	0.0542	0.1909	0.0740	1	-0.1166	-3.2715	0.0011
b1_7	b2_29	-0.1027	0.1061	0.2544	0.1327	1	-0.0173	-2.1016	0.0356
b1_8	b1_10	0.0297	0.0640	-0.2313	0.0321	1	0.1178	3.6444	0.0003
b1_9	b2_20	0.3027	0.0653	-0.0583	0.0680	1	0.1725	3.8293	0.0001
b1_9	b2_6	0.2376	0.0743	0.0244	0.0283	1	0.0542	2.6809	0.0073
b2_1	b2_31	0.0645	0.0623	-0.0862	0.0022	1	0.0260	2.4169	0.0157
b2_11	c2_6	0.4674	0.1476	-0.0511	0.1943	1	0.0305	2.1250	0.0336
b2_12	b2_15	0.2649	0.1755	-0.2632	0.1125	1	0.1111	2.5331	0.0113
b2_12	c2_4	-0.2842	0.1129	0.1678	0.0423	1	-0.2109	-3.7500	0.0002
b2_16	b2_18	0.2509	0.0908	-0.0048	0.0695	1	0.0271	2.2367	0.0253
b2_17	b2_30	0.3056	0.0553	-0.1674	0.1523	1	0.1488	2.9184	0.0035
b2_18	c2_1	-0.1654	0.0311	0.0943	0.0759	1	-0.0955	-3.1635	0.0016
b2_21	b2_28	-0.0223	0.0660	0.3264	0.1328	1	-0.0522	-2.3520	0.0187
b2_24	b2_27	-0.1051	0.0086	0.0883	0.0512	1	-0.0896	-3.7262	0.0002
b2_26	b2_28	0.0568	0.0755	-0.4030	0.1596	1	0.1066	2.6035	0.0092
b2_3	b2_12	0.3212	0.1231	-0.2983	0.1346	1	0.2547	3.3962	0.0007
b2_3	c2_0	-0.5635	0.0894	-0.0912	0.0962	1	-0.2096	-3.5955	0.0003
b2_30	c2_6	0.3837	0.0414	-0.2758	0.2260	1	0.2001	2.8711	0.0041
b2_4	b2_26	-0.1337	0.1036	0.2782	0.1294	1	-0.0803	-2.4844	0.0130
b2_8	b2_30	-0.6826	0.1979	0.0643	0.0863	1	-0.3151	-3.4599	0.0005
b2_8	b2_8	0.5646	0.4561	-0.3752	0.0795	1	0.0138	2.0298	0.0424
c2_0	c2_0	0.0000	0.0000	-0.6213	0.2872	1	0.0469	2.1633	0.0305
