rgn1	rgn2	bN82A.pcca2	bN82A.pcca2	WT.pcca2	WT.pcca2	lsdm	sdiff	score	pval
		mf	sf	mf	sf				
a1_0	a1_10	0.0298	0.0500	-0.4172	0.2075	1	0.0202	2.0946	0.0362
a1_0	a2_11	-0.0339	0.0304	-0.2720	0.0541	1	0.1141	3.8404	0.0001
a1_0	b1_10	-0.0031	0.0255	0.2737	0.0638	1	-0.1393	-4.0254	0.0001
a1_0	b1_2	-0.0268	0.0466	-0.3496	0.0517	1	0.1835	4.6359	0.0000
a1_0	b1_20	-0.0119	0.0239	0.4546	0.2290	1	-0.0059	-2.0258	0.0428
a1_0	b1_21	-0.0163	0.0310	0.2594	0.0645	1	-0.1326	-3.8528	0.0001
a1_0	b1_8	0.0121	0.0187	0.2439	0.1044	1	-0.0197	-2.1853	0.0289
a1_0	b2_6	0.0092	0.0391	-0.3138	0.0866	1	0.1329	3.3981	0.0007
a1_1	a1_17	0.0746	0.0219	-0.1212	0.0509	1	0.0850	3.5332	0.0004
a1_10	a2_12	-0.0412	0.1095	-0.3063	0.0584	1	0.0168	2.1353	0.0327
a1_10	a2_28	-0.2804	0.0886	0.0300	0.1013	1	-0.0413	-2.3069	0.0211
a1_11	a2_19	-0.3540	0.1567	0.2329	0.0900	1	-0.2255	-3.2479	0.0012
a1_11	a2_6	0.1700	0.2114	-0.4533	0.1715	1	0.0789	2.2899	0.0220
a1_11	b1_14	0.0495	0.0789	-0.2607	0.0954	1	0.0626	2.5053	0.0122
a1_13	a2_30	0.1671	0.0641	-0.1849	0.0809	1	0.1456	3.4110	0.0006
a1_13	b1_0	0.2430	0.1084	-0.0726	0.0787	1	0.0478	2.3568	0.0184
a1_14	a2_24	-0.0986	0.0872	0.1132	0.0292	1	-0.0279	-2.3034	0.0213
a1_14	a2_5	-0.2474	0.0734	0.0404	0.0708	1	-0.0838	-2.8215	0.0048
a1_14	b1_22	0.2610	0.0755	-0.0871	0.0732	1	0.1379	3.3118	0.0009
a1_15	a1_16	0.0669	0.0810	-0.2269	0.1212	1	0.0022	2.0148	0.0439
a1_15	a1_25	-0.0014	0.0342	0.1126	0.0062	1	-0.0445	-3.2783	0.0010
a1_15	a2_11	-0.2557	0.1328	0.1058	0.0638	1	-0.0669	-2.4539	0.0141
a1_15	b1_23	-0.4091	0.0175	0.0066	0.1141	1	-0.1847	-3.5995	0.0003
a1_16	a1_26	0.0904	0.0669	-0.2314	0.1325	1	0.0250	2.1681	0.0301
a1_16	a2_2	0.0412	0.0567	-0.2150	0.1036	1	0.0200	2.1689	0.0301
a1_16	a2_4	0.0936	0.0527	-0.3095	0.0792	1	0.2129	4.2377	0.0000
a1_18	a1_25	0.0509	0.0289	-0.0734	0.0331	1	0.0364	2.8297	0.0047
a1_18	a2_26	-0.0685	0.0267	0.0767	0.0601	1	-0.0137	-2.2080	0.0272
a1_18	b2_15	-0.1137	0.1077	0.2188	0.1076	1	-0.0281	-2.1844	0.0289
a1_19	a2_23	0.2206	0.1420	-0.2204	0.1568	1	0.0178	2.0842	0.0371
a1_19	a2_29	0.1163	0.1020	-0.1795	0.0668	1	0.0518	2.4252	0.0153
a1_19	b2_9	-0.0697	0.0345	0.0698	0.0583	1	-0.0039	-2.0575	0.0396
a1_2	a2_0	0.0918	0.0483	-0.0672	0.0380	1	0.0361	2.5873	0.0097
a1_2	a2_18	-0.4422	0.2543	0.2023	0.1269	1	-0.0761	-2.2679	0.0233
a1_2	c2_3	0.1449	0.0784	-0.0883	0.0433	1	0.0542	2.6048	0.0092
a1_20	a2_11	0.2020	0.1206	-0.2424	0.1844	1	0.0036	2.0165	0.0437
a1_20	b1_23	0.3146	0.0798	-0.0510	0.1550	1	0.0170	2.0973	0.0360
a1_20	b2_5	0.1418	0.0656	-0.1058	0.0048	1	0.1159	3.7615	0.0002
a1_22	b1_7	0.1495	0.0896	-0.2506	0.0821	1	0.1569	3.2911	0.0010
a1_22	b2_7	-0.1281	0.0517	0.2120	0.0878	1	-0.1363	-3.3373	0.0008
a1_23	b1_18	0.3234	0.1702	-0.1257	0.0494	1	0.0948	2.5349	0.0112
a1_23	b1_25	0.0902	0.0412	-0.0589	0.0463	1	0.0252	2.4067	0.0161
a1_24	a2_16	0.2181	0.1062	-0.2322	0.1233	1	0.1249	2.7680	0.0056
a1_24	b1_5	-0.2519	0.0635	0.1460	0.1821	1	-0.0122	-2.0632	0.0391
a1_25	a2_3	-0.1025	0.0836	-0.3363	0.0480	1	0.0410	2.4249	0.0153
a1_25	b2_8	-0.0567	0.0402	-0.2976	0.0947	1	0.0353	2.3429	0.0191
a1_25	b2_9	-0.0861	0.1044	0.1420	0.0305	1	-0.0106	-2.0976	0.0359
a1_26	b1_11	0.0527	0.0936	-0.3682	0.1341	1	0.0938	2.5731	0.0101
a1_26	b2_12	-0.0585	0.0482	0.1007	0.0328	1	-0.0427	-2.7316	0.0063
a1_27	a2_15	0.0996	0.0045	-0.2668	0.1733	1	0.0196	2.1131	0.0346
a1_27	b2_10	-0.2853	0.0378	0.0388	0.1141	1	-0.0836	-2.6957	0.0070
a1_27	b2_6	0.0842	0.0508	-0.1271	0.0415	1	0.0801	3.2217	0.0013
a1_3	a2_15	-0.1019	0.0883	0.3334	0.1539	1	-0.0804	-2.4531	0.0142
a1_3	a2_31	0.2154	0.0678	-0.2896	0.1547	1	0.1671	2.9891	0.0028
a1_3	a2_8	0.2335	0.1418	-0.1973	0.0781	1	0.1070	2.6611	0.0078
a1_3	b2_15	0.0870	0.1097	-0.3995	0.2023	1	0.0263	2.1141	0.0345
a1_4	a1_13	0.1027	0.0229	-0.1919	0.0712	1	0.1451	3.9414	0.0001
a1_4	a1_9	0.2023	0.0700	-0.0810	0.0261	1	0.1339	3.7929	0.0001
a1_4	a2_28	0.2490	0.0594	-0.1508	0.0376	1	0.2593	5.6894	0.0000
a1_4	b1_8	-0.1394	0.0945	0.0966	0.0337	1	-0.0354	-2.3530	0.0186
a1_4	b2_21	0.1631	0.0818	-0.0646	0.0740	1	0.0072	2.0655	0.0389
a1_5	a2_11	0.1654	0.1560	-0.2312	0.0901	1	0.0363	2.2012	0.0277
a1_6	a2_3	0.1197	0.1174	-0.2455	0.0773	1	0.0840	2.5973	0.0094
a1_6	b2_1	0.1691	0.1429	-0.3058	0.0329	1	0.1816	3.2391	0.0012
a1_6	b2_8	0.0473	0.1127	-0.2408	0.0801	1	0.0115	2.0831	0.0372
a1_8	a1_22	0.0766	0.0796	-0.1268	0.0280	1	0.0345	2.4091	0.0160
a1_9	a1_24	0.1104	0.0107	-0.0556	0.0484	1	0.0668	3.3457	0.0008
a1_9	b1_20	0.0682	0.0143	-0.0930	0.0172	1	0.1166	7.2272	0.0000
a2_0	b1_24	0.1290	0.1162	-0.1353	0.0557	1	0.0067	2.0517	0.0402
a2_1	a2_1	0.1410	0.1668	-0.4237	0.0804	1	0.1944	3.0500	0.0023
a2_1	a2_27	-0.4623	0.0804	0.0008	0.1120	1	-0.1872	-3.3575	0.0008
a2_1	b2_13	-0.3227	0.1607	0.0436	0.0666	1	-0.0183	-2.1054	0.0353
a2_1	b2_25	0.2309	0.0973	-0.0811	0.0779	1	0.0627	2.5033	0.0123
a2_11	b1_21	0.0153	0.0602	-0.1873	0.0799	1	0.0024	2.0242	0.0429
a2_11	b2_21	0.3559	0.0767	0.0489	0.1063	1	0.0448	2.3417	0.0192
a2_11	b2_4	-0.2514	0.1157	0.0839	0.0624	1	-0.0724	-2.5509	0.0107
a2_11	c2_2	0.0861	0.0691	-0.1966	0.0741	1	0.0801	2.7907	0.0053
a2_13	a2_14	0.2979	0.0765	-0.2207	0.2025	1	0.0856	2.3956	0.0166
a2_13	b1_24	-0.1238	0.0878	0.3318	0.2080	1	-0.0041	-2.0181	0.0436
a2_17	c2_1	-0.1898	0.1201	0.1629	0.0894	1	-0.0532	-2.3551	0.0185
a2_18	b1_16	-0.2244	0.0615	0.1133	0.0206	1	-0.2079	-5.2039	0.0000
a2_18	b1_21	-0.1801	0.1307	0.0909	0.0185	1	-0.0070	-2.0531	0.0401
a2_18	b2_28	0.2575	0.0995	-0.2410	0.1572	1	0.1264	2.6792	0.0074
a2_18	b2_8	0.0462	0.0902	0.3066	0.0753	1	-0.0254	-2.2162	0.0267
a2_18	c2_6	0.2427	0.1024	-0.0314	0.0777	1	0.0169	2.1317	0.0330
a2_19	b1_26	-0.1363	0.0266	0.2485	0.1536	1	-0.0730	-2.4681	0.0136
a2_2	a2_10	0.1685	0.1069	-0.2464	0.1419	1	0.0597	2.3360	0.0195
a2_2	a2_30	0.1274	0.0610	-0.0566	0.0644	1	0.0066	2.0747	0.0380
a2_2	b2_17	-0.0322	0.0446	0.1150	0.0150	1	-0.0531	-3.1281	0.0018
a2_2	b2_18	-0.1198	0.0809	0.1093	0.0151	1	-0.0644	-2.7828	0.0054
a2_20	b1_19	0.1411	0.1072	-0.2241	0.1232	1	0.0385	2.2360	0.0254
a2_20	b2_7	-0.0004	0.0573	0.2806	0.0790	1	-0.0858	-2.8786	0.0040
a2_21	a2_26	-0.3021	0.1878	0.0903	0.0395	1	-0.0086	-2.0448	0.0409
a2_21	b1_28	0.0854	0.0206	-0.1224	0.0743	1	0.0536	2.6952	0.0070
a2_22	b2_1	-0.1938	0.1122	0.2137	0.1619	1	-0.0136	-2.0689	0.0386
a2_23	c2_6	0.1860	0.0619	-0.0653	0.0566	1	0.0836	2.9971	0.0027
a2_24	a2_32	-0.4681	0.3338	0.3695	0.0847	1	-0.1488	-2.4321	0.0150
a2_24	b2_12	-0.1607	0.0419	0.1278	0.1330	1	-0.0096	-2.0685	0.0386
a2_25	a2_32	-0.1081	0.1761	0.4990	0.2030	1	-0.0697	-2.2593	0.0239
a2_25	b2_25	0.1241	0.0823	-0.1318	0.0330	1	0.0786	2.8872	0.0039
a2_26	b1_16	-0.1533	0.0663	0.0550	0.0498	1	-0.0424	-2.5106	0.0121
a2_26	b2_21	0.2507	0.0324	-0.0484	0.0894	1	0.1089	3.1454	0.0017
a2_27	a2_27	0.5628	0.1099	-0.2277	0.3115	1	0.1298	2.3929	0.0167
a2_27	a2_32	0.5725	0.2281	-0.2967	0.1683	1	0.3023	3.0665	0.0022
a2_27	b1_28	0.1769	0.0337	-0.0297	0.0712	1	0.0490	2.6224	0.0087
a2_27	b1_4	-0.5640	0.2697	0.1300	0.1688	1	-0.0576	-2.1810	0.0292
a2_27	b2_15	-0.3816	0.0654	0.2222	0.2776	1	-0.0335	-2.1176	0.0342
a2_27	b2_4	0.3057	0.1065	-0.0628	0.0692	1	0.1145	2.9018	0.0037
a2_29	b1_28	0.0250	0.0568	-0.1459	0.0302	1	0.0423	2.6582	0.0079
a2_3	a2_22	-0.2615	0.0633	0.1641	0.1999	1	-0.0062	-2.0296	0.0424
a2_3	b1_24	-0.1116	0.0895	0.3749	0.0652	1	-0.2650	-4.3922	0.0000
a2_3	b1_6	0.1274	0.0179	-0.4176	0.2701	1	0.0036	2.0134	0.0441
a2_3	c2_4	0.0416	0.1090	0.3226	0.0537	1	-0.0379	-2.3122	0.0208
a2_30	b2_17	-0.2563	0.0558	-0.0326	0.0944	1	-0.0043	-2.0395	0.0414
a2_31	b1_2	0.1971	0.1165	-0.1459	0.0396	1	0.0969	2.7872	0.0053
a2_31	b1_4	0.3515	0.0212	0.1636	0.0482	1	0.0825	3.5657	0.0004
a2_31	b2_21	0.1723	0.0875	-0.1427	0.0275	1	0.1316	3.4357	0.0006
a2_32	b1_24	0.0939	0.1562	-0.3246	0.0379	1	0.0969	2.6030	0.0092
a2_32	b1_6	-0.0983	0.1583	0.3448	0.0381	1	-0.1175	-2.7220	0.0065
a2_4	a2_13	0.2271	0.1089	-0.3018	0.2294	1	0.0210	2.0826	0.0373
a2_4	b1_1	0.2191	0.0311	0.3130	0.0253	1	-0.0136	-2.3401	0.0193
a2_4	b2_23	0.1930	0.0131	-0.3134	0.2348	1	0.0362	2.1538	0.0313
a2_5	b2_27	-0.2282	0.0783	0.0770	0.1124	1	-0.0312	-2.2276	0.0259
a2_6	a2_18	0.1479	0.1948	-0.3022	0.0588	1	0.0430	2.2112	0.0270
a2_6	a2_32	-0.4980	0.3055	0.8134	0.1634	1	-0.6184	-3.7851	0.0002
a2_6	b1_22	0.1021	0.1606	-0.4641	0.1712	1	0.0967	2.4120	0.0159
a2_6	b1_4	0.4900	0.1177	-0.1738	0.1460	1	0.2887	3.5393	0.0004
a2_7	b2_10	-0.3109	0.0197	0.1028	0.0109	1	-0.3687	-18.3792	0.0000
a2_8	b1_3	-0.0668	0.0341	0.1413	0.0531	1	-0.0819	-3.2976	0.0010
a2_9	b1_19	-0.2903	0.1780	0.1040	0.0707	1	-0.0112	-2.0586	0.0395
a2_9	b2_10	-0.5050	0.1679	0.1557	0.1090	1	-0.2604	-3.3012	0.0010
b1_0	b2_27	-0.2493	0.1404	0.1425	0.1245	1	-0.0165	-2.0881	0.0368
b1_1	b2_20	0.1815	0.0238	-0.2087	0.1470	1	0.0923	2.6197	0.0088
b1_10	b2_13	0.1449	0.0647	-0.1218	0.1152	1	0.0025	2.0190	0.0435
b1_11	b2_10	-0.2159	0.0956	0.2192	0.1132	1	-0.1388	-2.9369	0.0033
b1_11	b2_3	-0.1009	0.0757	-0.2956	0.0579	1	0.0040	2.0422	0.0411
b1_13	b1_16	-0.0301	0.0378	0.0912	0.0218	1	-0.0340	-2.7796	0.0054
b1_15	b1_22	0.1852	0.0952	-0.2594	0.1480	1	0.0925	2.5256	0.0116
b1_15	b2_25	0.1809	0.0839	-0.1915	0.1005	1	0.1106	2.8449	0.0044
b1_17	b2_10	-0.2056	0.0753	0.0932	0.0440	1	-0.1243	-3.4242	0.0006
b1_19	b2_18	0.0858	0.0564	-0.0880	0.0203	1	0.0539	2.8985	0.0037
b1_2	b1_21	0.0878	0.0457	-0.2892	0.1623	1	0.0398	2.2363	0.0253
b1_2	b1_24	-0.0246	0.0290	-0.1317	0.0178	1	0.0390	3.1450	0.0017
b1_2	b1_4	0.1740	0.0344	-0.0876	0.1119	1	0.0275	2.2349	0.0254
b1_2	b2_16	-0.0026	0.0881	-0.3783	0.0661	1	0.1555	3.4121	0.0006
b1_2	b2_4	-0.0477	0.0582	0.1374	0.0227	1	-0.0600	-2.9597	0.0031
b1_20	c2_2	-0.0384	0.0411	0.2254	0.0994	1	-0.0486	-2.4517	0.0142
b1_21	b2_26	0.1705	0.0235	0.0635	0.0475	1	0.0009	2.0172	0.0437
b1_21	b2_4	0.0541	0.0663	-0.1444	0.0387	1	0.0452	2.5886	0.0096
b1_23	c2_5	0.0980	0.0592	-0.1890	0.0869	1	0.0768	2.7304	0.0063
b1_24	b2_1	-0.0312	0.0979	0.4267	0.1712	1	-0.0635	-2.3219	0.0202
b1_24	b2_8	-0.0681	0.0610	0.3609	0.0367	1	-0.2866	-6.0250	0.0000
b1_26	c2_6	-0.1771	0.0793	0.0646	0.0806	1	-0.0155	-2.1374	0.0326
b1_28	b2_21	-0.1686	0.0453	0.0730	0.0539	1	-0.1007	-3.4303	0.0006
b1_28	b2_23	0.1093	0.1010	-0.1153	0.0218	1	0.0178	2.1726	0.0298
b1_28	b2_26	0.1110	0.0725	-0.0775	0.0359	1	0.0267	2.3296	0.0198
b1_29	b2_7	0.1968	0.1763	-0.2350	0.1115	1	0.0145	2.0694	0.0385
b1_4	b2_0	0.0328	0.0375	-0.1108	0.0484	1	0.0210	2.3431	0.0191
b1_5	b2_22	-0.1374	0.0286	0.1831	0.1302	1	-0.0540	-2.4050	0.0162
b1_5	b2_30	-0.4274	0.0540	0.1129	0.1911	1	-0.1431	-2.7209	0.0065
b1_6	b2_1	0.0164	0.1419	-0.3826	0.0692	1	0.0832	2.5271	0.0115
b1_8	b1_10	-0.2313	0.0321	0.2552	0.1895	1	-0.1021	-2.5315	0.0114
b1_9	b2_10	-0.1571	0.0866	0.0745	0.0425	1	-0.0387	-2.4016	0.0163
b2_0	b2_15	0.0258	0.0981	-0.3725	0.1616	1	0.0203	2.1074	0.0351
b2_0	b2_21	-0.2093	0.0996	0.1899	0.0796	1	-0.1443	-3.1314	0.0017
b2_0	b2_23	0.1854	0.1216	-0.2200	0.0999	1	0.0906	2.5755	0.0100
b2_1	c2_4	0.0452	0.0395	0.3622	0.0252	1	-0.2234	-6.7695	0.0000
b2_10	b2_10	0.4789	0.2793	-0.2802	0.0926	1	0.1708	2.5804	0.0099
b2_10	c2_5	0.3234	0.1918	-0.0778	0.0336	1	0.0118	2.0608	0.0393
b2_11	b2_25	-0.2558	0.1223	0.2968	0.1130	1	-0.2196	-3.3189	0.0009
b2_12	c2_4	0.1678	0.0423	-0.0435	0.0877	1	0.0166	2.1704	0.0300
b2_16	b2_25	-0.3161	0.0398	0.2830	0.1387	1	-0.3105	-4.1523	0.0000
b2_2	b2_9	-0.0792	0.0685	0.2280	0.1227	1	-0.0262	-2.1868	0.0288
b2_21	b2_26	-0.3700	0.1303	-0.0823	0.0550	1	-0.0048	-2.0337	0.0420
b2_26	b2_26	0.2704	0.1329	-0.3120	0.1775	1	0.1389	2.6264	0.0086
b2_29	c2_2	0.0825	0.0692	-0.1055	0.0141	1	0.0468	2.6630	0.0077
b2_3	b2_12	-0.2983	0.1346	0.0386	0.0733	1	-0.0304	-2.1981	0.0279
b2_4	b2_26	0.2782	0.1294	-0.0634	0.0439	1	0.0683	2.4995	0.0124
b2_6	b2_16	0.0955	0.1190	-0.2754	0.0844	1	0.0791	2.5424	0.0110
b2_8	c2_4	0.0064	0.0870	0.2743	0.0554	1	-0.0617	-2.5985	0.0094
