rgn	WT.pcca2	WT.pcca2	bN82A.pcca2	bN82A.pcca2	aT41A.pcca1	aT41A.pcca1
	mf	sf	mf	sf	mf	sf
a1_0	0.6646	1.1926	0.3904	1.3917	-1.0795	0.8899
a1_1	-0.0998	1.3606	-0.5514	0.6143	0.8058	0.7332
a1_10	-0.2931	0.3583	0.6694	0.3504	-0.1090	0.5150
a1_11	-0.0866	0.1699	0.3356	0.3297	-0.2268	0.5306
a1_12	-0.1505	2.5680	1.4191	1.4311	1.2665	1.9371
a1_13	1.2018	0.4997	1.3323	0.2336	1.2084	0.0906
a1_14	-0.5096	1.0290	-0.6360	1.7969	0.2336	0.8564
a1_15	-1.1778	1.0082	-0.1598	1.2351	-1.0650	1.5529
a1_16	0.7294	0.5618	1.3846	0.0894	0.1689	1.8028
a1_17	0.7734	1.3836	0.5293	0.2117	0.8792	0.2622
a1_18	2.0777	0.3573	0.4474	0.8623	0.9763	1.0371
a1_19	1.5941	0.2339	1.0085	0.4218	1.2010	0.9128
a1_2	-1.1855	0.5014	-0.7051	0.0667	-0.7115	0.0450
a1_20	0.9615	1.2055	1.2531	1.1635	0.2460	0.0439
a1_21	-0.2824	1.4900	0.0467	0.5365	0.2982	1.0185
a1_22	0.7688	0.6415	0.8245	0.7934	1.4473	0.1991
a1_23	1.2340	0.8637	0.8468	0.9867	0.1114	0.7869
a1_24	-0.7348	0.3857	-0.4967	0.5209	-0.6080	0.4916
a1_25	0.4764	0.3172	-0.3451	0.2913	-0.6522	0.3919
a1_26	1.0753	0.8221	0.9423	0.6115	0.9989	0.4746
a1_27	0.0941	0.2185	-0.2394	0.0816	0.1112	0.0735
a1_3	0.4196	0.1592	0.3481	0.0944	-0.6150	0.0741
a1_4	0.2093	1.3211	-0.4190	0.3015	-0.5138	0.4665
a1_5	-0.9866	0.0524	1.6540	1.1688	-1.6318	2.3504
a1_6	0.8378	0.7023	1.1121	0.6805	0.4225	0.9465
a1_7	-0.1776	0.4321	-0.6471	0.9566	-0.2099	1.0141
a1_8	-1.2510	0.3994	-1.6301	0.1562	-0.9815	0.6977
a1_9	0.4690	0.1509	0.4490	0.3061	-0.7540	0.9820
a2_0	-0.5636	2.1683	-0.6023	0.7144	0.2795	2.3643
a2_1	2.7234	0.0580	2.7505	0.4087	2.6756	0.2910
a2_10	0.4827	0.3688	-0.2654	0.4172	0.0744	0.8426
a2_11	0.8609	1.3727	0.6052	1.0502	0.0665	0.3551
a2_12	-0.5438	1.3465	0.1250	0.0598	-0.2374	0.5475
a2_13	-0.3436	0.2020	0.2279	0.0916	-0.1254	0.1540
a2_15	-1.1448	0.5898	-0.8127	1.6563	0.8068	0.6334
a2_16	0.7942	0.6188	1.0672	0.7633	1.2999	0.1913
a2_17	0.9177	0.3458	0.4724	0.4665	0.3246	0.9498
a2_18	0.2879	0.7310	-0.0587	0.3375	-0.4340	0.5681
a2_19	1.5721	0.4818	2.1352	0.3737	-0.3344	0.3511
a2_2	0.1079	0.4512	0.5266	0.1981	0.3680	0.3596
a2_20	-0.0447	0.7123	-0.1074	0.8687	0.6654	0.5808
a2_21	0.2968	0.3037	0.4908	0.5135	0.2777	0.7044
a2_22	0.5450	0.1715	0.3819	0.4203	0.3635	0.5465
a2_23	1.0748	1.0391	0.8009	1.5124	-0.4427	1.1001
a2_24	-0.7419	0.8612	-0.6727	0.2436	0.7172	0.3314
a2_25	-0.2969	1.1072	-0.0220	2.9631	1.6487	1.1171
a2_26	0.8315	0.6377	0.8786	0.3140	1.2776	0.3861
a2_27	0.7164	0.5392	-0.0178	0.5518	0.2954	1.1976
a2_28	1.2972	1.0519	1.1488	1.0110	0.9501	0.7650
a2_29	1.2755	0.5273	1.3120	0.0917	1.0863	0.4031
a2_3	1.1948	1.0255	0.3274	0.6185	0.8021	0.7524
a2_30	-0.4380	0.4021	0.4109	0.7688	0.4328	0.9113
a2_31	-0.6755	0.3028	-0.0239	0.3543	0.0751	0.4823
a2_4	-0.1487	0.5208	0.0695	0.5915	-0.2285	0.8839
a2_5	0.5535	0.4994	0.7167	0.4941	0.6407	0.5685
a2_6	-0.2561	1.0771	0.0068	0.5971	-0.0199	0.9126
a2_7	1.4462	0.7790	0.3712	1.4151	0.1558	0.6720
a2_8	-0.9909	0.0996	-1.0611	0.1376	-1.1091	0.0637
a2_9	-0.5288	0.2209	-0.6045	0.0333	-0.5644	0.0328
b1_0	0.2277	0.8282	0.0452	0.7268	0.0968	0.8151
b1_1	0.1525	0.1897	0.4267	0.1260	-0.8210	0.2811
b1_10	-0.0452	1.0008	-1.0397	1.0300	0.8966	0.5228
b1_11	2.2759	1.1751	0.2540	2.1751	0.9085	1.9151
b1_12	0.0543	0.3193	0.1415	0.1602	0.7934	0.4280
b1_13	0.3087	0.4081	0.2196	0.1124	0.0367	1.2300
b1_14	-0.7403	0.8798	-0.3386	0.7015	0.8664	0.9979
b1_16	0.9928	0.6433	0.2465	0.5512	-0.4053	0.4206
b1_17	1.0638	0.8604	-0.0527	0.6907	0.0217	0.4033
b1_18	-1.1141	1.6688	-0.4020	0.6780	-0.0886	1.1546
b1_19	-0.1286	0.3568	0.2171	0.1250	0.0479	0.3104
b1_2	0.9811	0.8514	-0.0821	0.5804	0.5380	0.8785
b1_20	-0.2931	0.6650	0.2790	0.7936	-0.4726	0.4566
b1_21	0.7105	0.6098	0.8479	0.2548	1.1579	0.0289
b1_22	0.8489	0.7469	1.0048	0.8001	-0.3127	1.2105
b1_24	0.3170	0.5679	0.1528	0.7516	-0.9068	0.3079
b1_25	0.7235	0.6056	0.8290	0.8375	-0.2563	1.2830
b1_26	-0.1313	0.4196	-0.5756	1.4447	0.2275	0.5580
b1_27	-0.0881	1.9365	0.7698	2.3750	-1.7229	0.7453
b1_28	-0.8962	0.4765	0.3357	1.7463	-0.5469	1.7849
b1_29	-0.7704	1.1990	0.6153	0.9760	-0.3865	1.7149
b1_3	-0.8499	1.4335	-1.3490	1.0058	0.9663	1.0297
b1_4	-0.6462	0.6463	0.4687	0.2905	0.1506	0.5760
b1_5	-0.3742	0.8809	-0.7773	0.9432	-0.3856	0.3438
b1_6	1.2421	1.5232	-0.9451	1.1491	-0.5564	0.7719
b1_7	0.5636	0.1317	0.1465	0.3296	1.4354	0.9458
b1_8	0.3179	0.5998	0.3958	1.5258	-0.0062	1.0356
b1_9	0.8952	0.1728	1.1260	0.2322	1.1554	0.2054
b2_0	-1.7189	0.5474	-0.0632	1.7363	0.1756	1.3869
b2_1	1.0135	0.4797	0.3104	0.4812	0.7713	0.5122
b2_10	-0.3886	0.2078	-0.6300	0.1020	-0.3850	0.4556
b2_11	0.7999	0.3787	1.3936	0.4675	0.1887	0.5479
b2_12	0.3365	0.3625	0.0813	0.1970	0.4618	0.5791
b2_13	0.4936	0.9311	0.1511	0.8571	0.4529	1.0208
b2_14	0.5219	1.1759	-0.7984	0.8087	-0.7134	1.1766
b2_15	0.0497	0.9850	-0.1014	0.5928	0.3071	0.6625
b2_17	1.2651	0.1220	1.3878	0.3129	1.1613	0.8069
b2_18	0.1699	0.2930	-0.0452	1.1626	-0.2808	0.3741
b2_19	0.3572	0.6809	-0.2346	0.3992	0.7699	0.4020
b2_2	-0.2553	1.1273	-0.0318	0.7530	-0.1795	1.6132
b2_20	-0.5294	1.5239	-0.0492	0.8910	-0.9955	0.7762
b2_21	1.3363	0.9966	2.3286	0.5994	2.6275	0.2385
b2_22	-0.1028	0.9058	-0.5241	0.3925	0.4519	0.5515
b2_23	-0.3849	0.4279	-0.1551	0.3411	-0.3806	0.1990
b2_24	0.3568	1.1108	0.7495	0.3837	0.9462	1.9602
b2_25	-0.9979	0.3597	-1.4877	0.2103	-0.8606	0.2589
b2_26	-0.3159	1.1116	0.3124	2.9579	-1.6409	1.0671
b2_27	-0.1288	1.3213	-0.6693	1.2156	-0.9922	0.6529
b2_28	0.3908	0.3334	0.4090	0.1542	0.0010	0.5175
b2_29	0.2753	0.5259	0.1165	0.0011	0.1849	0.0499
b2_3	-0.5659	0.5673	-1.0033	1.1116	-0.0845	0.1069
b2_30	1.4287	0.8959	0.8607	0.5337	2.2958	0.4343
b2_31	0.0977	0.8236	0.9393	0.7685	-0.2054	0.5883
b2_4	-1.1088	0.1682	-0.2300	0.7160	-0.1025	0.3071
b2_5	-0.2725	0.4665	-0.1538	0.7341	0.2317	0.6787
b2_6	0.3968	0.3884	0.3292	0.5229	0.0381	0.7215
b2_7	1.1813	0.1357	1.2470	0.0760	1.1592	0.0358
b2_9	0.4236	0.2414	0.0887	0.0250	1.6472	0.0534
c2_0	-0.5761	1.1565	0.1573	1.1268	0.5878	0.7850
c2_1	0.1308	0.9955	-0.9425	0.0880	-0.3366	1.2027
c2_2	-0.6774	0.8774	-0.9976	0.0916	-0.0773	0.5345
c2_3	-0.2573	0.5832	-0.3168	0.2520	-0.3369	0.4706
c2_4	0.0352	1.1125	0.9135	1.9162	0.5414	0.3012
c2_5	0.9825	0.0411	0.6090	0.9246	-0.4637	1.1872
c2_6	-0.1924	0.3321	-0.0835	0.3552	0.0266	0.5261
