index	seg1	res1	rnm1	seg2	res2	rnm2	aT41A.pcca1	aT41A.pcca1	bN82A.pcca2	bN82A.pcca2	lsdm	sdiff	score	pval
							mf	sf	mf	sf				
2918	A	12	PHE	B	84	GLY	0.0000	0.0000	-1.7903	0.8378	1	0.1148	2.1370	0.0326
3101	A	13	TYR	A	71	GLU	0.0000	0.0000	-1.4498	0.6342	1	0.1814	2.2860	0.0223
3359	A	13	TYR	B	149	GLN	0.0000	0.0000	1.2537	0.4643	1	-0.3250	-2.7000	0.0069
3383	A	13	TYR	B	173	CYX	0.0000	0.0000	-1.8757	0.8660	1	0.1437	2.1659	0.0303
4595	A	17	ASP	A	83	THR	-0.8758	0.3029	0.0000	0.0000	1	-0.2700	-2.8911	0.0038
4610	A	17	ASP	A	98	GLU	-0.7702	0.3529	0.0000	0.0000	1	-0.0645	-2.1827	0.0291
4714	A	17	ASP	B	22	GLU	0.7198	0.1313	0.0000	0.0000	1	0.4572	5.4822	0.0000
4771	A	17	ASP	B	79	CYX	-0.9822	0.2334	0.0000	0.0000	1	-0.5154	-4.2089	0.0000
4816	A	17	ASP	B	112	HIE	0.0000	0.0000	-1.1436	0.5067	1	0.1301	2.2568	0.0240
6393	A	22	PHE	A	41	MTS	0.4261	0.0913	0.0000	0.0000	1	0.2435	4.6678	0.0000
6445	A	22	PHE	A	93	THR	0.6328	0.2859	0.0000	0.0000	1	0.0610	2.2133	0.0269
6453	A	22	PHE	A	101	GLU	-1.6086	0.7697	0.0000	0.0000	1	-0.0692	-2.0899	0.0366
6530	A	22	PHE	A	178	TRP	-0.5445	0.1874	0.0000	0.0000	1	-0.1698	-2.9064	0.0037
6624	A	22	PHE	B	92	GLN	-1.5590	0.5136	0.0000	0.0000	1	-0.5318	-3.0355	0.0024
6648	A	22	PHE	B	116	VAL	-1.7998	0.8062	0.0000	0.0000	1	-0.1873	-2.2324	0.0256
7622	A	25	ASH	A	178	TRP	-0.6514	0.2483	0.0000	0.0000	1	-0.1547	-2.6228	0.0087
7890	A	26	PHE	A	63	ILE	0.0000	0.0000	1.0862	0.0986	1	-0.8890	-11.0188	0.0000
7914	A	26	PHE	A	87	PRO	0.0000	0.0000	1.0450	0.2942	1	-0.4565	-3.5515	0.0004
7936	A	26	PHE	A	109	ILE	0.0000	0.0000	-0.8729	0.2752	1	0.3225	3.1719	0.0015
7970	A	26	PHE	A	143	HIE	0.0000	0.0000	0.6499	0.2521	1	-0.1458	-2.5783	0.0099
8044	A	26	PHE	B	37	SER	0.0000	0.0000	-0.7118	0.2072	1	0.2974	3.4358	0.0006
8089	A	26	PHE	B	82	MTS	0.0000	0.0000	1.7616	0.6656	1	-0.4303	-2.6465	0.0081
8091	A	26	PHE	B	84	GLY	0.0000	0.0000	-1.1612	0.3054	1	0.5504	3.8020	0.0001
8202	A	26	PHE	C	106	LYS	0.0000	0.0000	-0.8245	0.2907	1	0.2432	2.8369	0.0046
9675	A	31	ILE	A	74	THR	-0.9844	0.4477	0.0000	0.0000	1	-0.0890	-2.1988	0.0279
9773	A	31	ILE	A	172	GLU	0.5896	0.2902	0.0000	0.0000	1	0.0092	2.0315	0.0422
9803	A	31	ILE	A	176	LYS	0.0000	0.0000	-0.8181	0.0520	1	0.7142	15.7449	0.0000
9865	A	31	ILE	B	84	GLY	-1.3348	0.6282	0.0000	0.0000	1	-0.0784	-2.1248	0.0336
9884	A	31	ILE	B	77	THR	0.0000	0.0000	-0.5516	0.2327	1	0.0863	2.3707	0.0178
9972	A	31	ILE	C	103	PRO	1.5793	0.5836	0.0000	0.0000	1	0.4121	2.7062	0.0068
10008	A	31	ILE	C	112	PRO	0.0000	0.0000	1.3624	0.4366	1	-0.4893	-3.1208	0.0018
10350	A	33	HIP	A	38	LYS	-0.4036	0.1947	0.0000	0.0000	1	-0.0142	-2.0728	0.0382
10365	A	33	HIP	A	53	SER	-0.9662	0.0651	0.0000	0.0000	1	-0.8360	-14.8438	0.0000
10399	A	33	HIP	A	87	PRO	-0.8960	0.3123	0.0000	0.0000	1	-0.2714	-2.8691	0.0041
10430	A	33	HIP	A	118	ASN	1.1080	0.1737	0.0000	0.0000	1	0.7605	6.3774	0.0000
10456	A	33	HIP	A	144	LEU	0.7266	0.3596	0.0000	0.0000	1	0.0073	2.0204	0.0433
10491	A	33	HIP	A	179	GLU	0.6086	0.0444	0.0000	0.0000	1	0.5198	13.7171	0.0000
10563	A	33	HIP	B	71	ARG	-0.1692	0.0833	0.0000	0.0000	1	-0.0026	-2.0310	0.0423
10570	A	33	HIP	B	78	TYR	-0.7555	0.0453	0.0000	0.0000	1	-0.6648	-16.6610	0.0000
10572	A	33	HIP	B	80	ARG	-1.0544	0.4166	0.0000	0.0000	1	-0.2212	-2.5309	0.0114
10594	A	33	HIP	B	102	TYR	-1.2166	0.1903	0.0000	0.0000	1	-0.8360	-6.3919	0.0000
10654	A	33	HIP	B	162	GLU	-0.5346	0.0658	0.0000	0.0000	1	-0.4031	-8.1302	0.0000
10843	A	34	VAL	A	177	HIP	-1.0869	0.0881	0.0000	0.0000	1	-0.9107	-12.3323	0.0000
10938	A	34	VAL	B	92	GLN	-1.0949	0.3578	0.0000	0.0000	1	-0.3792	-3.0596	0.0022
11079	A	35	ASP	A	60	LEU	0.5835	0.1289	0.0000	0.0000	1	0.3257	4.5272	0.0000
11093	A	35	ASP	A	44	ARG	0.0000	0.0000	0.5842	0.1271	1	-0.3301	-4.5975	0.0000
11111	A	35	ASP	A	62	ASN	0.0000	0.0000	0.8894	0.2146	1	-0.4603	-4.1451	0.0000
11120	A	35	ASP	A	71	GLU	0.0000	0.0000	0.8619	0.3791	1	-0.1037	-2.2736	0.0230
11126	A	35	ASP	A	107	CYX	-1.4407	0.7120	0.0000	0.0000	1	-0.0167	-2.0235	0.0430
11165	A	35	ASP	A	116	VAL	0.0000	0.0000	0.4620	0.1851	1	-0.0918	-2.4963	0.0126
11175	A	35	ASP	A	156	SER	1.0042	0.0960	0.0000	0.0000	1	0.8122	10.4648	0.0000
11187	A	35	ASP	A	138	LEU	0.0000	0.0000	0.4001	0.1194	1	-0.1614	-3.3518	0.0008
11201	A	35	ASP	A	152	PRO	0.0000	0.0000	0.6184	0.2294	1	-0.1595	-2.6955	0.0070
11211	A	35	ASP	B	12	LYS	-0.6971	0.0392	0.0000	0.0000	1	-0.6187	-17.7672	0.0000
11345	A	35	ASP	B	146	GLY	-0.8728	0.4328	0.0000	0.0000	1	-0.0072	-2.0167	0.0437
11357	A	35	ASP	B	128	GLU	0.0000	0.0000	0.6933	0.2979	1	-0.0975	-2.3273	0.0200
11381	A	35	ASP	B	152	ASP	0.0000	0.0000	-0.4814	0.1215	1	0.2383	3.9604	0.0001
11402	A	35	ASP	B	173	CYX	0.0000	0.0000	0.7972	0.0980	1	-0.6011	-8.1315	0.0000
11416	A	35	ASP	B	187	GLU	0.0000	0.0000	0.4415	0.2081	1	-0.0254	-2.1220	0.0338
11424	A	35	ASP	C	106	LYS	0.0000	0.0000	0.4727	0.1744	1	-0.1239	-2.7109	0.0067
12371	A	38	LYS	B	119	VAL	0.6879	0.1505	0.0000	0.0000	1	0.3869	4.5707	0.0000
12375	A	38	LYS	B	123	TYR	1.1794	0.4223	0.0000	0.0000	1	0.3348	2.7929	0.0052
12932	A	40	GLU	A	163	CYX	0.7956	0.3783	0.0000	0.0000	1	0.0390	2.1032	0.0354
13203	A	41	MTS	A	87	PRO	1.1959	0.5939	0.0000	0.0000	1	0.0080	2.0135	0.0441
13260	A	41	MTS	A	144	LEU	-0.8111	0.0478	0.0000	0.0000	1	-0.7155	-16.9679	0.0000
13267	A	41	MTS	A	151	LEU	-1.1481	0.4460	0.0000	0.0000	1	-0.2561	-2.5741	0.0100
13346	A	41	MTS	B	50	VAL	-1.0612	0.1264	0.0000	0.0000	1	-0.8084	-8.3971	0.0000
13416	A	41	MTS	B	120	SER	0.7440	0.2796	0.0000	0.0000	1	0.1849	2.6613	0.0078
13902	A	43	TRP	A	95	SER	-0.5828	0.2479	0.0000	0.0000	1	-0.0871	-2.3513	0.0187
13926	A	43	TRP	A	119	VAL	1.3164	0.5749	0.0000	0.0000	1	0.1666	2.2897	0.0220
13963	A	43	TRP	A	156	SER	-1.6689	0.6090	0.0000	0.0000	1	-0.4509	-2.7403	0.0061
13985	A	43	TRP	A	178	TRP	1.1852	0.4063	0.0000	0.0000	1	0.3726	2.9172	0.0035
14071	A	43	TRP	B	84	GLY	-1.4694	0.7043	0.0000	0.0000	1	-0.0608	-2.0864	0.0369
14177	A	43	TRP	B	190	ALA	0.5951	0.2389	0.0000	0.0000	1	0.1174	2.4914	0.0127
14235	A	44	ARG	A	45	LEU	0.0000	0.0000	1.3149	0.4918	1	-0.3313	-2.6737	0.0075
14286	A	44	ARG	A	96	PRO	0.0000	0.0000	0.5279	0.0544	1	-0.4191	-9.7071	0.0000
14457	A	44	ARG	B	87	GLU	0.0000	0.0000	-0.9796	0.0832	1	0.8132	11.7746	0.0000
14498	A	44	ARG	B	128	GLU	0.0000	0.0000	-0.4174	0.1282	1	0.1611	3.2570	0.0011
14587	A	45	LEU	A	93	THR	0.5247	0.2493	0.0000	0.0000	1	0.0261	2.1048	0.0353
14600	A	45	LEU	A	106	ILE	1.5082	0.7105	0.0000	0.0000	1	0.0872	2.1227	0.0338
14610	A	45	LEU	A	76	ARG	0.0000	0.0000	-0.4601	0.1811	1	0.0979	2.5404	0.0111
14630	A	45	LEU	A	96	PRO	0.0000	0.0000	-0.5955	0.1407	1	0.3141	4.2329	0.0000
14659	A	45	LEU	A	165	VAL	0.6803	0.3321	0.0000	0.0000	1	0.0161	2.0486	0.0405
14686	A	45	LEU	A	152	PRO	0.0000	0.0000	0.9978	0.1415	1	-0.7148	-7.0521	0.0000
14745	A	45	LEU	B	71	ARG	1.0202	0.4240	0.0000	0.0000	1	0.1722	2.4063	0.0161
14746	A	45	LEU	B	72	ARG	-0.3926	0.1821	0.0000	0.0000	1	-0.0284	-2.1559	0.0311
14763	A	45	LEU	B	49	ALA	0.0000	0.0000	1.0959	0.3133	1	-0.4694	-3.4984	0.0005
14810	A	45	LEU	B	136	GLN	-0.6699	0.3217	0.0000	0.0000	1	-0.0265	-2.0824	0.0373
14836	A	45	LEU	B	162	GLU	-0.9113	0.0550	0.0000	0.0000	1	-0.8013	-16.5658	0.0000
14866	A	45	LEU	B	152	ASP	0.0000	0.0000	-0.7871	0.2015	1	0.3841	3.9056	0.0001
14887	A	45	LEU	B	173	CYX	0.0000	0.0000	0.7832	0.2039	1	-0.3754	-3.8406	0.0001
14901	A	45	LEU	B	187	GLU	0.0000	0.0000	0.7886	0.1371	1	-0.5144	-5.7521	0.0000
15253	A	47	GLU	A	76	ARG	0.8918	0.2546	0.0000	0.0000	1	0.3825	3.5022	0.0005
15296	A	47	GLU	A	119	VAL	-1.2312	0.3799	0.0000	0.0000	1	-0.4714	-3.2410	0.0012
15340	A	47	GLU	A	163	CYX	-1.0395	0.1034	0.0000	0.0000	1	-0.8327	-10.0514	0.0000
15543	A	47	GLU	B	186	VAL	-0.2507	0.1249	0.0000	0.0000	1	-0.0010	-2.0082	0.0446
16976	A	52	ALA	A	62	ASN	0.0000	0.0000	-0.3131	0.1418	1	0.0295	2.2084	0.0272
17288	A	52	ALA	C	105	SER	0.0000	0.0000	-0.2544	0.0774	1	0.0995	3.2856	0.0010
17289	A	53	SER	A	87	PRO	-0.5308	0.2026	0.0000	0.0000	1	-0.1257	-2.6203	0.0088
17320	A	53	SER	A	118	ASN	1.1247	0.3539	0.0000	0.0000	1	0.4170	3.1783	0.0015
17366	A	53	SER	A	164	ARG	-1.5241	0.5301	0.0000	0.0000	1	-0.4639	-2.8752	0.0040
17374	A	53	SER	A	172	GLU	-1.5897	0.6983	0.0000	0.0000	1	-0.1931	-2.2766	0.0228
17484	A	53	SER	B	102	TYR	-1.3087	0.5851	0.0000	0.0000	1	-0.1385	-2.2368	0.0253
17502	A	53	SER	B	120	SER	-1.1735	0.3881	0.0000	0.0000	1	-0.3972	-3.0235	0.0025
17532	A	53	SER	B	150	ASN	0.6045	0.2853	0.0000	0.0000	1	0.0339	2.1187	0.0341
17565	A	53	SER	B	183	PRO	-0.7876	0.1367	0.0000	0.0000	1	-0.5141	-5.7601	0.0000
17584	A	53	SER	C	114	LEU	-1.2238	0.4127	0.0000	0.0000	1	-0.3984	-2.9653	0.0030
18062	A	55	GLU	A	143	HIE	0.0000	0.0000	-0.5997	0.1635	1	0.2727	3.6677	0.0002
18090	A	55	GLU	A	171	ASP	0.0000	0.0000	1.2941	0.4630	1	-0.3680	-2.7947	0.0052
18096	A	55	GLU	A	177	HIP	0.0000	0.0000	-1.3201	0.4366	1	0.4469	3.0235	0.0025
18148	A	55	GLU	B	49	ALA	0.0000	0.0000	1.1854	0.2064	1	-0.7726	-5.7436	0.0000
18173	A	55	GLU	B	74	ALA	0.0000	0.0000	-1.0594	0.1131	1	0.8332	9.3678	0.0000
18176	A	55	GLU	B	77	THR	0.0000	0.0000	-0.7042	0.2553	1	0.1937	2.7590	0.0058
18245	A	55	GLU	B	146	GLY	0.0000	0.0000	-0.6276	0.2879	1	0.0517	2.1794	0.0293
18281	A	55	GLU	B	182	SER	0.0000	0.0000	1.0805	0.4423	1	-0.1960	-2.4431	0.0146
19620	A	60	LEU	A	101	GLU	-1.0627	0.2378	0.0000	0.0000	1	-0.5871	-4.4688	0.0000
19654	A	60	LEU	A	80	THR	0.0000	0.0000	1.2402	0.4931	1	-0.2540	-2.5151	0.0119
19675	A	60	LEU	A	101	GLU	0.0000	0.0000	-1.3896	0.6578	1	0.0740	2.1125	0.0346
19723	A	60	LEU	A	149	HIE	0.0000	0.0000	0.7597	0.2030	1	-0.3537	-3.7427	0.0002
19726	A	60	LEU	A	152	PRO	0.0000	0.0000	0.5079	0.2448	1	-0.0184	-2.0752	0.0380
19742	A	60	LEU	B	43	ASP	1.0045	0.4334	0.0000	0.0000	1	0.1377	2.3178	0.0205
19751	A	60	LEU	A	177	HIP	0.0000	0.0000	-0.8835	0.0943	1	0.6950	9.3722	0.0000
19794	A	60	LEU	B	95	VAL	-0.4132	0.1686	0.0000	0.0000	1	-0.0760	-2.4510	0.0142
19796	A	60	LEU	B	42	SER	0.0000	0.0000	0.7309	0.1616	1	-0.4078	-4.5239	0.0000
19803	A	60	LEU	B	49	ALA	0.0000	0.0000	0.6113	0.1074	1	-0.3965	-5.6904	0.0000
19822	A	60	LEU	B	123	TYR	0.6856	0.0366	0.0000	0.0000	1	0.6124	18.7455	0.0000
19827	A	60	LEU	B	73	ALA	0.0000	0.0000	-0.5937	0.1967	1	0.2004	3.0191	0.0025
19841	A	60	LEU	B	87	GLU	0.0000	0.0000	0.4535	0.0852	1	-0.2830	-5.3212	0.0000
19906	A	60	LEU	B	152	ASP	0.0000	0.0000	-0.3553	0.0756	1	0.2041	4.6994	0.0000
19917	A	60	LEU	B	163	THR	0.0000	0.0000	0.7883	0.2672	1	-0.2540	-2.9506	0.0032
19937	A	60	LEU	B	183	PRO	0.0000	0.0000	0.6452	0.2710	1	-0.1031	-2.3806	0.0173
19941	A	60	LEU	B	187	GLU	0.0000	0.0000	0.4222	0.0180	1	-0.3862	-23.4472	0.0000
19955	A	60	LEU	C	112	PRO	0.0000	0.0000	0.4243	0.0386	1	-0.3471	-10.9920	0.0000
19982	A	61	ALA	A	80	THR	0.0000	0.0000	1.2335	0.5110	1	-0.2115	-2.4139	0.0158
20002	A	61	ALA	A	100	ARG	0.0000	0.0000	0.7700	0.1627	1	-0.4447	-4.7340	0.0000
20030	A	61	ALA	A	128	VAL	0.0000	0.0000	0.3502	0.1055	1	-0.1393	-3.3206	0.0009
20051	A	61	ALA	A	149	HIE	0.0000	0.0000	0.8468	0.2009	1	-0.4449	-4.2139	0.0000
20124	A	61	ALA	B	42	SER	0.0000	0.0000	0.6931	0.2300	1	-0.2331	-3.0133	0.0026
20133	A	61	ALA	B	51	THR	0.0000	0.0000	0.6822	0.3229	1	-0.0364	-2.1128	0.0346
20172	A	61	ALA	B	90	THR	0.0000	0.0000	-0.8874	0.1258	1	0.6357	7.0517	0.0000
20211	A	61	ALA	B	129	VAL	0.0000	0.0000	-0.5849	0.2707	1	0.0435	2.1608	0.0307
20255	A	62	ASN	A	83	THR	-0.6156	0.2431	0.0000	0.0000	1	-0.1295	-2.5330	0.0113
20274	A	61	ALA	C	103	PRO	0.0000	0.0000	-0.4075	0.1158	1	0.1758	3.5184	0.0004
20323	A	62	ASN	A	151	LEU	1.9736	0.8661	0.0000	0.0000	1	0.2415	2.2788	0.0227
20345	A	62	ASN	A	116	VAL	0.0000	0.0000	-0.5826	0.2352	1	0.1122	2.4773	0.0132
20537	A	62	ASN	B	128	GLU	0.0000	0.0000	-0.7586	0.3520	1	0.0545	2.1547	0.0312
20543	A	62	ASN	C	103	PRO	-0.5239	0.0885	0.0000	0.0000	1	-0.3468	-5.9166	0.0000
20582	A	62	ASN	B	173	CYX	0.0000	0.0000	-0.8091	0.3890	1	0.0311	2.0800	0.0375
20595	A	62	ASN	B	186	VAL	0.0000	0.0000	-0.7162	0.1990	1	0.3182	3.5993	0.0003
20601	A	62	ASN	C	103	PRO	0.0000	0.0000	0.4845	0.1304	1	-0.2237	-3.7148	0.0002
20603	A	62	ASN	C	105	SER	0.0000	0.0000	-1.1972	0.2975	1	0.6021	4.0238	0.0001
20604	A	62	ASN	C	106	LYS	0.0000	0.0000	-0.6267	0.2109	1	0.2049	2.9713	0.0030
20626	A	63	ILE	A	71	GLU	0.0000	0.0000	0.7006	0.2179	1	-0.2647	-3.2149	0.0013
20638	A	63	ILE	A	83	THR	0.0000	0.0000	0.9485	0.0816	1	-0.7853	-11.6224	0.0000
20651	A	63	ILE	A	96	PRO	0.0000	0.0000	-0.6327	0.1510	1	0.3307	4.1900	0.0000
20671	A	63	ILE	A	116	VAL	0.0000	0.0000	1.0657	0.1360	1	-0.7937	-7.8384	0.0000
20681	A	63	ILE	A	126	LYS	0.0000	0.0000	-1.3416	0.3038	1	0.7340	4.4158	0.0000
20683	A	63	ILE	A	128	VAL	0.0000	0.0000	1.1166	0.4102	1	-0.2963	-2.7224	0.0065
20697	A	63	ILE	A	142	ASP	0.0000	0.0000	-0.6577	0.1091	1	0.4395	6.0298	0.0000
20723	A	63	ILE	A	168	TRP	0.0000	0.0000	0.7152	0.2664	1	-0.1825	-2.6851	0.0073
20863	A	63	ILE	B	128	GLU	0.0000	0.0000	0.8238	0.2325	1	-0.3587	-3.5429	0.0004
20870	A	63	ILE	B	135	GLY	0.0000	0.0000	0.8845	0.3702	1	-0.1441	-2.3891	0.0169
20927	A	63	ILE	C	103	PRO	0.0000	0.0000	-0.7024	0.3406	1	0.0211	2.0620	0.0392
23236	A	71	GLU	A	109	ILE	0.0000	0.0000	-0.7081	0.2328	1	0.2426	3.0420	0.0024
23253	A	71	GLU	A	126	LYS	0.0000	0.0000	1.8656	0.8184	1	-0.2289	-2.2797	0.0226
23456	A	71	GLU	B	149	GLN	0.0000	0.0000	1.1465	0.5608	1	-0.0248	-2.0442	0.0409
23480	A	71	GLU	B	173	CYX	0.0000	0.0000	-1.1648	0.4765	1	0.2119	2.4446	0.0145
23502	A	71	GLU	C	106	LYS	0.0000	0.0000	-1.0476	0.2687	1	0.5103	3.8993	0.0001
24138	A	74	THR	A	132	VAL	0.6052	0.2584	0.0000	0.0000	1	0.0884	2.3421	0.0192
24218	A	74	THR	B	32	TYR	1.0567	0.0898	0.0000	0.0000	1	0.8772	11.7725	0.0000
24281	A	74	THR	B	95	VAL	-0.6712	0.3060	0.0000	0.0000	1	-0.0593	-2.1937	0.0283
24332	A	74	THR	B	146	GLY	0.7702	0.3628	0.0000	0.0000	1	0.0445	2.1227	0.0338
24794	A	76	ARG	A	163	CYX	0.6364	0.0962	0.0000	0.0000	1	0.4440	6.6152	0.0000
24843	A	76	ARG	B	32	TYR	-0.8805	0.2707	0.0000	0.0000	1	-0.3390	-3.2520	0.0011
24848	A	76	ARG	B	37	SER	-1.3560	0.5823	0.0000	0.0000	1	-0.1914	-2.3286	0.0199
24879	A	76	ARG	A	177	HIP	0.0000	0.0000	-1.9375	0.8219	1	0.2936	2.3572	0.0184
24931	A	76	ARG	B	49	ALA	0.0000	0.0000	1.4444	0.6465	1	-0.1515	-2.2343	0.0255
24955	A	76	ARG	B	73	ALA	0.0000	0.0000	-1.0566	0.5063	1	0.0440	2.0868	0.0369
24992	A	76	ARG	B	181	THR	1.0989	0.3298	0.0000	0.0000	1	0.4394	3.3325	0.0009
25034	A	76	ARG	B	152	ASP	0.0000	0.0000	-0.9003	0.3875	1	0.1252	2.3231	0.0202
25065	A	76	ARG	B	183	PRO	0.0000	0.0000	1.1940	0.2407	1	-0.7125	-4.9594	0.0000
25069	A	76	ARG	B	187	GLU	0.0000	0.0000	0.9789	0.3093	1	-0.3603	-3.1650	0.0016
25334	A	78	ASN	A	82	ILE	-1.1819	0.1689	0.0000	0.0000	1	-0.8441	-6.9979	0.0000
25384	A	78	ASN	A	132	VAL	-0.6672	0.2179	0.0000	0.0000	1	-0.2314	-3.0617	0.0022
25444	A	78	ASN	B	12	LYS	-1.2043	0.2334	0.0000	0.0000	1	-0.7374	-5.1592	0.0000
26044	A	80	THR	A	100	ARG	0.0000	0.0000	-0.6653	0.1771	1	0.3112	3.7572	0.0002
26112	A	80	THR	A	168	TRP	0.0000	0.0000	-0.3661	0.1769	1	0.0122	2.0691	0.0385
26605	A	81	PRO	B	173	CYX	0.0000	0.0000	-0.9725	0.3665	1	0.2396	2.6537	0.0080
26626	A	81	PRO	C	105	SER	0.0000	0.0000	-1.3022	0.5611	1	0.1799	2.3207	0.0203
26674	A	82	ILE	B	12	LYS	-0.9002	0.2442	0.0000	0.0000	1	-0.4117	-3.6855	0.0002
26684	A	82	ILE	B	22	GLU	0.7446	0.2849	0.0000	0.0000	1	0.1748	2.6135	0.0090
26757	A	82	ILE	B	95	VAL	1.0333	0.2627	0.0000	0.0000	1	0.5080	3.9342	0.0001
26961	A	83	THR	A	96	PRO	0.0000	0.0000	0.7362	0.1856	1	-0.3650	-3.9663	0.0001
26981	A	83	THR	A	116	VAL	0.0000	0.0000	-0.9754	0.2499	1	0.4756	3.9028	0.0001
26991	A	83	THR	A	126	LYS	0.0000	0.0000	1.2766	0.3895	1	-0.4977	-3.2778	0.0010
27007	A	83	THR	A	142	ASP	0.0000	0.0000	0.7387	0.2264	1	-0.2858	-3.2622	0.0011
27053	A	83	THR	B	8	LEU	0.0000	0.0000	-0.4759	0.2174	1	0.0412	2.1894	0.0286
27173	A	83	THR	B	128	GLU	0.0000	0.0000	-0.8776	0.2047	1	0.4681	4.2865	0.0000
27254	A	84	ASN	A	163	CYX	0.3504	0.1694	0.0000	0.0000	1	0.0115	2.0678	0.0387
27284	A	84	ASN	B	13	PHE	0.8216	0.1465	0.0000	0.0000	1	0.5287	5.6098	0.0000
27462	A	84	ASN	C	103	PRO	0.9032	0.1023	0.0000	0.0000	1	0.6986	8.8277	0.0000
27497	A	85	VAL	A	103	ASN	0.6923	0.2672	0.0000	0.0000	1	0.1580	2.5914	0.0096
27538	A	85	VAL	A	144	LEU	-0.8026	0.0423	0.0000	0.0000	1	-0.7180	-18.9661	0.0000
27646	A	85	VAL	B	72	ARG	1.9145	0.9445	0.0000	0.0000	1	0.0256	2.0271	0.0426
27657	A	85	VAL	B	83	TYR	-0.7900	0.2649	0.0000	0.0000	1	-0.2602	-2.9822	0.0029
27669	A	85	VAL	B	95	VAL	1.2242	0.4981	0.0000	0.0000	1	0.2280	2.4579	0.0140
27690	A	85	VAL	B	116	VAL	1.2246	0.3744	0.0000	0.0000	1	0.4757	3.2704	0.0011
28141	A	87	PRO	A	144	LEU	0.7322	0.3449	0.0000	0.0000	1	0.0423	2.1228	0.0338
28220	A	87	PRO	B	43	ASP	0.9953	0.3898	0.0000	0.0000	1	0.2157	2.5534	0.0107
28267	A	87	PRO	B	8	LEU	0.0000	0.0000	0.6541	0.2317	1	-0.1907	-2.8230	0.0048
28279	A	87	PRO	B	102	TYR	-1.4329	0.4534	0.0000	0.0000	1	-0.5260	-3.1601	0.0016
28296	A	87	PRO	B	37	SER	0.0000	0.0000	0.8817	0.3674	1	-0.1470	-2.4000	0.0164
28342	A	87	PRO	B	165	PRO	-1.6214	0.6741	0.0000	0.0000	1	-0.2731	-2.4052	0.0162
28373	A	87	PRO	C	108	ARG	-1.0289	0.2292	0.0000	0.0000	1	-0.5705	-4.4896	0.0000
28390	A	88	GLU	A	93	THR	0.4137	0.1923	0.0000	0.0000	1	0.0291	2.1514	0.0314
28432	A	88	GLU	A	135	THR	0.9639	0.3438	0.0000	0.0000	1	0.2763	2.8039	0.0050
28441	A	88	GLU	A	144	LEU	0.5626	0.0978	0.0000	0.0000	1	0.3671	5.7557	0.0000
28476	A	88	GLU	A	179	GLU	0.7374	0.3437	0.0000	0.0000	1	0.0500	2.1455	0.0319
28514	A	88	GLU	B	37	SER	0.8603	0.4007	0.0000	0.0000	1	0.0590	2.1471	0.0318
28527	A	88	GLU	A	147	LYS	0.0000	0.0000	-0.5536	0.1789	1	0.1957	3.0935	0.0020
28527	A	88	GLU	B	50	VAL	0.5351	0.2639	0.0000	0.0000	1	0.0074	2.0280	0.0426
28556	A	88	GLU	B	79	CYX	1.0310	0.3503	0.0000	0.0000	1	0.3303	2.9428	0.0033
28557	A	88	GLU	A	177	HIP	0.0000	0.0000	0.4936	0.1874	1	-0.1188	-2.6341	0.0084
28560	A	88	GLU	B	83	TYR	-0.4204	0.2085	0.0000	0.0000	1	-0.0035	-2.0168	0.0437
28609	A	88	GLU	B	49	ALA	0.0000	0.0000	-0.6253	0.2436	1	0.1381	2.5667	0.0103
28613	A	88	GLU	B	136	GLN	-0.5003	0.0843	0.0000	0.0000	1	-0.3317	-5.9336	0.0000
28646	A	88	GLU	B	169	GLU	0.9181	0.2780	0.0000	0.0000	1	0.3621	3.3028	0.0010
28672	A	88	GLU	B	112	HIE	0.0000	0.0000	0.2182	0.0325	1	-0.1532	-6.7183	0.0000
28700	A	89	VAL	A	104	VAL	0.7919	0.2096	0.0000	0.0000	1	0.3727	3.7781	0.0002
28809	A	89	VAL	B	33	ASN	-0.7561	0.1976	0.0000	0.0000	1	-0.3608	-3.8258	0.0001
28868	A	89	VAL	B	92	GLN	-0.8811	0.4115	0.0000	0.0000	1	-0.0581	-2.1412	0.0323
28966	A	89	VAL	B	190	ALA	-1.7033	0.6533	0.0000	0.0000	1	-0.3968	-2.6074	0.0091
28989	A	90	THR	A	95	SER	0.8627	0.1875	0.0000	0.0000	1	0.4877	4.6013	0.0000
28992	A	90	THR	A	98	GLU	-0.8072	0.2912	0.0000	0.0000	1	-0.2247	-2.7717	0.0056
29086	A	90	THR	B	12	LYS	-0.9879	0.2411	0.0000	0.0000	1	-0.5056	-4.0968	0.0000
29111	A	90	THR	B	37	SER	-0.7762	0.3422	0.0000	0.0000	1	-0.0918	-2.2683	0.0233
29116	A	90	THR	B	42	SER	1.6821	0.6138	0.0000	0.0000	1	0.4545	2.7404	0.0061
29185	A	90	THR	B	111	HIP	0.8274	0.2794	0.0000	0.0000	1	0.2686	2.9613	0.0031
29224	A	90	THR	B	150	ASN	-0.3955	0.1713	0.0000	0.0000	1	-0.0529	-2.3089	0.0209
29889	A	93	THR	A	107	CYX	-1.0876	0.0980	0.0000	0.0000	1	-0.8917	-11.1027	0.0000
29975	A	93	THR	B	13	PHE	-1.1585	0.5259	0.0000	0.0000	1	-0.1067	-2.2030	0.0276
29995	A	93	THR	B	33	ASN	0.6637	0.1216	0.0000	0.0000	1	0.4206	5.4599	0.0000
30012	A	93	THR	B	50	VAL	-1.4063	0.5239	0.0000	0.0000	1	-0.3585	-2.6843	0.0073
30098	A	93	THR	B	136	GLN	0.7854	0.1878	0.0000	0.0000	1	0.4098	4.1824	0.0000
30108	A	93	THR	B	146	GLY	-1.0482	0.2650	0.0000	0.0000	1	-0.5182	-3.9557	0.0001
30131	A	93	THR	B	169	GLU	-1.4647	0.5936	0.0000	0.0000	1	-0.2774	-2.4673	0.0136
30475	A	95	SER	A	106	ILE	-1.9720	0.9250	0.0000	0.0000	1	-0.1219	-2.1318	0.0330
30525	A	95	SER	A	156	SER	-1.4051	0.4743	0.0000	0.0000	1	-0.4566	-2.9628	0.0030
30620	A	95	SER	B	71	ARG	-1.3884	0.3812	0.0000	0.0000	1	-0.6260	-3.6422	0.0003
30914	A	96	PRO	A	162	ASP	0.0000	0.0000	-0.9773	0.3467	1	0.2838	2.8186	0.0048
31060	A	96	PRO	B	128	GLU	0.0000	0.0000	1.2180	0.2789	1	-0.6603	-4.3680	0.0000
31393	A	98	GLU	A	151	LEU	1.0475	0.4140	0.0000	0.0000	1	0.2195	2.5303	0.0114
32042	A	100	ARG	A	128	VAL	0.0000	0.0000	-0.5688	0.0644	1	0.4400	8.8356	0.0000
32063	A	100	ARG	A	149	HIE	0.0000	0.0000	-1.0643	0.3847	1	0.2948	2.7664	0.0057
32136	A	100	ARG	B	42	SER	0.0000	0.0000	-0.8299	0.1107	1	0.6084	7.4957	0.0000
32145	A	100	ARG	B	51	THR	0.0000	0.0000	-1.0511	0.4559	1	0.1392	2.3053	0.0211
32167	A	100	ARG	B	73	ALA	0.0000	0.0000	0.5437	0.1818	1	-0.1802	-2.9914	0.0028
32184	A	100	ARG	B	90	THR	0.0000	0.0000	1.2399	0.2755	1	-0.6888	-4.4996	0.0000
32223	A	100	ARG	B	129	VAL	0.0000	0.0000	0.7527	0.2100	1	-0.3328	-3.5847	0.0003
32280	A	100	ARG	B	186	VAL	0.0000	0.0000	-0.4030	0.1367	1	0.1296	2.9478	0.0032
32286	A	100	ARG	C	103	PRO	0.0000	0.0000	0.6011	0.1799	1	-0.2414	-3.3420	0.0008
32289	A	100	ARG	C	106	LYS	0.0000	0.0000	-0.2991	0.1397	1	0.0197	2.1407	0.0323
32564	A	101	GLU	B	182	SER	0.0000	0.0000	0.4855	0.1822	1	-0.1210	-2.6640	0.0077
32829	A	103	ASN	A	152	PRO	-1.6902	0.6951	0.0000	0.0000	1	-0.3000	-2.4316	0.0150
32840	A	103	ASN	A	163	CYX	0.5826	0.2364	0.0000	0.0000	1	0.1097	2.4642	0.0137
32980	A	103	ASN	B	123	TYR	0.8063	0.2958	0.0000	0.0000	1	0.2148	2.7263	0.0064
33080	A	104	VAL	A	119	VAL	0.7711	0.3302	0.0000	0.0000	1	0.1106	2.3349	0.0195
33096	A	104	VAL	A	135	THR	0.5829	0.2344	0.0000	0.0000	1	0.1142	2.4873	0.0129
33133	A	104	VAL	A	172	GLU	1.2360	0.4389	0.0000	0.0000	1	0.3582	2.8162	0.0049
33184	A	104	VAL	B	43	ASP	-0.5975	0.1813	0.0000	0.0000	1	-0.2349	-3.2957	0.0010
33201	A	104	VAL	B	60	TYR	-0.7089	0.2344	0.0000	0.0000	1	-0.2400	-3.0239	0.0025
33224	A	104	VAL	B	83	TYR	-1.0125	0.5030	0.0000	0.0000	1	-0.0064	-2.0128	0.0441
33225	A	104	VAL	B	84	GLY	-0.6825	0.2092	0.0000	0.0000	1	-0.2641	-3.2626	0.0011
33324	A	104	VAL	B	183	PRO	0.5458	0.2631	0.0000	0.0000	1	0.0196	2.0744	0.0380
33332	A	104	VAL	C	103	PRO	0.7368	0.3289	0.0000	0.0000	1	0.0789	2.2400	0.0251
33343	A	104	VAL	C	114	LEU	0.7315	0.1259	0.0000	0.0000	1	0.4797	5.8095	0.0000
33703	A	106	ILE	A	177	HIP	0.9648	0.4658	0.0000	0.0000	1	0.0332	2.0713	0.0383
33714	A	106	ILE	B	8	LEU	0.8810	0.1140	0.0000	0.0000	1	0.6531	7.7311	0.0000
33798	A	106	ILE	B	92	GLN	0.9635	0.4319	0.0000	0.0000	1	0.0997	2.2308	0.0257
33871	A	106	ILE	B	165	PRO	-1.2265	0.2355	0.0000	0.0000	1	-0.7555	-5.2086	0.0000
33887	A	106	ILE	B	181	THR	0.7545	0.3097	0.0000	0.0000	1	0.1352	2.4365	0.0148
33925	A	107	CYX	A	118	ASN	-1.0235	0.4202	0.0000	0.0000	1	-0.1832	-2.4361	0.0148
33979	A	107	CYX	A	172	GLU	1.6237	0.6559	0.0000	0.0000	1	0.3120	2.4756	0.0133
34030	A	107	CYX	B	43	ASP	-1.2628	0.2277	0.0000	0.0000	1	-0.8075	-5.5471	0.0000
34070	A	107	CYX	B	83	TYR	-0.9923	0.1723	0.0000	0.0000	1	-0.6476	-5.7585	0.0000
34089	A	107	CYX	B	102	TYR	1.1061	0.4631	0.0000	0.0000	1	0.1798	2.3882	0.0169
34168	A	107	CYX	B	181	THR	-0.5922	0.2951	0.0000	0.0000	1	-0.0021	-2.0070	0.0447
34734	A	109	ILE	B	84	GLY	0.0000	0.0000	-1.1687	0.5159	1	0.1370	2.2656	0.0235
34804	A	109	ILE	B	154	THR	0.0000	0.0000	-1.1241	0.4358	1	0.2524	2.5791	0.0099
34845	A	109	ILE	C	106	LYS	0.0000	0.0000	-1.3231	0.4537	1	0.4157	2.9163	0.0035
36469	A	116	VAL	A	178	TRP	0.6692	0.3091	0.0000	0.0000	1	0.0509	2.1648	0.0304
36521	A	116	VAL	B	50	VAL	-0.5368	0.2551	0.0000	0.0000	1	-0.0267	-2.1047	0.0353
36540	A	116	VAL	A	138	LEU	0.0000	0.0000	-0.7631	0.2336	1	0.2960	3.2674	0.0011
36542	A	116	VAL	B	71	ARG	-0.9310	0.3626	0.0000	0.0000	1	-0.2058	-2.5675	0.0102
36607	A	116	VAL	B	136	GLN	0.6905	0.1423	0.0000	0.0000	1	0.4060	4.8538	0.0000
36633	A	116	VAL	B	51	THR	0.0000	0.0000	-1.6123	0.7916	1	0.0292	2.0369	0.0417
36633	A	116	VAL	B	162	GLU	0.8990	0.4332	0.0000	0.0000	1	0.0326	2.0752	0.0380
36661	A	116	VAL	B	190	ALA	1.1669	0.2451	0.0000	0.0000	1	0.6766	4.7603	0.0000
36717	A	116	VAL	B	135	GLY	0.0000	0.0000	-0.6562	0.2724	1	0.1114	2.4088	0.0160
36768	A	116	VAL	B	186	VAL	0.0000	0.0000	-0.9447	0.4217	1	0.1013	2.2403	0.0251
36774	A	116	VAL	C	103	PRO	0.0000	0.0000	0.8437	0.1885	1	-0.4668	-4.4765	0.0000
36776	A	116	VAL	C	105	SER	0.0000	0.0000	-1.7367	0.8343	1	0.0682	2.0817	0.0374
36777	A	116	VAL	C	106	LYS	0.0000	0.0000	-0.7733	0.3351	1	0.1030	2.3075	0.0210
36997	A	118	ASN	A	165	VAL	1.2448	0.5874	0.0000	0.0000	1	0.0700	2.1191	0.0341
37030	A	118	ASN	B	18	PHE	1.1085	0.5357	0.0000	0.0000	1	0.0372	2.0694	0.0385
37083	A	118	ASN	B	71	ARG	0.4465	0.1270	0.0000	0.0000	1	0.1925	3.5155	0.0004
37123	A	118	ASN	B	111	HIP	-0.8727	0.1575	0.0000	0.0000	1	-0.5577	-5.5412	0.0000
37132	A	118	ASN	B	120	SER	1.3691	0.3598	0.0000	0.0000	1	0.6494	3.8047	0.0001
37235	A	119	VAL	A	134	GLU	-1.0938	0.2111	0.0000	0.0000	1	-0.6716	-5.1807	0.0000
37253	A	119	VAL	A	152	PRO	0.9764	0.2217	0.0000	0.0000	1	0.5329	4.4034	0.0000
37365	A	119	VAL	B	84	GLY	0.6602	0.3228	0.0000	0.0000	1	0.0146	2.0453	0.0408
37472	A	119	VAL	C	103	PRO	-0.6120	0.2291	0.0000	0.0000	1	-0.1538	-2.6714	0.0076
39205	A	126	LYS	A	128	VAL	0.0000	0.0000	0.9415	0.0555	1	-0.8306	-16.9788	0.0000
39219	A	126	LYS	A	142	ASP	0.0000	0.0000	-0.6241	0.1926	1	0.2389	3.2405	0.0012
39245	A	126	LYS	A	168	TRP	0.0000	0.0000	0.5710	0.1904	1	-0.1902	-2.9992	0.0027
39265	A	126	LYS	B	8	LEU	0.0000	0.0000	0.5359	0.2513	1	-0.0332	-2.1323	0.0330
39308	A	126	LYS	B	51	THR	0.0000	0.0000	1.2152	0.3741	1	-0.4671	-3.2486	0.0012
39317	A	126	LYS	B	60	TYR	0.0000	0.0000	-1.2822	0.4242	1	0.4339	3.0230	0.0025
39385	A	126	LYS	B	128	GLU	0.0000	0.0000	0.7489	0.3343	1	-0.0802	-2.2399	0.0251
39449	A	126	LYS	C	103	PRO	0.0000	0.0000	-0.5676	0.2289	1	0.1099	2.4800	0.0131
39738	A	128	VAL	A	138	LEU	0.0000	0.0000	-0.7459	0.3541	1	0.0378	2.1068	0.0351
39831	A	128	VAL	B	51	THR	0.0000	0.0000	-1.6028	0.6044	1	0.3940	2.6518	0.0080
39870	A	128	VAL	B	90	THR	0.0000	0.0000	1.5537	0.7001	1	-0.1534	-2.2190	0.0265
39909	A	128	VAL	B	129	VAL	0.0000	0.0000	0.9076	0.2545	1	-0.3986	-3.5664	0.0004
39972	A	128	VAL	C	103	PRO	0.0000	0.0000	0.8151	0.1708	1	-0.4736	-4.7734	0.0000
39974	A	128	VAL	C	105	SER	0.0000	0.0000	-1.4467	0.4836	1	0.4794	2.9913	0.0028
41194	A	134	GLU	A	178	TRP	-0.6854	0.2279	0.0000	0.0000	1	-0.2296	-3.0077	0.0026
42463	A	138	LEU	B	128	GLU	0.0000	0.0000	-1.2182	0.5958	1	0.0266	2.0447	0.0409
42484	A	138	LEU	B	149	GLN	0.0000	0.0000	0.9837	0.2926	1	-0.3985	-3.3619	0.0008
42521	A	138	LEU	B	186	VAL	0.0000	0.0000	-1.6680	0.7895	1	0.0890	2.1127	0.0346
42530	A	138	LEU	C	106	LYS	0.0000	0.0000	-1.4182	0.3916	1	0.6351	3.6220	0.0003
43413	A	142	ASP	B	84	GLY	0.0000	0.0000	1.0551	0.2893	1	-0.4764	-3.6465	0.0003
43464	A	142	ASP	B	135	GLY	0.0000	0.0000	0.6223	0.2512	1	-0.1199	-2.4775	0.0132
43745	A	144	LEU	B	64	GLN	-1.0949	0.3773	0.0000	0.0000	1	-0.3404	-2.9022	0.0037
43748	A	143	HIE	B	173	CYX	0.0000	0.0000	1.5824	0.6067	1	-0.3690	-2.6082	0.0091
43757	A	143	HIE	B	182	SER	0.0000	0.0000	1.5281	0.5077	1	-0.5127	-3.0099	0.0026
44622	A	147	LYS	B	73	ALA	0.0000	0.0000	0.6489	0.2555	1	-0.1380	-2.5400	0.0111
44636	A	147	LYS	B	87	GLU	0.0000	0.0000	-0.9905	0.2353	1	0.5199	4.2092	0.0000
45193	A	149	HIE	B	163	THR	0.0000	0.0000	-0.8277	0.2914	1	0.2448	2.8400	0.0045
45222	A	149	HIE	C	103	PRO	0.0000	0.0000	0.4212	0.1559	1	-0.1094	-2.7020	0.0069
45353	A	151	LEU	A	172	GLU	1.5057	0.6836	0.0000	0.0000	1	0.1386	2.2028	0.0276
45441	A	151	LEU	B	80	ARG	0.8921	0.1022	0.0000	0.0000	1	0.6877	8.7271	0.0000
45463	A	151	LEU	B	102	TYR	0.9134	0.3746	0.0000	0.0000	1	0.1641	2.4381	0.0148
45479	A	151	LEU	A	152	PRO	0.0000	0.0000	-1.1037	0.3863	1	0.3311	2.8572	0.0043
45490	A	151	LEU	A	163	CYX	0.0000	0.0000	0.4000	0.0750	1	-0.2500	-5.3328	0.0000
45542	A	151	LEU	B	181	THR	-0.3346	0.1455	0.0000	0.0000	1	-0.0436	-2.3000	0.0214
45544	A	151	LEU	B	183	PRO	1.0677	0.0998	0.0000	0.0000	1	0.8680	10.6970	0.0000
45556	A	151	LEU	B	49	ALA	0.0000	0.0000	-1.5084	0.6366	1	0.2352	2.3694	0.0178
45573	A	152	PRO	A	156	SER	-0.6080	0.1815	0.0000	0.0000	1	-0.2451	-3.3507	0.0008
45584	A	151	LEU	B	77	THR	0.0000	0.0000	0.5477	0.0868	1	-0.3741	-6.3098	0.0000
45585	A	151	LEU	B	78	TYR	0.0000	0.0000	-0.8854	0.4173	1	0.0508	2.1216	0.0339
45659	A	151	LEU	B	152	ASP	0.0000	0.0000	0.9328	0.1911	1	-0.5506	-4.8804	0.0000
45680	A	151	LEU	B	173	CYX	0.0000	0.0000	-1.2171	0.5251	1	0.1668	2.3177	0.0205
45694	A	151	LEU	B	187	GLU	0.0000	0.0000	-0.9642	0.1268	1	0.7106	7.6046	0.0000
45759	A	152	PRO	B	162	GLU	-0.3794	0.1596	0.0000	0.0000	1	-0.0603	-2.3778	0.0174
45821	A	152	PRO	B	77	THR	0.0000	0.0000	0.5322	0.2374	1	-0.0575	-2.2421	0.0250
45896	A	152	PRO	B	152	ASP	0.0000	0.0000	0.8890	0.1579	1	-0.5733	-5.6314	0.0000
45926	A	152	PRO	B	182	SER	0.0000	0.0000	-0.7882	0.2941	1	0.2000	2.6802	0.0074
45931	A	152	PRO	B	187	GLU	0.0000	0.0000	-0.9249	0.2072	1	0.5105	4.4636	0.0000
46514	A	156	SER	A	163	CYX	0.6433	0.2927	0.0000	0.0000	1	0.0579	2.1979	0.0280
46591	A	156	SER	B	60	TYR	-0.8741	0.4060	0.0000	0.0000	1	-0.0620	-2.1527	0.0313
48198	A	163	CYX	B	71	ARG	0.5997	0.2942	0.0000	0.0000	1	0.0113	2.0384	0.0415
48205	A	163	CYX	B	78	TYR	1.1201	0.1386	0.0000	0.0000	1	0.8429	8.0817	0.0000
48238	A	163	CYX	B	111	HIP	-0.9236	0.3245	0.0000	0.0000	1	-0.2747	-2.8467	0.0044
48247	A	163	CYX	B	120	SER	1.4884	0.5030	0.0000	0.0000	1	0.4825	2.9593	0.0031
48318	A	163	CYX	C	103	PRO	-0.7286	0.1290	0.0000	0.0000	1	-0.4706	-5.6492	0.0000
48362	A	163	CYX	B	77	THR	0.0000	0.0000	-0.9793	0.4355	1	0.1083	2.2486	0.0245
48394	A	164	ARG	B	43	ASP	0.6830	0.3293	0.0000	0.0000	1	0.0244	2.0742	0.0381
48423	A	164	ARG	B	72	ARG	-0.6732	0.3189	0.0000	0.0000	1	-0.0354	-2.1111	0.0348
48520	A	164	ARG	B	169	GLU	0.5765	0.2440	0.0000	0.0000	1	0.0886	2.3633	0.0181
48553	A	164	ARG	C	114	LEU	-1.0083	0.3591	0.0000	0.0000	1	-0.2900	-2.8076	0.0050
49526	A	168	TRP	B	126	SER	0.0000	0.0000	0.8022	0.1914	1	-0.4194	-4.1920	0.0000
49592	A	168	TRP	C	103	PRO	0.0000	0.0000	0.8428	0.2601	1	-0.3227	-3.2408	0.0012
50131	A	171	ASP	B	74	ALA	0.0000	0.0000	1.2137	0.4472	1	-0.3192	-2.7137	0.0067
50139	A	172	GLU	B	32	TYR	-1.3353	0.4885	0.0000	0.0000	1	-0.3583	-2.7335	0.0063
50169	A	171	ASP	B	112	HIE	0.0000	0.0000	0.5511	0.0786	1	-0.3939	-7.0140	0.0000
50203	A	171	ASP	B	146	GLY	0.0000	0.0000	0.7746	0.2186	1	-0.3375	-3.5441	0.0004
50255	A	172	GLU	B	148	ILE	-0.5351	0.2634	0.0000	0.0000	1	-0.0082	-2.0313	0.0422
50282	A	172	GLU	B	8	LEU	0.0000	0.0000	-0.7240	0.1050	1	0.5139	6.8936	0.0000
50387	A	172	GLU	B	113	ASN	0.0000	0.0000	1.4806	0.5842	1	-0.3122	-2.5343	0.0113
50422	A	172	GLU	B	148	ILE	0.0000	0.0000	0.6882	0.3325	1	-0.0232	-2.0697	0.0385
50428	A	172	GLU	B	154	THR	0.0000	0.0000	-0.7685	0.1436	1	0.4812	5.3508	0.0000
51180	A	177	HIP	B	8	LEU	-0.4471	0.2224	0.0000	0.0000	1	-0.0023	-2.0103	0.0444
51264	A	177	HIP	B	92	GLN	-1.8241	0.7565	0.0000	0.0000	1	-0.3112	-2.4114	0.0159
51286	A	176	LYS	B	154	THR	0.0000	0.0000	1.3608	0.6078	1	-0.1451	-2.2388	0.0252
51393	A	177	HIP	B	49	ALA	0.0000	0.0000	0.7932	0.1162	1	-0.5607	-6.8232	0.0000
51396	A	177	HIP	B	52	GLU	0.0000	0.0000	1.3638	0.5994	1	-0.1651	-2.2755	0.0229
51442	A	178	TRP	B	60	TYR	1.3513	0.5712	0.0000	0.0000	1	0.2088	2.3656	0.0180
51466	A	178	TRP	B	84	GLY	1.2210	0.3072	0.0000	0.0000	1	0.6066	3.9745	0.0001
51496	A	177	HIP	B	152	ASP	0.0000	0.0000	-0.4638	0.1525	1	0.1588	3.0413	0.0024
51507	A	177	HIP	B	163	THR	0.0000	0.0000	0.5356	0.2232	1	-0.0892	-2.3997	0.0164
51531	A	177	HIP	B	187	GLU	0.0000	0.0000	0.5218	0.1840	1	-0.1539	-2.8368	0.0046
51544	A	178	TRP	B	162	GLU	-0.5916	0.1784	0.0000	0.0000	1	-0.2348	-3.3161	0.0009
51573	A	178	TRP	C	103	PRO	-0.8058	0.2162	0.0000	0.0000	1	-0.3734	-3.7272	0.0002
51623	A	179	GLU	B	32	TYR	-0.4721	0.1739	0.0000	0.0000	1	-0.1243	-2.7151	0.0066
51655	A	179	GLU	B	64	GLN	-0.7913	0.2856	0.0000	0.0000	1	-0.2201	-2.7706	0.0056
51727	A	179	GLU	B	136	GLN	0.6790	0.1945	0.0000	0.0000	1	0.2900	3.4915	0.0005
51754	A	179	GLU	B	163	THR	-0.8517	0.2278	0.0000	0.0000	1	-0.3960	-3.7385	0.0002
53449	B	8	LEU	B	22	GLU	0.7967	0.2978	0.0000	0.0000	1	0.2011	2.6754	0.0075
53491	B	8	LEU	B	64	GLN	-0.9575	0.2203	0.0000	0.0000	1	-0.5169	-4.3460	0.0000
53519	B	8	LEU	B	92	GLN	-0.7331	0.3204	0.0000	0.0000	1	-0.0923	-2.2881	0.0221
53563	B	8	LEU	B	136	GLN	0.5016	0.1221	0.0000	0.0000	1	0.2574	4.1081	0.0000
53608	B	8	LEU	B	181	THR	-0.4116	0.1707	0.0000	0.0000	1	-0.0703	-2.4118	0.0159
53647	B	8	LEU	B	37	SER	0.0000	0.0000	-0.9311	0.0186	1	0.8939	50.0805	0.0000
53739	B	8	LEU	B	129	VAL	0.0000	0.0000	1.5813	0.7276	1	-0.1260	-2.1732	0.0298
53802	B	8	LEU	C	103	PRO	0.0000	0.0000	1.0080	0.4953	1	-0.0174	-2.0351	0.0418
54281	B	12	LYS	B	64	GLN	-0.4840	0.2009	0.0000	0.0000	1	-0.0821	-2.4088	0.0160
54413	B	12	LYS	C	108	ARG	0.9318	0.2709	0.0000	0.0000	1	0.3900	3.4398	0.0006
54484	B	13	PHE	B	72	ARG	0.5149	0.1473	0.0000	0.0000	1	0.2203	3.4963	0.0005
54491	B	13	PHE	B	79	CYX	-0.7799	0.2367	0.0000	0.0000	1	-0.3065	-3.2949	0.0010
54673	B	13	PHE	B	73	ALA	0.0000	0.0000	-0.5945	0.1011	1	0.3924	5.8817	0.0000
54674	B	13	PHE	B	74	ALA	0.0000	0.0000	-0.8254	0.0525	1	0.7204	15.7178	0.0000
54678	B	13	PHE	B	78	TYR	0.0000	0.0000	0.8948	0.0911	1	-0.7126	-9.8218	0.0000
54687	B	13	PHE	B	87	GLU	0.0000	0.0000	0.7604	0.2076	1	-0.3453	-3.6634	0.0002
54746	B	13	PHE	B	146	GLY	0.0000	0.0000	-0.6225	0.2387	1	0.1450	2.6073	0.0091
54748	B	13	PHE	B	148	ILE	0.0000	0.0000	-0.6938	0.1979	1	0.2980	3.5059	0.0005
58110	B	32	TYR	B	183	PRO	-0.6214	0.2403	0.0000	0.0000	1	-0.1408	-2.5857	0.0097
58842	B	37	SER	B	50	VAL	0.8116	0.1356	0.0000	0.0000	1	0.5404	5.9840	0.0000
59139	B	37	SER	B	135	GLY	0.0000	0.0000	-0.8780	0.0794	1	0.7192	11.0580	0.0000
59704	B	42	SER	B	72	ARG	0.3666	0.1642	0.0000	0.0000	1	0.0382	2.2328	0.0256
59748	B	42	SER	B	116	VAL	0.7207	0.3093	0.0000	0.0000	1	0.1021	2.3299	0.0198
59813	B	42	SER	B	181	THR	-0.4011	0.1764	0.0000	0.0000	1	-0.0483	-2.2740	0.0230
59880	B	43	ASP	B	83	TYR	-1.2662	0.4228	0.0000	0.0000	1	-0.4206	-2.9946	0.0027
59892	B	43	ASP	B	95	VAL	0.5641	0.0879	0.0000	0.0000	1	0.3882	6.4145	0.0000
59922	B	42	SER	B	73	ALA	0.0000	0.0000	0.8096	0.2996	1	-0.2103	-2.7018	0.0069
59978	B	42	SER	B	129	VAL	0.0000	0.0000	0.8045	0.0796	1	-0.6454	-10.1116	0.0000
60012	B	42	SER	B	163	THR	0.0000	0.0000	-0.6246	0.2443	1	0.1360	2.5568	0.0106
60032	B	42	SER	B	183	PRO	0.0000	0.0000	-0.4375	0.1718	1	0.0940	2.5471	0.0109
61003	B	50	VAL	B	79	CYX	-0.8868	0.3790	0.0000	0.0000	1	-0.1288	-2.3398	0.0193
61019	B	50	VAL	B	95	VAL	0.5149	0.2549	0.0000	0.0000	1	0.0052	2.0203	0.0433
61072	B	50	VAL	B	148	ILE	-0.3521	0.1514	0.0000	0.0000	1	-0.0492	-2.3251	0.0201
61077	B	49	ALA	B	87	GLU	0.0000	0.0000	-1.0862	0.1541	1	0.7781	7.0506	0.0000
61142	B	49	ALA	B	152	ASP	0.0000	0.0000	0.8118	0.1302	1	-0.5515	-6.2367	0.0000
61173	B	49	ALA	B	183	PRO	0.0000	0.0000	-0.9959	0.2326	1	0.5307	4.2815	0.0000
61177	B	49	ALA	B	187	GLU	0.0000	0.0000	-0.8426	0.1282	1	0.5862	6.5711	0.0000
61397	B	51	THR	B	90	THR	0.0000	0.0000	1.2847	0.3835	1	-0.5178	-3.3502	0.0008
61456	B	51	THR	B	149	GLN	0.0000	0.0000	0.3933	0.1799	1	-0.0335	-2.1863	0.0288
61493	B	51	THR	B	186	VAL	0.0000	0.0000	-0.8176	0.2446	1	0.3283	3.3423	0.0008
61499	B	51	THR	C	103	PRO	0.0000	0.0000	0.6508	0.3007	1	-0.0493	-2.1638	0.0305
61501	B	51	THR	C	105	SER	0.0000	0.0000	-1.2847	0.6007	1	0.0834	2.1389	0.0324
61502	B	51	THR	C	106	LYS	0.0000	0.0000	-0.7522	0.3281	1	0.0960	2.2927	0.0219
61665	B	52	GLU	C	112	PRO	0.0000	0.0000	-0.4945	0.0955	1	0.3035	5.1761	0.0000
62513	B	60	TYR	B	64	GLN	0.5637	0.2771	0.0000	0.0000	1	0.0096	2.0347	0.0419
62528	B	60	TYR	B	79	CYX	1.4225	0.4946	0.0000	0.0000	1	0.4334	2.8763	0.0040
62533	B	60	TYR	B	84	GLY	-0.9210	0.0432	0.0000	0.0000	1	-0.8345	-21.2973	0.0000
62640	B	60	TYR	C	103	PRO	1.1562	0.1436	0.0000	0.0000	1	0.8690	8.0508	0.0000
62808	B	60	TYR	B	124	PRO	0.0000	0.0000	0.7210	0.3077	1	-0.1055	-2.3429	0.0191
62857	B	60	TYR	B	173	CYX	0.0000	0.0000	0.5664	0.1875	1	-0.1914	-3.0203	0.0025
62876	B	60	TYR	C	103	PRO	0.0000	0.0000	-0.4372	0.2058	1	0.0257	2.1247	0.0336
62878	B	60	TYR	C	105	SER	0.0000	0.0000	1.0065	0.1494	1	-0.7078	-6.7390	0.0000
63200	B	64	GLN	B	169	GLU	-1.1058	0.4557	0.0000	0.0000	1	-0.1944	-2.4265	0.0152
64207	B	71	ARG	C	108	ARG	-1.2208	0.2657	0.0000	0.0000	1	-0.6894	-4.5952	0.0000
64242	B	72	ARG	B	95	VAL	-0.7839	0.3067	0.0000	0.0000	1	-0.1704	-2.5557	0.0106
64693	B	73	ALA	B	163	THR	0.0000	0.0000	1.2009	0.2104	1	-0.7801	-5.7081	0.0000
64731	B	73	ALA	C	112	PRO	0.0000	0.0000	0.8277	0.3855	1	-0.0568	-2.1472	0.0318
64811	B	74	ALA	B	146	GLY	0.0000	0.0000	-0.6682	0.2849	1	0.0983	2.3452	0.0190
65123	B	78	TYR	B	181	THR	1.2591	0.6105	0.0000	0.0000	1	0.0381	2.0624	0.0392
65240	B	79	CYX	B	169	GLU	-0.9159	0.3478	0.0000	0.0000	1	-0.2202	-2.6331	0.0085
65282	B	78	TYR	B	87	GLU	0.0000	0.0000	-0.8628	0.2709	1	0.3210	3.1851	0.0014
65282	B	80	ARG	B	83	TYR	0.7165	0.3582	0.0000	0.0000	1	0.0001	2.0003	0.0455
65307	B	78	TYR	B	112	HIE	0.0000	0.0000	0.6755	0.2851	1	-0.1052	-2.3688	0.0178
65315	B	80	ARG	B	116	VAL	-1.3920	0.5184	0.0000	0.0000	1	-0.3552	-2.6852	0.0072
65341	B	78	TYR	B	146	GLY	0.0000	0.0000	0.6752	0.2078	1	-0.2596	-3.2491	0.0012
65343	B	78	TYR	B	148	ILE	0.0000	0.0000	0.7569	0.2431	1	-0.2707	-3.1134	0.0018
65389	B	80	ARG	B	190	ALA	-1.0262	0.3167	0.0000	0.0000	1	-0.3927	-3.2400	0.0012
65712	B	83	TYR	B	135	GLY	1.3504	0.4408	0.0000	0.0000	1	0.4688	3.0634	0.0022
65725	B	83	TYR	B	148	ILE	0.5044	0.1861	0.0000	0.0000	1	0.1323	2.7108	0.0067
65767	B	83	TYR	B	190	ALA	1.3677	0.4292	0.0000	0.0000	1	0.5094	3.1869	0.0014
65793	B	82	MTS	B	84	GLY	0.0000	0.0000	0.8213	0.3069	1	-0.2075	-2.6760	0.0075
65822	B	82	MTS	B	113	ASN	0.0000	0.0000	-1.2299	0.5411	1	0.1478	2.2732	0.0230
65863	B	82	MTS	B	154	THR	0.0000	0.0000	0.6245	0.2306	1	-0.1633	-2.7081	0.0068
66073	B	84	GLY	B	113	ASN	0.0000	0.0000	1.6235	0.7987	1	-0.0262	-2.0328	0.0421
66109	B	84	GLY	B	149	GLN	0.0000	0.0000	0.9226	0.3846	1	-0.1535	-2.3991	0.0164
66114	B	84	GLY	B	154	THR	0.0000	0.0000	-0.7947	0.2924	1	0.2099	2.7177	0.0066
66155	B	84	GLY	C	106	LYS	0.0000	0.0000	-0.7713	0.3777	1	0.0160	2.0424	0.0411
66481	B	87	GLU	B	152	ASP	0.0000	0.0000	0.7140	0.3215	1	-0.0711	-2.2211	0.0263
66512	B	87	GLU	B	183	PRO	0.0000	0.0000	-0.8363	0.1177	1	0.6009	7.1058	0.0000
66516	B	87	GLU	B	187	GLU	0.0000	0.0000	-0.7258	0.3167	1	0.0925	2.2921	0.0219
66883	B	90	THR	C	105	SER	0.0000	0.0000	0.4987	0.2414	1	-0.0158	-2.0657	0.0389
67134	B	95	VAL	B	135	GLY	-0.4419	0.2048	0.0000	0.0000	1	-0.0323	-2.1577	0.0310
67168	B	95	VAL	B	169	GLU	0.9791	0.1158	0.0000	0.0000	1	0.7475	8.4563	0.0000
67339	B	94	ARG	B	184	LEU	0.0000	0.0000	1.6485	0.7943	1	-0.0598	-2.0753	0.0380
67347	B	94	ARG	C	103	PRO	0.0000	0.0000	-0.3352	0.1520	1	0.0313	2.2058	0.0274
67945	B	102	TYR	B	183	PRO	-0.7091	0.0284	0.0000	0.0000	1	-0.6524	-24.9935	0.0000
68807	B	111	HIP	B	136	GLN	0.6035	0.2772	0.0000	0.0000	1	0.0491	2.1773	0.0295
68861	B	111	HIP	B	190	ALA	0.6472	0.2964	0.0000	0.0000	1	0.0543	2.1832	0.0290
69200	B	112	HIE	B	146	GLY	0.0000	0.0000	-1.0411	0.1342	1	0.7726	7.7566	0.0000
69260	B	116	VAL	B	119	VAL	0.7819	0.2430	0.0000	0.0000	1	0.2959	3.2175	0.0013
69279	B	113	ASN	B	129	VAL	0.0000	0.0000	-0.6601	0.1878	1	0.2846	3.5154	0.0004
69343	B	116	VAL	C	114	LEU	-0.8225	0.1937	0.0000	0.0000	1	-0.4352	-4.2470	0.0000
69534	B	119	VAL	B	123	TYR	-0.8574	0.1483	0.0000	0.0000	1	-0.5608	-5.7808	0.0000
69919	B	123	TYR	B	162	GLU	0.7797	0.0947	0.0000	0.0000	1	0.5903	8.2362	0.0000
70292	B	124	PRO	B	152	ASP	0.0000	0.0000	0.4765	0.2134	1	-0.0496	-2.2326	0.0256
70327	B	124	PRO	B	187	GLU	0.0000	0.0000	-0.4375	0.1286	1	0.1804	3.4031	0.0007
70455	B	126	SER	B	148	ILE	0.0000	0.0000	-1.2242	0.5310	1	0.1622	2.3055	0.0211
70845	B	135	GLY	B	146	GLY	0.8708	0.3702	0.0000	0.0000	1	0.1305	2.3526	0.0186
70917	B	136	GLN	B	146	GLY	1.3687	0.3522	0.0000	0.0000	1	0.6643	3.8863	0.0001
71584	B	146	GLY	B	148	ILE	-0.5400	0.2496	0.0000	0.0000	1	-0.0407	-2.1631	0.0305
71707	B	148	ILE	B	150	ASN	-0.7361	0.3617	0.0000	0.0000	1	-0.0128	-2.0353	0.0418
71726	B	148	ILE	B	169	GLU	-0.7026	0.1977	0.0000	0.0000	1	-0.3073	-3.5545	0.0004
71843	B	150	ASN	B	169	GLU	-1.2354	0.5818	0.0000	0.0000	1	-0.0718	-2.1234	0.0337
72296	B	152	ASP	B	182	SER	0.0000	0.0000	1.0797	0.3175	1	-0.4447	-3.4008	0.0007
72301	B	152	ASP	B	187	GLU	0.0000	0.0000	1.0419	0.0999	1	-0.8421	-10.4280	0.0000
72858	B	163	THR	B	183	PRO	0.0000	0.0000	-0.7306	0.2770	1	0.1766	2.6376	0.0083
72876	B	163	THR	C	112	PRO	0.0000	0.0000	-0.7403	0.1743	1	0.3918	4.2483	0.0000
73652	B	186	VAL	C	106	LYS	0.0000	0.0000	-0.9561	0.2377	1	0.4806	4.0214	0.0001
73775	C	103	PRO	C	112	PRO	0.0000	0.0000	0.6942	0.3251	1	-0.0441	-2.1357	0.0327
