index	seg1	res1	rnm1	seg2	res2	rnm2	bN82A.pcca2	bN82A.pcca2	WT.pcca2	WT.pcca2	lsdm	sdiff	score	pval
							mf	sf	mf	sf				
425	A	6	VAL	A	48	PHE	-0.0642	0.0908	0.6560	0.3302	1	-0.0353	-2.1029	0.0355
445	A	6	VAL	A	68	ALA	-0.1185	0.1676	1.0171	0.3257	1	-0.4031	-3.1005	0.0019
454	A	6	VAL	A	77	SER	-0.1282	0.1814	0.9227	0.0931	1	-0.6432	-5.1556	0.0000
640	A	6	VAL	B	83	TYR	-0.3191	0.4513	0.8586	0.1186	1	-0.2445	-2.5240	0.0116
766	A	6	VAL	C	120	MET	-0.0740	0.1046	0.6524	0.3368	1	-0.0210	-2.0596	0.0394
1535	A	9	GLN	A	15	ASN	-0.0362	0.0512	0.1356	0.0681	1	-0.0014	-2.0159	0.0438
1799	A	9	GLN	B	99	VAL	-0.1607	0.2273	0.6844	0.3492	1	-0.0118	-2.0283	0.0425
2017	A	10	ALA	A	118	ASN	0.1049	0.0684	-0.6744	0.3376	1	0.0904	2.2624	0.0237
2492	A	11	GLH	B	35	GLU	-0.1729	0.2445	0.8139	0.1375	1	-0.4258	-3.5179	0.0004
2502	A	11	GLH	B	45	GLY	-0.0565	0.0799	-0.9965	0.1864	1	0.5344	4.6351	0.0000
2700	A	12	PHE	A	46	GLU	-0.6661	0.3330	0.1228	0.1737	1	-0.0377	-2.1003	0.0357
2765	A	12	PHE	A	111	LYS	0.5056	0.2615	-0.0534	0.0756	1	0.0147	2.0538	0.0400
2900	A	12	PHE	B	66	ASP	0.6224	0.3150	-0.1425	0.2015	1	0.0170	2.0454	0.0408
2919	A	12	PHE	B	85	VAL	0.5912	0.3389	-0.4013	0.2095	1	0.1956	2.4909	0.0127
2968	A	12	PHE	B	134	ASN	0.1095	0.1549	-0.6241	0.3121	1	0.0369	2.1058	0.0352
3197	A	13	TYR	A	167	HIE	0.1569	0.1125	-0.8100	0.4638	1	0.0124	2.0260	0.0428
3219	A	13	TYR	B	9	TRP	0.6636	0.3350	-0.6648	0.3329	1	0.3839	2.8128	0.0049
3302	A	13	TYR	B	92	GLN	0.6581	0.3292	-0.1033	0.1461	1	0.0410	2.1139	0.0345
3326	A	13	TYR	B	116	VAL	-0.6149	0.3076	0.0417	0.0589	1	-0.0303	-2.0966	0.0360
3367	A	13	TYR	B	157	THR	-0.4981	0.2944	0.7750	0.4208	1	-0.2460	-2.4791	0.0132
3568	A	14	LEU	A	163	CYX	-0.5456	0.3268	0.5794	0.3120	1	-0.2213	-2.4898	0.0128
3620	A	14	LEU	B	35	GLU	0.0283	0.0400	0.7267	0.1644	1	-0.3600	-4.1280	0.0000
3977	A	15	ASN	B	18	PHE	0.1119	0.1583	-0.4817	0.2410	1	0.0170	2.0590	0.0395
4222	A	16	PRO	A	70	LEU	0.6966	0.3524	-0.2527	0.2630	1	0.0698	2.1587	0.0309
4264	A	16	PRO	A	112	PHE	0.3563	0.1803	-0.2881	0.2101	1	0.0908	2.3280	0.0199
4425	A	16	PRO	B	93	ARG	0.7108	0.3638	-0.3993	0.3755	1	0.0645	2.1233	0.0337
4467	A	16	PRO	B	135	GLY	-0.6815	0.3482	0.1401	0.1981	1	-0.0204	-2.0509	0.0403
4522	A	16	PRO	B	190	ALA	-0.0810	0.1145	0.4491	0.2247	1	-0.0257	-2.1021	0.0355
4578	A	17	ASP	A	54	PHE	0.6322	0.3190	-0.1347	0.1906	1	0.0238	2.0640	0.0390
4617	A	17	ASP	A	93	THR	0.7081	0.3596	-0.5077	0.2563	1	0.3326	2.7532	0.0059
4816	A	17	ASP	B	112	HIE	-1.1436	0.5067	0.3061	0.4328	1	-0.1168	-2.1752	0.0296
4862	A	17	ASP	B	158	LEU	-0.1670	0.2362	0.7210	0.3696	1	-0.0107	-2.0244	0.0429
5079	A	18	GLN	A	184	SER	-0.6597	0.3352	0.1538	0.2175	1	-0.0144	-2.0360	0.0418
5266	A	18	GLN	C	102	LYS	0.6430	0.3234	-0.0279	0.0394	1	0.0193	2.0593	0.0395
5512	A	19	SER	B	67	LEU	-0.5586	0.2822	0.0928	0.1313	1	-0.0289	-2.0929	0.0364
5776	A	20	GLY	A	142	ASP	0.0847	0.1198	-0.5215	0.2642	1	0.0260	2.0895	0.0367
6025	A	21	GLH	A	23	MET	-0.3066	0.1540	0.0777	0.1099	1	-0.0060	-2.0318	0.0422
6131	A	21	GLH	A	129	THR	0.5805	0.2915	-0.1065	0.1507	1	0.0309	2.0941	0.0363
6395	A	22	PHE	A	26	PHE	-0.5906	0.3319	0.4180	0.3563	1	-0.0347	-2.0712	0.0383
6505	A	22	PHE	A	136	VAL	-0.6906	0.4030	0.5292	0.4275	1	-0.0449	-2.0765	0.0378
6699	A	22	PHE	B	150	ASN	-0.1425	0.2016	0.5999	0.3075	1	-0.0071	-2.0193	0.0435
6707	A	22	PHE	B	158	LEU	-0.1843	0.2606	0.7934	0.2063	1	-0.3129	-2.9415	0.0033
7054	A	23	MET	B	139	LYS	-0.5983	0.3018	0.1252	0.1771	1	-0.0237	-2.0677	0.0387
7055	A	23	MET	B	140	ALA	-0.3047	0.1546	0.0211	0.0298	1	-0.0109	-2.0689	0.0386
7208	A	24	PHE	A	108	PHE	0.1013	0.1433	-0.5350	0.2704	1	0.0244	2.0797	0.0375
7236	A	24	PHE	A	136	VAL	0.0296	0.0419	-0.7127	0.3635	1	0.0105	2.0287	0.0425
7874	A	26	PHE	A	47	GLU	0.7169	0.3682	-0.0991	0.1401	1	0.0280	2.0711	0.0383
7914	A	26	PHE	A	87	PRO	1.0450	0.2942	-0.3010	0.4257	1	0.3110	2.6009	0.0093
7933	A	26	PHE	A	106	ILE	-0.4373	0.3481	0.7909	0.4441	1	-0.0996	-2.1765	0.0295
7936	A	26	PHE	A	109	ILE	-0.8729	0.2752	-0.0760	0.1075	1	-0.2060	-2.6973	0.0070
8015	A	26	PHE	B	8	LEU	-0.5499	0.3509	0.6045	0.4485	1	-0.0156	-2.0275	0.0426
8044	A	26	PHE	B	37	SER	-0.7118	0.2072	0.2254	0.3188	1	-0.1768	-2.4650	0.0137
8089	A	26	PHE	B	82	MTS	1.7616	0.6656	-0.5409	0.2824	1	0.8564	3.1844	0.0015
8193	A	26	PHE	B	186	VAL	-0.9070	0.5842	0.3581	0.1792	1	-0.0429	-2.0703	0.0384
8202	A	26	PHE	C	106	LYS	-0.8245	0.2907	0.2431	0.3438	1	-0.1673	-2.3715	0.0177
8797	A	28	GLY	B	67	LEU	0.4839	0.2420	-0.0301	0.0426	1	0.0227	2.0922	0.0364
9282	A	29	ASH	C	103	PRO	-0.0253	0.0358	0.2349	0.1187	1	-0.0123	-2.0994	0.0358
9378	A	30	GLU	A	109	ILE	-0.3861	0.1983	0.0553	0.0782	1	-0.0151	-2.0708	0.0384
9420	A	30	GLU	A	151	LEU	0.7332	0.3835	-0.0475	0.0672	1	0.0021	2.0055	0.0449
9436	A	30	GLU	A	167	HIE	-0.5987	0.3036	0.1155	0.1633	1	-0.0247	-2.0715	0.0383
9712	A	31	ILE	A	85	VAL	-0.1738	0.2164	0.5734	0.2872	1	-0.0280	-2.0780	0.0377
9803	A	31	ILE	A	176	LYS	-0.8181	0.0520	0.2082	0.2945	1	-0.4283	-3.4322	0.0006
9870	A	31	ILE	B	63	SER	0.5914	0.3164	-0.5667	0.3924	1	0.1500	2.2975	0.0216
9885	A	31	ILE	B	78	TYR	1.7729	0.9556	-0.4876	0.3516	1	0.2242	2.2201	0.0264
9910	A	31	ILE	B	103	PRO	-0.5440	0.2770	0.1198	0.1694	1	-0.0144	-2.0445	0.0409
10008	A	31	ILE	C	112	PRO	1.3624	0.4366	0.1603	0.2267	1	0.2183	2.4437	0.0145
10238	A	32	PHE	B	74	ALA	-0.1842	0.1671	0.4157	0.2086	1	-0.0654	-2.2447	0.0248
10242	A	32	PHE	B	78	TYR	0.3667	0.2045	-0.5941	0.3576	1	0.1370	2.3327	0.0197
10278	A	32	PHE	B	114	LEU	0.1629	0.2304	-0.7082	0.3600	1	0.0164	2.0384	0.0415
10416	A	33	HIP	A	76	ARG	0.5055	0.3037	-0.4852	0.3022	1	0.1339	2.3126	0.0207
10683	A	33	HIP	B	163	THR	-0.5988	0.3032	0.0146	0.0207	1	-0.0055	-2.0182	0.0436
11087	A	35	ASP	A	38	LYS	-0.7642	0.4099	0.5852	0.3155	1	-0.3148	-2.6086	0.0091
11093	A	35	ASP	A	44	ARG	0.5842	0.1271	0.0351	0.0496	1	0.2763	4.0257	0.0001
11201	A	35	ASP	A	152	PRO	0.6184	0.2294	-0.2377	0.3362	1	0.0421	2.1035	0.0354
11205	A	35	ASP	A	156	SER	-0.3024	0.1561	0.0259	0.0366	1	-0.0076	-2.0476	0.0406
11272	A	35	ASP	B	43	ASP	0.2811	0.1411	-0.1336	0.1199	1	0.0444	2.2398	0.0251
11381	A	35	ASP	B	152	ASP	-0.4814	0.1215	0.1805	0.2552	1	-0.0965	-2.3414	0.0192
11402	A	35	ASP	B	173	CYX	0.7972	0.0980	-0.3254	0.4602	1	0.1815	2.3858	0.0170
11416	A	35	ASP	B	187	GLU	0.4415	0.2081	-0.4530	0.3924	1	0.0062	2.0139	0.0440
11470	A	36	MET	A	68	ALA	0.1525	0.2157	-0.6935	0.3504	1	0.0231	2.0562	0.0398
11472	A	36	MET	A	70	LEU	0.1483	0.0744	-0.0332	0.0470	1	0.0055	2.0627	0.0391
11588	A	36	MET	B	6	ARG	0.5714	0.2892	-0.7391	0.4155	1	0.2980	2.5887	0.0096
11625	A	36	MET	B	43	ASP	-0.0691	0.0977	0.7313	0.3813	1	-0.0132	-2.0335	0.0420
11634	A	36	MET	B	52	GLU	-0.4191	0.2950	0.4305	0.2933	1	-0.0176	-2.0423	0.0411
11727	A	36	MET	B	145	THR	-0.5440	0.3093	0.5273	0.3125	1	-0.1919	-2.4365	0.0148
11773	A	36	MET	C	102	LYS	-0.5511	0.2810	0.5068	0.2534	1	-0.3012	-2.7960	0.0052
12332	A	38	LYS	B	47	TYR	-0.2516	0.3558	0.7854	0.3291	1	-0.0676	-2.1394	0.0324
12668	A	39	LYS	B	33	ASN	0.4220	0.2208	-0.0566	0.0801	1	0.0089	2.0378	0.0416
12798	A	39	LYS	B	163	THR	-0.5027	0.2584	0.0498	0.0704	1	-0.0169	-2.0631	0.0391
12848	A	40	GLU	A	44	ARG	-0.8645	0.5281	0.6506	0.5312	1	-0.0169	-2.0226	0.0431
12853	A	40	GLU	A	49	GLY	0.2732	0.3864	-1.3858	0.4851	1	0.4187	2.6751	0.0075
12940	A	40	GLU	A	136	VAL	-0.8161	0.5732	0.6896	0.3689	1	-0.1423	-2.2088	0.0272
12955	A	40	GLU	A	151	LEU	-0.7594	0.4057	0.5435	0.2724	1	-0.3255	-2.6662	0.0077
13040	A	40	GLU	B	56	PRO	0.0721	0.1020	1.5697	0.4948	1	-0.4872	-2.9644	0.0030
13043	A	40	GLU	B	59	GLU	-0.2050	0.2900	0.7297	0.1457	1	-0.2857	-2.8803	0.0040
13058	A	40	GLU	B	74	ALA	0.7734	0.5186	-0.4592	0.2297	1	0.0982	2.1731	0.0298
13171	A	40	GLU	B	187	GLU	-0.7873	0.4378	0.7868	0.5678	1	-0.1402	-2.1955	0.0281
13221	A	41	MTS	A	69	ASN	0.1031	0.1459	0.7607	0.1771	1	-0.1988	-2.8664	0.0042
13242	A	41	MTS	A	90	THR	0.2156	0.3050	-0.8715	0.2702	1	0.2723	2.6682	0.0076
13454	A	41	MTS	B	122	PHE	0.1344	0.1901	-0.5905	0.3078	1	0.0013	2.0037	0.0451
13757	A	42	VAL	B	78	TYR	0.0650	0.0919	-0.5707	0.2950	1	0.0177	2.0574	0.0396
13921	A	43	TRP	A	76	ARG	0.2576	0.1933	-0.8766	0.1942	1	0.5862	4.1397	0.0000
14073	A	43	TRP	B	48	ARG	0.2648	0.1516	-0.1180	0.0593	1	0.0573	2.3524	0.0187
14088	A	43	TRP	B	63	SER	0.2148	0.3038	1.2828	0.3549	1	-0.1337	-2.2862	0.0222
14096	A	43	TRP	B	71	ARG	0.0036	0.0050	-1.1984	0.5171	1	0.1678	2.3244	0.0201
14139	A	43	TRP	B	114	LEU	-0.3488	0.3027	0.7154	0.3718	1	-0.1053	-2.2196	0.0264
14216	A	43	TRP	C	102	LYS	0.3263	0.4615	-1.0738	0.2489	1	0.3514	2.6702	0.0076
14235	A	44	ARG	A	45	LEU	1.3149	0.4918	-0.1400	0.1980	1	0.3946	2.7443	0.0061
14263	A	44	ARG	A	73	MET	-0.6502	0.3251	0.0097	0.0137	1	-0.0091	-2.0279	0.0426
14266	A	44	ARG	A	76	ARG	0.4495	0.2286	-0.5961	0.3138	1	0.2692	2.6935	0.0071
14286	A	44	ARG	A	96	PRO	0.5279	0.0544	0.0551	0.0779	1	0.2827	4.9744	0.0000
14354	A	44	ARG	A	164	ARG	0.5600	0.2954	-0.3461	0.1812	1	0.2131	2.6148	0.0089
14457	A	44	ARG	B	87	GLU	-0.9796	0.0832	-0.0441	0.0624	1	-0.7275	-8.9944	0.0000
14465	A	44	ARG	B	95	VAL	0.7904	0.4585	-0.4041	0.2084	1	0.1871	2.3715	0.0177
14469	A	44	ARG	B	99	VAL	0.6512	0.3256	-0.7809	0.4365	1	0.3429	2.6298	0.0085
14494	A	44	ARG	B	124	PRO	-1.3977	0.8109	0.2995	0.1516	1	-0.0473	-2.0574	0.0397
14506	A	44	ARG	B	136	GLN	-0.6914	0.3477	0.1016	0.1437	1	-0.0406	-2.1079	0.0350
14553	A	44	ARG	B	183	PRO	-0.6362	0.3281	0.1408	0.1991	1	-0.0095	-2.0248	0.0429
14686	A	45	LEU	A	152	PRO	0.9978	0.1415	-0.0841	0.1189	1	0.7122	5.8532	0.0000
14704	A	45	LEU	A	170	LEU	0.5449	0.2761	-0.0623	0.0880	1	0.0275	2.0949	0.0362
14763	A	45	LEU	B	49	ALA	1.0959	0.3133	0.2099	0.2969	1	0.0228	2.0529	0.0401
14866	A	45	LEU	B	152	ASP	-0.7871	0.2015	0.0111	0.0157	1	-0.3939	-3.9486	0.0001
14887	A	45	LEU	B	173	CYX	0.7832	0.2039	-0.2422	0.3426	1	0.2281	2.5721	0.0101
14901	A	45	LEU	B	187	GLU	0.7886	0.1371	-0.2868	0.4056	1	0.2192	2.5119	0.0120
15092	A	46	GLU	B	35	GLU	-0.0801	0.1133	0.6124	0.3187	1	-0.0160	-2.0474	0.0406
15094	A	46	GLU	B	37	SER	-0.8681	0.6324	0.7388	0.3854	1	-0.1258	-2.1699	0.0300
15282	A	47	GLU	A	63	ILE	-0.7366	0.3905	0.3961	0.2056	1	-0.2500	-2.5665	0.0103
15436	A	47	GLU	B	37	SER	0.4722	0.2991	-0.2866	0.1606	1	0.0797	2.2348	0.0254
15517	A	47	GLU	B	118	SER	-0.0089	0.0126	0.6107	0.3085	1	-0.0021	-2.0068	0.0448
15564	A	47	GLU	B	165	PRO	-0.0604	0.0855	0.6832	0.3480	1	-0.0270	-2.0754	0.0380
15582	A	47	GLU	B	183	PRO	-0.5133	0.3057	0.7886	0.4452	1	-0.2218	-2.4108	0.0159
15726	A	48	PHE	A	166	GLU	0.5713	0.3066	-0.4716	0.2871	1	0.2029	2.4830	0.0130
15818	A	48	PHE	B	78	TYR	0.7066	0.3882	-0.2483	0.1318	1	0.1350	2.3292	0.0198
15884	A	48	PHE	B	144	SER	0.0877	0.1240	-0.6275	0.3143	1	0.0395	2.1169	0.0343
15888	A	48	PHE	B	148	ILE	-0.7306	0.3952	0.2916	0.2027	1	-0.1338	-2.3012	0.0214
15960	A	49	GLY	A	60	LEU	0.2359	0.1327	-0.3720	0.2283	1	0.0798	2.3024	0.0213
15992	A	49	GLY	A	92	LEU	-0.0698	0.0988	0.6470	0.3242	1	-0.0391	-2.1153	0.0344
16030	A	49	GLY	A	130	THR	-0.0338	0.0478	-0.9891	0.4171	1	0.1155	2.2752	0.0229
16074	A	49	GLY	A	174	LEU	0.4966	0.2484	-0.1214	0.1717	1	0.0140	2.0464	0.0407
16136	A	49	GLY	B	56	PRO	0.1273	0.1800	1.1402	0.4563	1	-0.0318	-2.0647	0.0389
16148	A	49	GLY	B	68	LEU	0.6386	0.3193	-0.0803	0.1136	1	0.0411	2.1213	0.0339
16172	A	49	GLY	B	92	GLN	-0.5962	0.3162	0.6532	0.4421	1	-0.1624	-2.2989	0.0215
16173	A	49	GLY	B	93	ARG	0.0751	0.1062	-0.4052	0.2042	1	0.0199	2.0864	0.0369
16205	A	49	GLY	B	125	GLY	-0.1841	0.1332	0.5847	0.3107	1	-0.0926	-2.2739	0.0230
16212	A	49	GLY	B	132	PHE	-0.2309	0.2111	0.5406	0.2724	1	-0.0823	-2.2389	0.0252
16244	A	49	GLY	B	164	VAL	-0.6441	0.3245	0.2379	0.1432	1	-0.1727	-2.4868	0.0129
16266	A	49	GLY	B	186	VAL	0.2913	0.5066	-1.0163	0.1530	1	0.2491	2.4706	0.0135
16376	A	50	ARG	A	137	PHE	0.3808	0.1909	-0.0992	0.1404	1	0.0062	2.0262	0.0427
16567	A	50	ARG	B	148	ILE	0.6427	0.3224	-0.1650	0.2334	1	0.0117	2.0295	0.0424
16646	A	51	PHE	A	69	ASN	-0.8949	0.5802	0.8557	0.5282	1	-0.1813	-2.2311	0.0257
16765	A	51	PHE	B	8	LEU	0.5100	0.2577	-0.0416	0.0589	1	0.0229	2.0866	0.0369
16805	A	51	PHE	B	48	ARG	0.4926	0.2650	-0.2918	0.2363	1	0.0742	2.2089	0.0272
16939	A	51	PHE	B	182	SER	-0.6145	0.3088	0.1200	0.1696	1	-0.0297	-2.0844	0.0371
16956	A	51	PHE	C	110	ALA	0.3746	0.1901	-0.3473	0.1891	1	0.1856	2.6922	0.0071
17103	A	52	ALA	B	9	TRP	0.4455	0.2709	-0.5285	0.3090	1	0.1521	2.3701	0.0178
17252	A	52	ALA	B	158	LEU	0.0180	0.0255	-0.4427	0.2234	1	0.0110	2.0488	0.0405
17584	A	53	SER	B	154	THR	-0.6405	0.3207	0.1814	0.2565	1	-0.0007	-2.0016	0.0453
17992	A	55	GLU	A	73	MET	0.6666	0.3367	-0.1825	0.2581	1	0.0007	2.0016	0.0453
18096	A	55	GLU	A	177	HIP	-1.3201	0.4366	0.2886	0.4081	1	-0.4133	-2.6916	0.0071
18148	A	55	GLU	B	49	ALA	1.1854	0.2064	0.2184	0.3088	1	0.2241	2.6034	0.0092
18164	A	55	GLU	B	65	LYS	0.5764	0.3047	-0.4171	0.2114	1	0.2518	2.6789	0.0074
18173	A	55	GLU	B	74	ALA	-1.0594	0.1131	-0.2438	0.3448	1	-0.0900	-2.2479	0.0246
18245	A	55	GLU	B	146	GLY	-0.6276	0.2879	0.0831	0.1175	1	-0.0886	-2.2850	0.0223
18281	A	55	GLU	B	182	SER	1.0805	0.4423	-0.1084	0.1533	1	0.2527	2.5399	0.0111
18322	A	56	ALA	A	70	LEU	0.0376	0.0531	-0.4640	0.2377	1	0.0145	2.0597	0.0394
18414	A	56	ALA	A	162	ASP	0.6080	0.3483	-0.5649	0.3251	1	0.2201	2.4620	0.0138
19413	A	59	ALA	A	168	TRP	-0.3439	0.2656	0.7699	0.4250	1	-0.1116	-2.2227	0.0262
19436	A	59	ALA	B	11	LEU	0.4889	0.2448	-0.1236	0.1748	1	0.0109	2.0363	0.0417
19654	A	60	LEU	A	80	THR	1.2402	0.4931	-0.3323	0.4700	1	0.2101	2.3085	0.0210
19675	A	60	LEU	A	101	GLU	-1.3896	0.6578	0.1306	0.1848	1	-0.1538	-2.2251	0.0261
19723	A	60	LEU	A	149	HIE	0.7597	0.2030	-0.2030	0.2871	1	0.2595	2.7382	0.0062
19741	A	60	LEU	A	167	HIE	-0.3410	0.3107	0.5269	0.2923	1	-0.0148	-2.0346	0.0419
19794	A	60	LEU	B	40	PHE	-0.6060	0.3032	0.6332	0.3314	1	-0.3408	-2.7587	0.0058
19823	A	60	LEU	B	69	GLU	0.6197	0.3658	-0.6381	0.3201	1	0.2856	2.5877	0.0097
19841	A	60	LEU	B	87	GLU	0.4535	0.0852	-0.0307	0.0434	1	0.2929	5.0632	0.0000
19868	A	60	LEU	B	114	LEU	0.4527	0.3645	-0.5548	0.2775	1	0.0913	2.1993	0.0279
19917	A	60	LEU	B	163	THR	0.7883	0.2672	-0.2451	0.3466	1	0.1581	2.3613	0.0182
19937	A	60	LEU	B	183	PRO	0.6452	0.2710	-0.0699	0.0988	1	0.1381	2.4788	0.0132
19941	A	60	LEU	B	187	GLU	0.4222	0.0180	0.0411	0.0581	1	0.2594	6.2653	0.0000
19955	A	60	LEU	C	112	PRO	0.4243	0.0386	-0.5713	0.2906	1	0.4092	3.3960	0.0007
19994	A	61	ALA	A	92	LEU	0.0623	0.0881	-0.5879	0.3111	1	0.0036	2.0113	0.0443
20345	A	62	ASN	A	116	VAL	-0.5826	0.2352	0.2313	0.3271	1	-0.0081	-2.0202	0.0434
20399	A	62	ASN	A	170	LEU	-0.3791	0.1935	0.0146	0.0207	1	-0.0045	-2.0233	0.0430
20548	A	62	ASN	B	139	LYS	-0.4854	0.2433	0.1222	0.1729	1	-0.0107	-2.0358	0.0418
20601	A	62	ASN	C	103	PRO	0.4845	0.1304	0.0355	0.0502	1	0.1696	3.2133	0.0013
20603	A	62	ASN	C	105	SER	-1.1972	0.2975	0.2967	0.4196	1	-0.4651	-2.9042	0.0037
20622	A	63	ILE	A	67	LYS	0.8161	0.4818	-0.7616	0.5562	1	0.1060	2.1440	0.0320
20633	A	63	ILE	A	78	ASN	-0.8821	0.5699	0.3696	0.2439	1	-0.0118	-2.0191	0.0435
20640	A	63	ILE	A	85	VAL	-0.3298	0.2976	1.8663	0.8464	1	-0.4017	-2.4477	0.0144
20651	A	63	ILE	A	96	PRO	-0.6327	0.1510	0.2957	0.4182	1	-0.0392	-2.0882	0.0368
20671	A	63	ILE	A	116	VAL	1.0657	0.1360	-0.1330	0.1881	1	0.7345	5.1648	0.0000
20683	A	63	ILE	A	128	VAL	1.1166	0.4102	-0.2524	0.3570	1	0.2815	2.5177	0.0118
20713	A	63	ILE	A	158	GLU	-0.2126	0.1064	0.3638	0.2427	1	-0.0465	-2.1755	0.0296
20769	A	63	ILE	B	34	GLN	-0.0033	0.0632	-0.5542	0.1301	1	0.2617	3.8092	0.0001
20791	A	63	ILE	B	56	PRO	0.3231	0.4569	-0.8075	0.1702	1	0.1555	2.3190	0.0204
20803	A	63	ILE	B	68	LEU	0.2727	0.1367	-0.0622	0.0880	1	0.0098	2.0605	0.0394
20828	A	63	ILE	B	93	ARG	-0.4944	0.3123	0.8532	0.5926	1	-0.0079	-2.0118	0.0442
20870	A	63	ILE	B	135	GLY	0.8845	0.3702	-0.1719	0.2431	1	0.1706	2.3851	0.0171
21951	A	67	LYS	A	102	PRO	-0.4998	0.2857	0.5489	0.3162	1	-0.1964	-2.4607	0.0139
21991	A	67	LYS	A	142	ASP	0.6283	0.3165	-0.8739	0.5362	1	0.2568	2.4125	0.0158
22013	A	67	LYS	A	164	ARG	0.3042	0.2452	-0.6540	0.3576	1	0.0909	2.2096	0.0271
22099	A	67	LYS	B	70	GLN	-0.4701	0.2517	0.0485	0.0342	1	-0.0105	-2.0414	0.0412
22130	A	67	LYS	B	101	VAL	-0.8950	0.6742	0.6197	0.3162	1	-0.0253	-2.0340	0.0420
22186	A	67	LYS	B	157	THR	-0.4336	0.3155	0.6468	0.3808	1	-0.0915	-2.1850	0.0289
22282	A	68	ALA	A	112	PHE	-0.0143	0.0202	-0.9634	0.3960	1	0.1561	2.3938	0.0167
22331	A	68	ALA	A	161	TYR	0.1149	0.2008	-1.5757	0.6549	1	0.3206	2.4680	0.0136
22343	A	68	ALA	A	173	PRO	-0.1057	0.1495	0.6193	0.3142	1	-0.0292	-2.0838	0.0372
22397	A	68	ALA	B	47	TYR	0.1064	0.1505	-1.5283	0.7896	1	0.0271	2.0337	0.0420
22459	A	68	ALA	B	109	LEU	-0.5031	0.2551	0.0317	0.0449	1	-0.0168	-2.0649	0.0389
22478	A	68	ALA	B	128	GLU	-0.6615	0.3327	0.5563	0.4167	1	-0.1514	-2.2840	0.0224
22534	A	68	ALA	B	184	LEU	-0.4747	0.3366	0.3959	0.2746	1	-0.0017	-2.0038	0.0451
22541	A	68	ALA	C	102	LYS	-0.0055	0.0077	0.8850	0.2402	1	-0.4098	-3.7051	0.0002
22609	A	69	ASN	A	119	VAL	-0.4409	0.3322	0.5773	0.3129	1	-0.1054	-2.2309	0.0257
22617	A	69	ASN	A	127	PRO	-0.1396	0.1975	-1.3780	0.4908	1	0.1803	2.3407	0.0192
22620	A	69	ASN	A	130	THR	0.1251	0.1769	0.9250	0.2890	1	-0.1223	-2.3609	0.0182
22687	A	69	ASN	B	17	PHE	0.4931	0.2518	-0.1271	0.1797	1	0.0014	2.0046	0.0450
22716	A	69	ASN	B	46	GLU	-0.1993	0.1073	0.7209	0.3710	1	-0.1478	-2.3827	0.0172
22750	A	69	ASN	B	80	ARG	0.1317	0.1863	-0.6253	0.3183	1	0.0194	2.0527	0.0401
22785	A	69	ASN	B	115	LEU	0.5267	0.2869	-0.5825	0.3899	1	0.1410	2.2913	0.0219
22967	A	70	LEU	A	158	GLU	-0.4074	0.2044	0.0075	0.0107	1	-0.0056	-2.0276	0.0426
23026	A	70	LEU	B	37	SER	0.7109	0.3626	-0.5875	0.4422	1	0.1547	2.2706	0.0232
23117	A	70	LEU	B	128	GLU	0.5625	0.4143	-0.5624	0.3149	1	0.0840	2.1613	0.0307
23245	A	71	GLU	A	118	ASN	-0.0228	0.0161	0.8336	0.2898	1	-0.2759	-2.9503	0.0032
23264	A	71	GLU	A	137	PHE	-0.2206	0.1176	0.3718	0.0994	1	-0.2846	-3.8491	0.0001
23270	A	71	GLU	A	143	HIE	0.6494	0.3282	-0.5066	0.3385	1	0.2129	2.4515	0.0142
23316	A	71	GLU	B	9	TRP	0.5657	0.2875	-0.1260	0.1384	1	0.0535	2.1678	0.0302
23326	A	71	GLU	B	19	ASN	-0.0469	0.0664	0.3182	0.1639	1	-0.0114	-2.0646	0.0390
23389	A	71	GLU	B	82	MTS	1.5463	1.0339	-0.7348	0.2370	1	0.1598	2.1506	0.0315
23475	A	71	GLU	B	168	GLY	-0.1456	0.2059	0.6250	0.3151	1	-0.0178	-2.0472	0.0406
23480	A	71	GLU	B	173	CYX	-1.1648	0.4765	0.2992	0.4231	1	-0.1895	-2.2975	0.0216
23502	A	71	GLU	C	106	LYS	-1.0476	0.2687	0.0368	0.0521	1	-0.5371	-3.9626	0.0001
23512	A	71	GLU	C	116	GLN	-0.6255	0.3134	0.5004	0.2624	1	-0.3085	-2.7548	0.0059
23684	A	72	ILE	B	60	TYR	0.4655	0.2453	-0.0501	0.0708	1	0.0049	2.0191	0.0435
23791	A	72	ILE	B	167	SER	-0.5941	0.3006	0.0630	0.0891	1	-0.0301	-2.0959	0.0361
23815	A	72	ILE	C	102	LYS	-0.3841	0.1933	0.0241	0.0341	1	-0.0157	-2.0800	0.0375
23836	A	73	MET	A	76	ARG	0.4349	0.2260	-0.0318	0.0450	1	0.0058	2.0253	0.0428
24092	A	73	MET	B	152	ASP	0.6297	0.3185	-0.1412	0.1997	1	0.0191	2.0508	0.0403
24117	A	73	MET	B	177	HIE	0.5410	0.2705	-0.0069	0.0097	1	0.0065	2.0240	0.0430
24214	A	74	THR	A	139	PRO	0.6334	0.4967	-0.5922	0.2961	1	0.0691	2.1195	0.0340
24556	A	75	LYS	A	167	HIE	-0.0179	0.0253	-1.1611	0.5653	1	0.0114	2.0201	0.0434
24575	A	75	LYS	B	6	ARG	0.2300	0.3252	1.3515	0.3506	1	-0.1652	-2.3455	0.0190
24613	A	75	LYS	B	44	VAL	-0.0749	0.1059	0.5957	0.2988	1	-0.0364	-2.1149	0.0344
24671	A	75	LYS	B	102	TYR	0.1023	0.1447	0.7791	0.0607	1	-0.3629	-4.3124	0.0000
24679	A	75	LYS	B	110	GLN	0.0934	0.1321	-0.6874	0.2163	1	0.2738	3.0800	0.0021
24808	A	76	ARG	A	106	ILE	-0.4672	0.2779	0.5157	0.3371	1	-0.1091	-2.2497	0.0245
24867	A	76	ARG	A	165	VAL	-0.8139	0.5030	0.5468	0.3131	1	-0.1759	-2.2968	0.0216
24879	A	76	ARG	A	177	HIP	-1.9375	0.8219	0.3331	0.4710	1	-0.3759	-2.3968	0.0165
24892	A	76	ARG	B	10	GLN	-0.6093	0.3164	0.3653	0.3215	1	-0.0725	-2.1608	0.0307
24908	A	76	ARG	B	26	LEU	-0.7659	0.4116	0.3809	0.3693	1	-0.0409	-2.0739	0.0381
24955	A	76	ARG	B	73	ALA	-1.0566	0.5063	0.3094	0.4376	1	-0.0276	-2.0413	0.0412
25024	A	76	ARG	B	142	VAL	0.5910	0.3103	-0.7706	0.2067	1	0.6159	3.6519	0.0003
25069	A	76	ARG	B	187	GLU	0.9789	0.3093	0.2439	0.1870	1	0.0121	2.0336	0.0420
25093	A	77	SER	A	79	TYR	0.0181	0.0256	-0.4929	0.1308	1	0.2444	3.8344	0.0001
25175	A	77	SER	A	161	TYR	-0.0171	0.0242	-0.5477	0.2588	1	0.0107	2.0410	0.0412
25176	A	77	SER	A	162	ASP	0.0177	0.0251	-0.3577	0.1134	1	0.1431	3.2317	0.0012
25241	A	77	SER	B	47	TYR	0.0965	0.1364	-0.6805	0.1447	1	0.3792	3.9065	0.0001
25283	A	77	SER	B	89	PHE	0.3239	0.4580	-0.8244	0.1546	1	0.1814	2.3753	0.0175
25326	A	77	SER	B	132	PHE	-0.1748	0.2472	0.6854	0.3440	1	-0.0129	-2.0306	0.0423
25421	A	78	ASN	A	96	PRO	-0.2151	0.1092	0.0245	0.0346	1	-0.0105	-2.0921	0.0364
25453	A	78	ASN	A	128	VAL	0.6459	0.3240	-0.1002	0.1417	1	0.0387	2.1095	0.0349
25691	A	78	ASN	B	186	VAL	0.6023	0.3152	-0.3773	0.2563	1	0.1672	2.4115	0.0159
25826	A	79	TYR	B	11	LEU	-0.6559	0.3372	0.0693	0.0980	1	-0.0228	-2.0651	0.0389
25852	A	79	TYR	B	37	SER	0.4179	0.2130	-0.3329	0.1927	1	0.1763	2.6136	0.0090
25921	A	79	TYR	B	106	THR	0.6611	0.3964	-0.6557	0.3920	1	0.2018	2.3620	0.0182
26112	A	80	THR	A	168	TRP	-0.3661	0.1769	0.1154	0.1632	1	-0.0001	-2.0004	0.0455
26409	A	81	PRO	A	157	THR	-0.6530	0.4502	0.6320	0.3165	1	-0.1843	-2.3348	0.0196
26421	A	81	PRO	A	169	GLY	-0.2779	0.1737	0.8039	0.4952	1	-0.0322	-2.0614	0.0393
26592	A	81	PRO	B	160	MET	-0.6389	0.3221	0.1527	0.2159	1	-0.0160	-2.0411	0.0412
26605	A	81	PRO	B	173	CYX	-0.9725	0.3665	0.2154	0.3046	1	-0.2349	-2.4929	0.0127
26626	A	81	PRO	C	105	SER	-1.3022	0.5611	0.8290	0.8224	1	-0.1400	-2.1406	0.0323
26652	A	82	ILE	A	93	THR	-0.5778	0.3133	0.3443	0.2251	1	-0.1505	-2.3901	0.0168
26720	A	82	ILE	A	161	TYR	-0.4347	0.3767	0.5120	0.2711	1	-0.0186	-2.0401	0.0413
26773	A	82	ILE	B	34	GLN	0.6712	0.3361	-0.7587	0.4101	1	0.3695	2.6970	0.0070
26774	A	82	ILE	B	35	GLU	0.6826	0.3421	-0.1263	0.1195	1	0.0841	2.2320	0.0256
26810	A	82	ILE	B	71	ARG	0.0217	0.0306	-0.6080	0.3052	1	0.0163	2.0531	0.0401
26822	A	82	ILE	B	83	TYR	-0.2719	0.2392	0.7927	0.4708	1	-0.0085	-2.0161	0.0438
26961	A	83	THR	A	96	PRO	0.7362	0.1856	-0.2390	0.3380	1	0.2040	2.5291	0.0114
26981	A	83	THR	A	116	VAL	-0.9754	0.2499	0.3320	0.4695	1	-0.2437	-2.4582	0.0140
26991	A	83	THR	A	126	LYS	1.2766	0.3895	-0.3280	0.4638	1	0.3933	2.6493	0.0081
27068	A	83	THR	B	23	ARG	0.5427	0.2719	-0.0517	0.0731	1	0.0313	2.1112	0.0348
27272	A	84	ASN	A	102	PRO	0.0132	0.0187	-0.5934	0.3028	1	0.0000	2.0000	0.0455
28267	A	87	PRO	B	8	LEU	0.6541	0.2317	0.0562	0.0794	1	0.1080	2.4411	0.0146
28516	A	88	GLU	A	136	VAL	-0.4423	0.3151	0.3970	0.1992	1	-0.0938	-2.2516	0.0243
28594	A	88	GLU	B	34	GLN	-0.5494	0.2917	0.5170	0.2588	1	-0.2865	-2.7346	0.0062
28636	A	88	GLU	B	76	ASP	-0.6407	0.3226	0.2323	0.2167	1	-0.0958	-2.2465	0.0247
28643	A	88	GLU	B	83	TYR	0.7970	0.5752	-0.6923	0.3877	1	0.1019	2.1469	0.0318
28652	A	88	GLU	B	92	GLN	0.6125	0.3090	-0.0310	0.0438	1	0.0193	2.0619	0.0392
28737	A	88	GLU	B	177	HIE	0.4193	0.3562	-0.6193	0.3158	1	0.0866	2.1819	0.0291
28942	A	89	VAL	B	82	MTS	-0.1834	0.2594	0.6662	0.3332	1	-0.0051	-2.0122	0.0442
29210	A	90	THR	B	51	THR	0.0703	0.0994	1.5611	0.7034	1	-0.0699	-2.0983	0.0359
29316	A	90	THR	B	157	THR	-0.2801	0.3962	0.8325	0.1490	1	-0.2662	-2.6288	0.0086
29713	A	92	LEU	A	139	PRO	-0.0364	0.0515	0.6019	0.3040	1	-0.0217	-2.0705	0.0384
30055	A	93	THR	B	5	PRO	-0.5453	0.2726	0.6090	0.3881	1	-0.2057	-2.4337	0.0149
30059	A	93	THR	B	9	TRP	-0.9089	0.5831	1.0312	0.7735	1	-0.0029	-2.0029	0.0452
30207	A	93	THR	B	157	THR	0.5746	0.3118	-0.7007	0.3918	1	0.2738	2.5468	0.0109
30449	A	94	ASN	B	104	SER	-0.1174	0.1660	0.6804	0.3413	1	-0.0387	-2.1021	0.0355
30661	A	95	SER	B	22	GLU	0.1736	0.2456	-0.6505	0.3297	1	0.0019	2.0046	0.0450
30696	A	95	SER	B	57	ASP	-0.1010	0.1429	0.6976	0.3586	1	-0.0267	-2.0692	0.0385
31000	A	96	PRO	B	68	LEU	0.6626	0.3315	-0.0960	0.1358	1	0.0421	2.1175	0.0342
31060	A	96	PRO	B	128	GLU	1.2180	0.2789	-0.1452	0.2054	1	0.6706	3.9365	0.0001
31075	A	96	PRO	B	143	VAL	0.6146	0.3100	-0.0601	0.0850	1	0.0318	2.0989	0.0358
31206	A	97	VAL	A	162	ASP	-0.4048	0.4115	0.6956	0.3507	1	-0.0190	-2.0352	0.0418
31394	A	97	VAL	B	170	VAL	-0.4053	0.2617	0.5134	0.3231	1	-0.0870	-2.2093	0.0272
31405	A	97	VAL	B	181	THR	-0.4092	0.2615	0.3286	0.1710	1	-0.1128	-2.3611	0.0182
31407	A	97	VAL	B	183	PRO	0.3447	0.2019	-0.4801	0.3410	1	0.0323	2.0815	0.0374
31668	A	98	GLU	B	153	TRP	0.0857	0.1211	-0.6331	0.3221	1	0.0306	2.0890	0.0367
32042	A	100	ARG	A	128	VAL	-0.5688	0.0644	0.2922	0.4133	1	-0.0245	-2.0585	0.0395
32063	A	100	ARG	A	149	HIE	-1.0643	0.3847	0.0841	0.1189	1	-0.3430	-2.8518	0.0043
32098	A	100	ARG	A	184	SER	0.6125	0.3113	-0.1242	0.1756	1	0.0219	2.0613	0.0393
32161	A	100	ARG	B	67	LEU	0.6465	0.3372	-0.1428	0.2020	1	0.0033	2.0083	0.0446
32167	A	100	ARG	B	73	ALA	0.5437	0.1818	0.0232	0.0328	1	0.1511	2.8180	0.0048
32184	A	100	ARG	B	90	THR	1.2399	0.2755	-0.0170	0.0241	1	0.7037	4.5441	0.0000
32223	A	100	ARG	B	129	VAL	0.7527	0.2100	-0.0665	0.0941	1	0.3591	3.5605	0.0004
32286	A	100	ARG	C	103	PRO	0.6011	0.1799	-0.0134	0.0189	1	0.2528	3.3976	0.0007
32564	A	101	GLU	B	182	SER	0.4855	0.1822	0.0011	0.0015	1	0.1199	2.6579	0.0079
32658	A	102	PRO	A	169	GLY	0.1947	0.2754	-0.4219	0.0797	1	0.0433	2.1511	0.0315
32675	A	102	PRO	B	6	ARG	0.1747	0.2471	-0.9380	0.4976	1	0.0016	2.0029	0.0452
32746	A	102	PRO	B	77	THR	-0.5933	0.3153	1.3241	0.8180	1	-0.1641	-2.1872	0.0287
32775	A	102	PRO	B	106	THR	0.0278	0.0393	-0.5621	0.2829	1	0.0187	2.0656	0.0389
32820	A	102	PRO	B	151	GLY	0.0682	0.0374	-0.7246	0.3726	1	0.0439	2.1171	0.0342
33176	A	104	VAL	A	116	VAL	0.1879	0.0980	-0.0115	0.0163	1	0.0006	2.0061	0.0448
33434	A	104	VAL	C	105	SER	0.4343	0.2172	-0.1191	0.1684	1	0.0036	2.0132	0.0441
33474	A	105	LEU	A	130	THR	0.1129	0.1597	-0.7054	0.3580	1	0.0343	2.0875	0.0368
33607	A	105	LEU	B	83	TYR	0.0109	0.0155	-0.5747	0.2874	1	0.0100	2.0349	0.0419
33764	A	106	ILE	A	137	PHE	-0.2133	0.1090	0.1867	0.0947	1	-0.1112	-2.7697	0.0056
34293	A	107	CYX	C	115	MET	-0.6917	0.3480	0.1530	0.2164	1	-0.0251	-2.0613	0.0393
34476	A	108	PHE	B	106	THR	-0.6127	0.3112	0.5273	0.2860	1	-0.2947	-2.6974	0.0070
34493	A	108	PHE	B	123	TYR	-0.1318	0.1864	0.7286	0.3767	1	-0.0199	-2.0474	0.0406
34629	A	109	ILE	A	159	ASP	0.4637	0.2323	-0.0816	0.1153	1	0.0265	2.1022	0.0355
34734	A	109	ILE	B	84	GLY	-1.1687	0.5159	0.0198	0.0280	1	-0.1553	-2.3006	0.0214
34760	A	109	ILE	B	110	GLN	0.4826	0.2433	-0.6105	0.3073	1	0.3093	2.7891	0.0053
34761	A	109	ILE	B	111	HIP	-0.6334	0.3207	0.4880	0.3349	1	-0.1940	-2.4185	0.0156
34771	A	109	ILE	B	121	GLY	-0.8680	0.5296	0.7472	0.5325	1	-0.1130	-2.1505	0.0315
34804	A	109	ILE	B	154	THR	-1.1241	0.4358	0.0916	0.1295	1	-0.3063	-2.6736	0.0075
34845	A	109	ILE	C	106	LYS	-1.3231	0.4537	0.2775	0.3924	1	-0.4009	-2.6682	0.0076
35518	A	112	PHE	B	34	GLN	-0.3105	0.4391	1.4839	0.7050	1	-0.1332	-2.1604	0.0307
35540	A	112	PHE	B	56	PRO	0.0217	0.0307	0.5093	0.1491	1	-0.1833	-3.2041	0.0014
35681	A	112	PHE	C	108	ARG	-0.5029	0.3492	1.3139	0.3403	1	-0.8416	-3.7259	0.0002
35737	A	113	THR	A	157	THR	0.0153	0.0217	-0.6494	0.3275	1	0.0083	2.0254	0.0428
35800	A	113	THR	B	40	PHE	-0.9240	0.6682	0.8324	0.4857	1	-0.1043	-2.1262	0.0335
35870	A	113	THR	B	110	GLN	0.2845	0.2198	-0.2835	0.1506	1	0.0351	2.1316	0.0330
35938	A	113	THR	B	178	PRO	0.0741	0.1049	-0.6052	0.3141	1	0.0171	2.0515	0.0402
36178	A	114	PRO	B	143	VAL	-0.0469	0.0663	0.6006	0.3086	1	-0.0162	-2.0514	0.0402
36346	A	115	PRO	B	37	SER	0.0599	0.0847	-0.7332	0.3803	1	0.0139	2.0357	0.0418
36540	A	116	VAL	A	138	LEU	-0.7631	0.2336	-0.0994	0.1406	1	-0.1185	-2.4346	0.0149
36633	A	116	VAL	B	51	THR	-1.6123	0.7916	0.2063	0.2918	1	-0.1314	-2.1557	0.0311
36697	A	116	VAL	B	115	LEU	0.2864	0.1489	-0.0175	0.0247	1	0.0020	2.0133	0.0441
36748	A	116	VAL	B	166	ARG	0.7491	0.3972	-0.0743	0.1050	1	0.0016	2.0040	0.0451
36768	A	116	VAL	B	186	VAL	-0.9447	0.4217	0.1339	0.1894	1	-0.1541	-2.3333	0.0196
36774	A	116	VAL	C	103	PRO	0.8437	0.1885	-0.2633	0.3723	1	0.2724	2.6527	0.0080
36777	A	116	VAL	C	106	LYS	-0.7733	0.3351	0.0515	0.0729	1	-0.1389	-2.4050	0.0162
37290	A	118	ASN	B	165	PRO	0.3124	0.4419	-0.8610	0.1789	1	0.2200	2.4614	0.0138
37577	A	119	VAL	B	182	SER	-0.6193	0.3142	0.1404	0.1986	1	-0.0163	-2.0439	0.0410
37650	A	120	THR	A	166	GLU	0.1360	0.1923	-0.6098	0.3051	1	0.0246	2.0682	0.0386
37983	A	121	TRP	B	51	THR	0.5807	0.4260	-0.3943	0.2062	1	0.0284	2.0600	0.0394
38008	A	121	TRP	B	76	ASP	-0.6048	0.3124	0.1667	0.1304	1	-0.0944	-2.2789	0.0227
38015	A	121	TRP	B	83	TYR	0.4889	0.2631	-0.6844	0.3521	1	0.2943	2.6696	0.0076
38061	A	121	TRP	B	129	VAL	-0.6189	0.3136	0.6469	0.5108	1	-0.0671	-2.1119	0.0347
38075	A	121	TRP	B	143	VAL	-0.2881	0.1662	0.4999	0.2524	1	-0.1836	-2.6076	0.0091
38168	A	122	LEU	A	149	HIE	0.0941	0.1330	-0.7277	0.3845	1	0.0081	2.0198	0.0434
38336	A	122	LEU	B	137	GLU	0.1269	0.1795	-0.5088	0.2544	1	0.0130	2.0418	0.0412
38774	A	124	ASN	B	44	VAL	0.4745	0.2373	-0.1065	0.1506	1	0.0188	2.0668	0.0388
38858	A	124	ASN	B	128	GLU	-0.5749	0.4266	0.6077	0.3599	1	-0.0662	-2.1187	0.0341
38950	A	125	GLY	A	136	VAL	-0.0566	0.0801	0.4183	0.2108	1	-0.0240	-2.1065	0.0352
39014	A	125	GLY	B	20	GLY	0.1257	0.1777	1.2344	0.3334	1	-0.3531	-2.9346	0.0033
39265	A	126	LYS	B	8	LEU	0.5359	0.2513	-0.1445	0.2043	1	0.0326	2.1006	0.0357
39317	A	126	LYS	B	60	TYR	-1.2822	0.4242	0.2719	0.3846	1	-0.4091	-2.7145	0.0066
39327	A	126	LYS	B	70	GLN	0.4096	0.2081	-0.2578	0.1317	1	0.1750	2.7106	0.0067
39469	A	127	PRO	A	130	THR	-0.2281	0.3226	0.6989	0.2392	1	-0.1238	-2.3083	0.0210
39510	A	127	PRO	A	171	ASP	0.0675	0.0954	-0.5133	0.2666	1	0.0144	2.0510	0.0403
39831	A	128	VAL	B	51	THR	-1.6028	0.6044	0.2995	0.4235	1	-0.4262	-2.5775	0.0100
39861	A	128	VAL	B	81	HIP	-0.4907	0.2578	0.0482	0.0682	1	-0.0057	-2.0215	0.0432
39933	A	128	VAL	B	153	TRP	-0.6941	0.3495	0.1614	0.2282	1	-0.0207	-2.0495	0.0404
39972	A	128	VAL	C	103	PRO	0.8151	0.1708	-0.1485	0.2100	1	0.4223	3.5600	0.0004
40080	A	129	THR	B	40	PHE	0.6577	0.3294	-0.0145	0.0205	1	0.0120	2.0365	0.0417
40280	A	130	THR	A	161	TYR	-0.1941	0.2744	-1.2105	0.3267	1	0.1631	2.3823	0.0172
40286	A	130	THR	A	167	HIE	-0.3193	0.4516	1.0706	0.2769	1	-0.3305	-2.6240	0.0087
40305	A	130	THR	B	6	ARG	0.1805	0.2553	-1.3803	0.3328	1	0.7219	3.7211	0.0002
40346	A	130	THR	B	47	TYR	-0.0910	0.1286	-1.0249	0.2134	1	0.4356	3.7479	0.0002
40388	A	130	THR	B	89	PHE	0.3152	0.4458	-1.1472	0.4717	1	0.1644	2.2534	0.0242
40456	A	130	THR	B	157	THR	-0.1819	0.2572	-1.2029	0.2778	1	0.2638	2.6967	0.0070
40464	A	130	THR	B	165	PRO	-0.0940	0.1329	1.2066	0.5140	1	-0.2388	-2.4499	0.0143
40594	A	131	GLY	B	37	SER	0.1438	0.0746	-0.0193	0.0273	1	0.0042	2.0533	0.0400
40652	A	131	GLY	B	95	VAL	-0.3078	0.1607	0.1254	0.1211	1	-0.0307	-2.1526	0.0314
41166	A	133	SER	B	96	GLU	-0.0218	0.0309	0.6944	0.3505	1	-0.0125	-2.0355	0.0418
41768	A	135	THR	B	189	ARG	0.1156	0.1634	-0.4629	0.2342	1	0.0072	2.0253	0.0428
41822	A	136	VAL	A	170	LEU	-0.5999	0.3115	0.0332	0.0470	1	-0.0031	-2.0100	0.0444
41934	A	136	VAL	B	102	TYR	-0.6342	0.4670	0.6945	0.3585	1	-0.1512	-2.2568	0.0240
42010	A	136	VAL	B	178	PRO	0.7555	0.4018	-0.4863	0.4456	1	0.0419	2.0698	0.0385
42078	A	137	PHE	A	174	LEU	-0.3606	0.1806	0.0196	0.0277	1	-0.0148	-2.0811	0.0374
42200	A	137	PHE	B	116	VAL	-0.6213	0.3172	0.0814	0.1150	1	-0.0278	-2.0824	0.0373
42521	A	138	LEU	B	186	VAL	-1.6680	0.7895	0.3313	0.4685	1	-0.1632	-2.1778	0.0294
42530	A	138	LEU	C	106	LYS	-1.4182	0.3916	0.3297	0.4663	1	-0.5302	-2.8707	0.0041
42571	A	139	PRO	A	166	GLU	0.5670	0.2851	-0.1204	0.1796	1	0.0134	2.0399	0.0414
42618	A	139	PRO	B	33	ASN	-0.3804	0.2260	0.4906	0.3369	1	-0.0596	-2.1470	0.0318
42622	A	139	PRO	B	37	SER	0.3179	0.1722	-0.5190	0.3402	1	0.0743	2.1949	0.0282
42912	A	140	ARG	B	78	TYR	-0.9002	0.5910	0.3611	0.1926	1	-0.0181	-2.0292	0.0424
42917	A	140	ARG	B	83	TYR	0.3192	0.2210	-0.3603	0.1802	1	0.1092	2.3829	0.0172
42938	A	140	ARG	B	104	SER	0.4719	0.2687	-0.3278	0.2308	1	0.0913	2.2578	0.0240
43262	A	141	GLU	B	180	VAL	-0.0950	0.1344	0.7215	0.3706	1	-0.0280	-2.0710	0.0384
43314	A	142	ASP	A	165	VAL	0.6812	0.3534	-0.1490	0.2108	1	0.0072	2.0176	0.0436
43413	A	142	ASP	B	84	GLY	1.0551	0.2893	0.1535	0.2170	1	0.1783	2.4928	0.0127
43454	A	142	ASP	B	125	GLY	0.2474	0.1968	-0.8474	0.5077	1	0.0058	2.0106	0.0444
43609	A	143	HIE	B	34	GLN	0.5963	0.3089	-0.5128	0.2625	1	0.2984	2.7363	0.0062
43659	A	143	HIE	B	84	GLY	0.8242	0.4359	-0.4826	0.2631	1	0.2884	2.5665	0.0103
43716	A	143	HIE	B	141	GLY	0.3499	0.1753	-0.0245	0.0346	1	0.0170	2.0951	0.0362
43752	A	143	HIE	B	177	HIE	-0.7420	0.3949	0.2500	0.2355	1	-0.0725	-2.1577	0.0309
43757	A	143	HIE	B	182	SER	1.5281	0.5077	0.0091	0.0129	1	0.5033	2.9910	0.0028
44636	A	147	LYS	B	87	GLU	-0.9905	0.2353	0.2119	0.2997	1	-0.4403	-3.1556	0.0016
44706	A	147	LYS	B	157	THR	0.3555	0.1777	-0.0136	0.0192	1	0.0115	2.0643	0.0390
44953	A	148	PHE	B	163	THR	0.6120	0.3061	-0.0507	0.0717	1	0.0340	2.1081	0.0350
44971	A	148	PHE	B	181	THR	-0.6125	0.3203	0.0644	0.0910	1	-0.0109	-2.0328	0.0421
45193	A	149	HIE	B	163	THR	-0.8277	0.2914	0.0300	0.0424	1	-0.2686	-2.9122	0.0036
45222	A	149	HIE	C	103	PRO	0.4212	0.1559	-0.8297	0.5049	1	0.1941	2.3674	0.0179
45251	A	150	TYR	A	162	ASP	0.8737	0.5406	-0.5406	0.3499	1	0.1265	2.1964	0.0281
45300	A	150	TYR	B	31	ILE	0.0622	0.0880	-0.5055	0.2560	1	0.0264	2.0974	0.0360
45542	A	151	LEU	B	35	GLU	-0.5795	0.2905	0.4852	0.3354	1	-0.1774	-2.3998	0.0164
45556	A	151	LEU	B	49	ALA	-1.5084	0.6366	0.0831	0.1175	1	-0.2967	-2.4584	0.0140
45584	A	151	LEU	B	77	THR	0.5477	0.0868	-0.2428	0.3358	1	0.0969	2.2794	0.0226
45602	A	151	LEU	B	95	VAL	0.9215	0.6022	-0.5705	0.2861	1	0.1587	2.2381	0.0252
45634	A	151	LEU	B	127	ILE	0.5312	0.2769	-0.0557	0.0788	1	0.0111	2.0386	0.0415
45659	A	151	LEU	B	152	ASP	0.9328	0.1911	0.1487	0.2103	1	0.2157	2.7589	0.0058
45684	A	151	LEU	B	177	HIE	0.5984	0.3119	-0.0637	0.0965	1	0.0092	2.0282	0.0425
45779	A	152	PRO	B	35	GLU	-0.7082	0.3705	0.1294	0.1829	1	-0.0112	-2.0271	0.0427
45839	A	152	PRO	B	95	VAL	0.7054	0.3652	-0.0333	0.0470	1	0.0022	2.0060	0.0449
45880	A	152	PRO	B	136	GLN	-0.6242	0.3184	0.1232	0.1743	1	-0.0215	-2.0592	0.0395
45926	A	152	PRO	B	182	SER	-0.7882	0.2941	0.0829	0.1173	1	-0.2379	-2.7515	0.0059
46020	A	153	PHE	B	40	PHE	-0.6422	0.3333	0.0582	0.0823	1	-0.0138	-2.0401	0.0413
46064	A	153	PHE	B	84	GLY	-0.7311	0.3792	0.0736	0.1040	1	-0.0182	-2.0462	0.0407
46382	A	154	LEU	B	167	SER	0.1385	0.1959	-0.7022	0.3626	1	0.0165	2.0401	0.0413
46410	A	154	LEU	C	106	LYS	0.5643	0.2868	-0.1420	0.2008	1	0.0061	2.0173	0.0437
47016	A	157	THR	B	102	TYR	-0.5017	0.2677	0.4564	0.2534	1	-0.2210	-2.5995	0.0093
47092	A	157	THR	B	178	PRO	0.5369	0.3117	-0.5298	0.3177	1	0.1766	2.3969	0.0165
47095	A	157	THR	B	181	THR	0.3649	0.1827	-0.0639	0.0903	1	0.0212	2.1040	0.0354
47288	A	158	GLU	B	143	VAL	-0.1125	0.1591	0.6448	0.3329	1	-0.0194	-2.0525	0.0401
47362	A	159	ASP	A	167	HIE	0.5911	0.3070	-0.1402	0.1983	1	0.0004	2.0010	0.0454
47423	A	159	ASP	B	48	ARG	0.6536	0.3375	-0.0827	0.1169	1	0.0219	2.0613	0.0393
47619	A	160	VAL	B	15	CYX	0.7081	0.3637	-0.1485	0.2100	1	0.0166	2.0395	0.0414
47630	A	160	VAL	B	26	LEU	-0.5783	0.2918	0.1270	0.1796	1	-0.0200	-2.0583	0.0396
47653	A	160	VAL	B	49	ALA	0.6919	0.3482	-0.1480	0.2093	1	0.0274	2.0674	0.0387
47946	A	161	TYR	B	114	LEU	0.5603	0.4650	-0.6607	0.3555	1	0.0504	2.0861	0.0370
47956	A	161	TYR	B	124	PRO	0.6477	0.3875	-0.3585	0.1931	1	0.1403	2.3241	0.0201
48046	A	162	ASP	A	167	HIE	-0.2502	0.3692	1.4066	0.5697	1	-0.2991	-2.4405	0.0147
48161	A	162	ASP	B	102	TYR	1.0073	0.8110	-1.2121	0.4788	1	0.3357	2.3564	0.0185
48163	A	162	ASP	B	104	SER	0.4186	0.3031	-0.5637	0.3208	1	0.0997	2.2258	0.0260
48356	A	163	CYX	B	71	ARG	-0.8154	0.4674	0.4308	0.3203	1	-0.1130	-2.1994	0.0279
48461	A	163	CYX	B	176	GLU	-0.5603	0.2863	0.0595	0.0842	1	-0.0228	-2.0765	0.0378
48716	A	164	ARG	C	117	ALA	0.7093	0.3604	-0.0364	0.0515	1	0.0176	2.0484	0.0405
48945	A	166	GLU	A	168	TRP	-0.5839	0.3232	0.5331	0.2720	1	-0.2721	-2.6442	0.0082
49187	A	167	HIE	B	8	LEU	-0.7826	0.4283	0.8561	0.5247	1	-0.2841	-2.4195	0.0155
49296	A	167	HIE	B	117	CYX	0.0201	0.0284	-0.6829	0.3424	1	0.0158	2.0461	0.0407
49350	A	167	HIE	B	171	TYR	0.1152	0.1630	-0.6232	0.3153	1	0.0285	2.0803	0.0375
49440	A	168	TRP	B	40	PHE	0.2544	0.2350	-0.5558	0.2123	1	0.1769	2.5586	0.0105
49459	A	168	TRP	B	59	GLU	0.1944	0.2749	-0.3871	0.0468	1	0.0237	2.0848	0.0371
49465	A	168	TRP	B	65	LYS	0.5129	0.2566	-0.2351	0.2175	1	0.0751	2.2234	0.0262
49558	A	168	TRP	B	158	LEU	-0.1815	0.2567	0.7665	0.1232	1	-0.3785	-3.3292	0.0009
49810	A	169	GLY	B	190	ALA	-0.2167	0.3064	1.0508	0.4448	1	-0.1873	-2.3467	0.0189
49883	A	170	LEU	B	44	VAL	0.2615	0.1315	-0.0242	0.0342	1	0.0140	2.1029	0.0355
49970	A	170	LEU	B	131	TRP	-0.2405	0.1233	0.0455	0.0644	1	-0.0078	-2.0562	0.0398
50012	A	170	LEU	B	173	CYX	-0.7234	0.3722	0.1797	0.2541	1	-0.0018	-2.0040	0.0451
50072	A	171	ASP	B	15	CYX	-0.7162	0.3681	0.1635	0.2313	1	-0.0103	-2.0236	0.0430
50133	A	171	ASP	B	76	ASP	-0.6118	0.3072	0.3111	0.2539	1	-0.1258	-2.3157	0.0206
50152	A	171	ASP	B	95	VAL	0.8126	0.4648	-0.7373	0.4175	1	0.3004	2.4809	0.0131
50263	A	171	ASP	C	117	ALA	-0.4991	0.2553	0.0707	0.1000	1	-0.0214	-2.0780	0.0377
50282	A	172	GLU	B	8	LEU	-0.7240	0.1050	0.1420	0.2009	1	-0.4127	-3.8204	0.0001
50311	A	172	GLU	B	37	SER	-0.7837	0.3950	0.0884	0.1787	1	-0.0051	-2.0117	0.0443
50428	A	172	GLU	B	154	THR	-0.7685	0.1436	0.2850	0.4031	1	-0.1977	-2.4619	0.0138
50542	A	173	PRO	B	52	GLU	0.3319	0.2753	-0.7483	0.4029	1	0.1042	2.2135	0.0269
50617	A	173	PRO	B	127	ILE	0.0923	0.1305	-0.6282	0.3158	1	0.0371	2.1087	0.0350
50846	A	174	LEU	B	141	GLY	-0.6575	0.3353	0.1005	0.1421	1	-0.0296	-2.0814	0.0374
50862	A	174	LEU	B	157	THR	-0.6687	0.3344	0.0031	0.0044	1	-0.0030	-2.0089	0.0445
50912	A	174	LEU	C	118	LEU	0.6351	0.3210	-0.1258	0.1779	1	0.0270	2.0735	0.0381
51094	A	175	LEU	B	175	VAL	-0.2230	0.1118	0.0484	0.0685	1	-0.0092	-2.0704	0.0384
51114	A	175	LEU	C	106	LYS	0.5282	0.2649	-0.0562	0.0795	1	0.0312	2.1127	0.0346
51188	A	176	LYS	B	56	PRO	-0.1258	0.1779	0.6581	0.3290	1	-0.0358	-2.0956	0.0361
51286	A	176	LYS	B	154	THR	1.3608	0.6078	0.0512	0.0724	1	0.0853	2.1394	0.0324
51333	A	176	LYS	C	112	PRO	1.3600	0.7079	-0.4943	0.3470	1	0.2775	2.3519	0.0187
51393	A	177	HIP	B	49	ALA	0.7932	0.1162	-0.3151	0.4456	1	0.1872	2.4066	0.0161
51465	A	177	HIP	B	121	GLY	-0.6724	0.3387	0.1618	0.2288	1	-0.0167	-2.0410	0.0413
51505	A	177	HIP	B	161	LEU	0.5001	0.2573	-0.1150	0.1627	1	0.0063	2.0206	0.0433
51507	A	177	HIP	B	163	THR	0.5356	0.2232	-0.1646	0.2328	1	0.0552	2.1712	0.0299
51531	A	177	HIP	B	187	GLU	0.5218	0.1840	-0.0616	0.0872	1	0.1764	2.8664	0.0042
52056	A	180	PHE	B	82	MTS	0.6998	0.3541	-0.6831	0.3485	1	0.3893	2.7836	0.0054
52666	A	183	PRO	B	71	ARG	-0.0675	0.0954	0.6455	0.3229	1	-0.0395	-2.1174	0.0342
52679	A	183	PRO	B	84	GLY	-0.0805	0.1139	0.6184	0.3113	1	-0.0360	-2.1086	0.0350
52779	A	183	PRO	B	184	LEU	-0.0294	0.0416	0.4946	0.2531	1	-0.0112	-2.0435	0.0410
52836	A	184	SER	B	36	GLU	0.4456	0.2261	-0.0171	0.0242	1	0.0078	2.0344	0.0419
52842	A	184	SER	B	42	SER	0.5890	0.2976	-0.0685	0.0969	1	0.0315	2.1008	0.0357
52948	A	184	SER	B	148	ILE	-0.4439	0.2508	0.2444	0.1252	1	-0.1276	-2.4553	0.0141
53240	B	6	ARG	B	33	ASN	-0.2322	0.1222	0.5461	0.3074	1	-0.1166	-2.3524	0.0187
53244	B	6	ARG	B	37	SER	0.2818	0.1849	-0.5859	0.3159	1	0.1357	2.3709	0.0177
53364	B	6	ARG	B	157	THR	-0.1364	0.1928	-0.8516	0.1914	1	0.1719	2.6327	0.0085
53500	B	7	PHE	B	91	VAL	0.1301	0.1840	-0.6262	0.3141	1	0.0282	2.0775	0.0378
53653	B	8	LEU	B	43	ASP	-0.9685	0.6812	0.6960	0.3788	1	-0.1055	-2.1354	0.0327
53802	B	8	LEU	C	103	PRO	1.0080	0.4953	-0.0988	0.1397	1	0.0775	2.1506	0.0315
54052	B	10	GLN	B	43	ASP	-0.5472	0.3152	0.3895	0.2668	1	-0.1109	-2.2686	0.0233
54060	B	10	GLN	B	51	THR	-0.5434	0.2991	0.3080	0.1903	1	-0.1424	-2.4017	0.0163
54158	B	10	GLN	B	149	GLN	0.4675	0.2489	-0.0779	0.1101	1	0.0010	2.0036	0.0451
54654	B	13	PHE	B	54	GLY	-0.8143	0.4640	0.3711	0.2895	1	-0.0915	-2.1673	0.0302
54663	B	13	PHE	B	63	SER	0.3415	0.2726	-0.3835	0.1923	1	0.0578	2.1731	0.0298
54674	B	13	PHE	B	74	ALA	-0.8254	0.0525	0.3329	0.4709	1	-0.2108	-2.4450	0.0145
54741	B	13	PHE	B	141	GLY	-0.8066	0.4620	0.3800	0.2056	1	-0.1753	-2.3467	0.0189
54746	B	13	PHE	B	146	GLY	-0.6225	0.2387	0.1733	0.2451	1	-0.1115	-2.3258	0.0200
54757	B	13	PHE	B	157	THR	-0.5379	0.2690	0.4389	0.2292	1	-0.2700	-2.7639	0.0057
54905	B	14	GLU	B	110	GLN	-0.4138	0.2112	0.0997	0.1410	1	-0.0057	-2.0225	0.0431
55208	B	16	HIP	B	26	LEU	-0.1564	0.2212	0.6364	0.3209	1	-0.0133	-2.0342	0.0419
55272	B	16	HIP	B	90	THR	0.5673	0.3085	-0.7096	0.3649	1	0.3213	2.6724	0.0075
55457	B	17	PHE	B	83	TYR	-0.6078	0.3108	0.0215	0.0305	1	-0.0047	-2.0150	0.0439
55512	B	17	PHE	B	138	GLU	-0.5651	0.2844	0.1211	0.1712	1	-0.0223	-2.0671	0.0387
55709	B	18	PHE	B	144	SER	0.3332	0.4712	-0.9596	0.2161	1	0.2559	2.4937	0.0126
55710	B	18	PHE	B	145	THR	-0.1955	0.1460	0.4174	0.2462	1	-0.0404	-2.1412	0.0323
55749	B	18	PHE	B	184	LEU	-0.4305	0.2160	0.8201	0.4862	1	-0.1865	-2.3506	0.0187
55756	B	18	PHE	C	102	LYS	-0.3789	0.4024	1.4221	0.3680	1	-0.7104	-3.3026	0.0010
55960	B	19	ASN	C	116	GLN	0.0496	0.0701	-0.5953	0.2980	1	0.0326	2.1067	0.0351
56476	B	22	GLU	B	157	THR	0.0377	0.0533	-0.6578	0.3292	1	0.0286	2.0858	0.0370
56644	B	23	ARG	B	139	LYS	0.6043	0.3052	-0.0482	0.0681	1	0.0270	2.0864	0.0369
56797	B	24	VAL	B	107	GLN	-0.0597	0.0845	0.6524	0.3269	1	-0.0369	-2.1092	0.0349
56841	B	24	VAL	B	151	GLY	0.1519	0.2148	-0.6346	0.3178	1	0.0194	2.0504	0.0403
56908	B	25	ARG	B	34	GLN	-0.1241	0.1754	0.6042	0.3068	1	-0.0215	-2.0608	0.0393
56921	B	25	ARG	B	47	TYR	0.0956	0.1352	-0.7039	0.3625	1	0.0257	2.0665	0.0388
56950	B	25	ARG	B	76	ASP	-0.0071	0.0100	0.2070	0.1036	1	-0.0059	-2.0570	0.0397
56958	B	25	ARG	B	84	GLY	-0.6783	0.3401	0.5771	0.3133	1	-0.3307	-2.7152	0.0066
57051	B	25	ARG	B	177	HIE	0.4599	0.3823	-0.5204	0.3017	1	0.0064	2.0131	0.0441
57227	B	26	LEU	B	170	VAL	-0.7290	0.3822	0.4405	0.2932	1	-0.2061	-2.4279	0.0152
57687	B	29	ARG	B	87	GLU	0.4798	0.3578	-0.7814	0.4986	1	0.0339	2.0552	0.0399
57702	B	29	ARG	B	102	TYR	0.5047	0.3220	-0.6639	0.3524	1	0.2139	2.4481	0.0144
57779	B	29	ARG	B	179	SER	-0.5780	0.4475	0.6589	0.3917	1	-0.0474	-2.0798	0.0375
57842	B	30	CYS	B	63	SER	-0.0392	0.0555	0.6347	0.3189	1	-0.0266	-2.0821	0.0373
57862	B	30	CYS	B	83	TYR	-0.7619	0.4202	0.5585	0.2811	1	-0.3093	-2.6117	0.0090
57908	B	30	CYS	B	129	VAL	0.8466	0.5517	-0.6389	0.3222	1	0.2078	2.3252	0.0201
58154	B	31	ILE	C	108	ARG	0.1151	0.1628	-0.4937	0.2525	1	0.0079	2.0262	0.0427
58256	B	32	TYR	B	122	PHE	0.1387	0.1961	-0.6568	0.3369	1	0.0159	2.0407	0.0413
58383	B	33	ASN	B	73	ALA	-0.6803	0.3456	0.0386	0.0546	1	-0.0192	-2.0548	0.0399
58574	B	34	GLN	B	89	PHE	0.0483	0.0683	0.9062	0.2027	1	-0.4302	-4.0116	0.0001
58672	B	34	GLN	B	187	GLU	-0.5293	0.2648	0.2557	0.1599	1	-0.1662	-2.5373	0.0112
58676	B	34	GLN	C	102	LYS	0.3027	0.4281	-1.0374	0.4847	1	0.0468	2.0723	0.0382
58698	B	35	GLU	B	39	ARG	0.4175	0.2517	-0.4217	0.2109	1	0.1825	2.5557	0.0106
59052	B	37	SER	B	48	ARG	-0.6187	0.3170	0.6758	0.3659	1	-0.3263	-2.6739	0.0075
59139	B	37	SER	B	135	GLY	-0.8780	0.0794	0.1178	0.1666	1	-0.6266	-5.3946	0.0000
59391	B	39	ARG	B	46	GLU	0.5406	0.2822	-0.8558	0.6353	1	0.0061	2.0087	0.0446
59404	B	39	ARG	B	59	GLU	-0.1360	0.1924	0.6477	0.3239	1	-0.0304	-2.0807	0.0375
59597	B	40	PHE	B	83	TYR	-0.3041	0.1656	1.4010	0.7872	1	-0.0963	-2.1197	0.0340
59682	B	40	PHE	B	168	GLY	-0.0856	0.1211	0.6434	0.3217	1	-0.0415	-2.1208	0.0339
59705	B	40	PHE	C	102	LYS	0.0789	0.1116	-1.0368	0.1491	1	0.7433	5.9916	0.0000
59917	B	42	SER	B	68	LEU	0.6626	0.3314	-0.0652	0.0922	1	0.0399	2.1160	0.0343
59922	B	42	SER	B	73	ALA	0.8096	0.2996	0.0807	0.1141	1	0.0877	2.2734	0.0230
59994	B	42	SER	B	145	THR	-0.6376	0.3217	0.4194	0.2304	1	-0.2656	-2.6712	0.0076
60109	B	43	ASP	B	94	ARG	0.4696	0.3095	-0.5247	0.2627	1	0.1822	2.4489	0.0143
60153	B	43	ASP	B	138	GLU	-0.8173	0.4744	0.5091	0.2553	1	-0.2490	-2.4621	0.0138
60392	B	45	GLY	B	48	ARG	0.2874	0.3068	-0.6336	0.3206	1	0.0336	2.0758	0.0379
60448	B	45	GLY	B	104	SER	-0.4790	0.2401	0.4160	0.3106	1	-0.1099	-2.2799	0.0226
60468	B	45	GLY	B	124	PRO	-0.3603	0.2439	0.8585	0.5297	1	-0.0525	-2.0900	0.0366
60509	B	45	GLY	B	165	PRO	0.3051	0.4314	-1.2502	0.2734	1	0.5337	3.0449	0.0023
60554	B	46	GLU	B	47	TYR	0.1462	0.2067	-0.7065	0.3720	1	0.0015	2.0036	0.0451
60721	B	47	TYR	B	52	GLU	-0.0934	0.1322	0.8455	0.1808	1	-0.4911	-4.1929	0.0000
60740	B	47	TYR	B	71	ARG	0.0417	0.0589	1.1199	0.1041	1	-0.8390	-9.0156	0.0000
60746	B	47	TYR	B	77	THR	-0.0582	0.0823	1.4523	0.5899	1	-0.3192	-2.5358	0.0112
60767	B	47	TYR	B	98	LYS	-0.3333	0.4714	1.3828	0.6502	1	-0.1099	-2.1368	0.0326
60799	B	47	TYR	B	130	ARG	0.0995	0.1408	-0.4477	0.2250	1	0.0164	2.0619	0.0392
60852	B	47	TYR	B	183	PRO	0.0557	0.0788	-0.2282	0.1161	1	0.0033	2.0238	0.0430
60871	B	47	TYR	C	113	LEU	-0.2671	0.3778	1.0205	0.2230	1	-0.4103	-2.9353	0.0033
60874	B	47	TYR	C	116	GLN	0.0325	0.0460	-0.6920	0.3563	1	0.0061	2.0170	0.0437
60881	B	48	ARG	B	51	THR	-0.6976	0.3533	0.4424	0.4005	1	-0.0719	-2.1347	0.0328
61000	B	48	ARG	B	170	VAL	-0.6437	0.3237	0.3258	0.2992	1	-0.0879	-2.1994	0.0278
61077	B	49	ALA	B	87	GLU	-1.0862	0.1541	-0.0382	0.0541	1	-0.7214	-6.4182	0.0000
61100	B	49	ALA	B	110	GLN	-0.7197	0.3686	0.0815	0.1152	1	-0.0287	-2.0744	0.0380
61173	B	49	ALA	B	183	PRO	-0.9959	0.2326	-0.0624	0.0882	1	-0.4359	-3.7523	0.0002
61177	B	49	ALA	B	187	GLU	-0.8426	0.1282	0.0486	0.0688	1	-0.6002	-6.1248	0.0000
61398	B	51	THR	B	91	VAL	0.5770	0.2887	-0.3372	0.2959	1	0.0875	2.2116	0.0270
61404	B	51	THR	B	97	PRO	-0.1315	0.1860	0.7071	0.3587	1	-0.0305	-2.0754	0.0380
61501	B	51	THR	C	105	SER	-1.2847	0.6007	0.3503	0.3604	1	-0.2342	-2.3343	0.0196
61541	B	52	GLU	B	77	THR	0.4439	0.3919	-1.4281	0.5967	1	0.4443	2.6224	0.0087
61665	B	52	GLU	C	112	PRO	-0.4945	0.0955	0.6744	0.3382	1	-0.4660	-3.3258	0.0009
61789	B	53	LEU	B	169	GLU	0.4055	0.2041	-0.0447	0.0633	1	0.0229	2.1073	0.0351
62160	B	56	PRO	B	78	TYR	0.3282	0.4641	-1.0216	0.3611	1	0.1737	2.2954	0.0217
62226	B	56	PRO	B	144	SER	0.1725	0.2440	1.0834	0.2957	1	-0.1442	-2.3760	0.0175
62495	B	58	ALA	B	110	GLN	0.1643	0.2324	-0.6317	0.3177	1	0.0088	2.0225	0.0431
62808	B	60	TYR	B	124	PRO	0.7210	0.3077	0.0121	0.0171	1	0.0925	2.3001	0.0214
62857	B	60	TYR	B	173	CYX	0.5664	0.1875	-0.2510	0.3549	1	0.0145	2.0362	0.0417
62878	B	60	TYR	C	105	SER	1.0065	0.1494	-0.2179	0.3081	1	0.5395	3.5755	0.0003
62992	B	61	TRP	B	160	MET	-0.6345	0.3179	0.1262	0.1784	1	-0.0315	-2.0865	0.0369
63491	B	65	LYS	B	77	THR	0.5276	0.3119	-0.4577	0.3249	1	0.0845	2.1876	0.0287
63590	B	65	LYS	B	176	GLU	0.7124	0.3629	-0.1428	0.2019	1	0.0247	2.0594	0.0395
63744	B	66	ASP	B	187	GLU	-0.4447	0.2350	0.0763	0.1078	1	-0.0038	-2.0145	0.0440
63776	B	67	LEU	B	77	THR	-0.1116	0.0564	0.0160	0.0226	1	-0.0060	-2.0988	0.0358
64030	B	68	LEU	B	190	ALA	-0.7056	0.3577	0.1728	0.2444	1	-0.0120	-2.0277	0.0426
64231	B	70	GLN	B	112	HIE	-0.4530	0.2265	0.0218	0.0309	1	-0.0176	-2.0771	0.0378
64300	B	70	GLN	B	181	THR	-0.1023	0.1447	0.5524	0.2767	1	-0.0302	-2.0967	0.0360
64355	B	71	ARG	B	98	LYS	0.0455	0.0643	-1.0928	0.5648	1	0.0014	2.0024	0.0452
64660	B	73	ALA	B	130	ARG	0.2620	0.1345	-0.0506	0.0715	1	0.0078	2.0514	0.0402
64693	B	73	ALA	B	163	THR	1.2009	0.2104	-0.0317	0.0448	1	0.8024	5.7301	0.0000
64731	B	73	ALA	C	112	PRO	0.8277	0.3855	-0.1339	0.1894	1	0.1026	2.2390	0.0252
64767	B	74	ALA	B	102	TYR	0.7836	0.4507	-0.5651	0.3205	1	0.2427	2.4389	0.0147
65291	B	78	TYR	B	96	GLU	-0.1753	0.2479	1.2639	0.4618	1	-0.3910	-2.7460	0.0060
65300	B	78	TYR	B	105	LYS	0.0444	0.0628	-0.5005	0.2581	1	0.0136	2.0511	0.0403
65341	B	78	TYR	B	146	GLY	0.6752	0.2078	0.1253	0.1772	1	0.0037	2.0134	0.0441
65516	B	79	CYX	C	102	LYS	0.0983	0.1391	-0.6036	0.3030	1	0.0351	2.1053	0.0353
65560	B	80	ARG	B	106	THR	0.0138	0.0195	-0.6121	0.3066	1	0.0114	2.0372	0.0416
65632	B	80	ARG	B	178	PRO	-0.0695	0.0984	0.6310	0.3193	1	-0.0324	-2.0971	0.0360
65651	B	80	ARG	C	108	ARG	0.1592	0.2252	-0.6936	0.3500	1	0.0205	2.0493	0.0404
65695	B	81	HIP	B	113	ASN	0.7764	0.5294	-0.4209	0.2300	1	0.0428	2.0742	0.0381
65773	B	81	HIP	C	102	LYS	-0.8196	0.4698	0.5418	0.2719	1	-0.2757	-2.5080	0.0121
65793	B	82	MTS	B	84	GLY	0.8213	0.3069	-0.9667	0.6714	1	0.3116	2.4222	0.0154
65812	B	82	MTS	B	103	PRO	0.7853	0.4651	-0.5580	0.2991	1	0.2373	2.4291	0.0151
65823	B	82	MTS	B	114	LEU	-0.5733	0.3164	0.7936	0.4472	1	-0.2712	-2.4951	0.0126
65886	B	82	MTS	B	177	HIE	-0.1725	0.2064	0.8939	0.1831	1	-0.5146	-3.8652	0.0001
65900	B	82	MTS	C	102	LYS	0.4446	0.3748	-0.9504	0.4889	1	0.1630	2.2646	0.0235
66019	B	83	TYR	B	184	LEU	-0.5036	0.2615	0.4110	0.2398	1	-0.2051	-2.5781	0.0099
66155	B	84	GLY	C	106	LYS	-0.7713	0.3777	0.1679	0.2374	1	-0.0470	-2.1054	0.0353
66184	B	85	VAL	B	100	THR	-0.1235	0.1747	0.5501	0.2785	1	-0.0161	-2.0489	0.0405
66439	B	87	GLU	B	110	GLN	-0.6298	0.3180	0.5313	0.3292	1	-0.2458	-2.5370	0.0112
66481	B	87	GLU	B	152	ASP	0.7140	0.3215	-0.1881	0.2660	1	0.0676	2.1621	0.0306
66512	B	87	GLU	B	183	PRO	-0.8363	0.1177	0.6568	0.3298	1	-0.7926	-4.2634	0.0000
66703	B	89	PHE	B	133	ARG	-0.0328	0.0464	0.4698	0.2468	1	-0.0004	-2.0016	0.0453
66726	B	89	PHE	B	156	GLN	0.0930	0.1315	-0.5966	0.3061	1	0.0232	2.0697	0.0385
66990	B	91	VAL	B	183	PRO	-0.5719	0.3126	0.6634	0.3317	1	-0.3237	-2.7102	0.0067
67039	B	92	GLN	B	115	LEU	-0.5903	0.2959	0.0129	0.0182	1	-0.0103	-2.0346	0.0419
67111	B	92	GLN	B	187	GLU	0.5709	0.3184	-0.5850	0.2925	1	0.2911	2.6734	0.0075
67347	B	94	ARG	C	103	PRO	-0.3352	0.1520	0.0409	0.0579	1	-0.0509	-2.3130	0.0207
67480	B	96	GLU	B	98	LYS	0.2739	0.3873	-1.0242	0.3830	1	0.2087	2.3831	0.0172
67726	B	98	LYS	B	121	GLY	0.0252	0.0356	-1.1243	0.2823	1	0.5804	4.0397	0.0001
67730	B	98	LYS	B	125	GLY	-0.1125	0.1591	0.4348	0.2226	1	-0.0001	-2.0002	0.0455
67807	B	98	LYS	C	113	LEU	-0.2694	0.3810	-1.1142	0.1431	1	0.0308	2.0756	0.0379
67825	B	99	VAL	B	110	GLN	0.5207	0.2607	-0.2504	0.2028	1	0.1107	2.3351	0.0195
68002	B	100	THR	B	178	PRO	0.0366	0.0518	-0.4240	0.2144	1	0.0195	2.0885	0.0368
68187	B	102	TYR	B	148	ILE	0.2416	0.4612	-1.1587	0.1472	1	0.4320	2.8923	0.0038
68209	B	102	TYR	B	170	VAL	0.5768	0.2908	-0.8313	0.5012	1	0.2493	2.4302	0.0151
68220	B	102	TYR	B	181	THR	0.5829	0.2930	-0.5270	0.4359	1	0.0594	2.1130	0.0346
68226	B	102	TYR	B	187	GLU	-0.5461	0.3202	0.6989	0.3530	1	-0.2917	-2.6121	0.0090
68229	B	102	TYR	B	190	ALA	-0.1082	0.1530	1.7083	0.7944	1	-0.1985	-2.2453	0.0247
68302	B	103	PRO	B	157	THR	-0.6361	0.3188	0.3594	0.2468	1	-0.1892	-2.4694	0.0135
68339	B	103	PRO	C	105	SER	-0.8494	0.5281	0.3765	0.2562	1	-0.0521	-2.0887	0.0367
68437	B	104	SER	B	187	GLU	-0.5525	0.3456	0.4801	0.3586	1	-0.0366	-2.0736	0.0381
69014	B	110	GLN	B	155	PHE	0.2413	0.3412	-1.3088	0.5186	1	0.3086	2.4971	0.0125
69017	B	110	GLN	B	158	LEU	0.2718	0.3845	-1.1269	0.2222	1	0.5107	3.1502	0.0016
69084	B	111	HIP	B	127	ILE	-0.7424	0.3924	0.2571	0.2278	1	-0.0919	-2.2026	0.0276
69129	B	111	HIP	B	172	THR	0.1723	0.2437	-0.7063	0.3606	1	0.0082	2.0188	0.0435
69200	B	112	HIE	B	146	GLY	-1.0411	0.1342	0.2005	0.2836	1	-0.6141	-3.9576	0.0001
69279	B	113	ASN	B	129	VAL	-0.6601	0.1878	0.5057	0.3470	1	-0.3768	-2.9550	0.0031
69853	B	119	VAL	B	148	ILE	-0.1405	0.1149	0.6081	0.3060	1	-0.0949	-2.2904	0.0220
69936	B	120	SER	B	142	VAL	0.1013	0.1433	-0.5834	0.2973	1	0.0247	2.0749	0.0380
70007	B	121	GLY	B	125	GLY	-0.4304	0.3434	0.5103	0.2889	1	-0.0432	-2.0962	0.0361
70292	B	124	PRO	B	152	ASP	0.4765	0.2134	0.0086	0.0121	1	0.0404	2.1889	0.0286
70695	B	129	VAL	B	145	THR	0.6254	0.3666	-0.3149	0.1849	1	0.1190	2.2899	0.0220
70713	B	129	VAL	B	163	THR	0.4856	0.2433	-0.0120	0.0169	1	0.0099	2.0404	0.0413
71234	B	136	GLN	B	152	ASP	0.6025	0.3153	-0.0521	0.0736	1	0.0071	2.0219	0.0432
71259	B	136	GLN	B	177	HIE	0.5491	0.2884	-0.0989	0.1399	1	0.0069	2.0214	0.0432
71335	B	137	GLU	B	181	THR	0.0549	0.0777	-0.4257	0.2130	1	0.0271	2.1194	0.0341
71481	B	139	LYS	B	186	VAL	-0.6527	0.3266	0.0073	0.0103	1	-0.0066	-2.0201	0.0434
71626	B	141	GLY	C	105	SER	-0.7143	0.3680	0.1578	0.2232	1	-0.0113	-2.0263	0.0427
71696	B	142	VAL	C	108	ARG	-0.1607	0.2272	-0.7380	0.1682	1	0.0120	2.0423	0.0411
71756	B	143	VAL	C	102	LYS	0.0986	0.1394	-0.6202	0.3167	1	0.0267	2.0771	0.0378
71797	B	144	SER	B	167	SER	0.1588	0.2246	-0.9740	0.3215	1	0.3485	2.8886	0.0039
71807	B	144	SER	B	177	HIE	0.2163	0.3059	-0.9786	0.3422	1	0.2770	2.6034	0.0092
71827	B	144	SER	C	108	ARG	-0.2822	0.3992	0.6308	0.1680	1	-0.0469	-2.1082	0.0350
71895	B	145	THR	C	112	PRO	-0.5249	0.3366	0.6045	0.3148	1	-0.2076	-2.4505	0.0143
72060	B	148	ILE	B	180	VAL	0.0797	0.1128	-0.6810	0.3486	1	0.0279	2.0762	0.0379
72296	B	152	ASP	B	182	SER	1.0797	0.3175	-0.1519	0.2149	1	0.4649	3.2128	0.0013
72301	B	152	ASP	B	187	GLU	1.0419	0.0999	0.1793	0.2536	1	0.3175	3.1648	0.0016
72337	B	153	TRP	B	167	SER	-0.2599	0.3675	0.9359	0.3871	1	-0.1282	-2.2402	0.0251
72456	B	155	PHE	B	177	HIE	0.0225	0.0318	-0.8717	0.3440	1	0.2032	2.5882	0.0096
72564	B	157	THR	B	180	VAL	0.0435	0.0616	-0.6315	0.3312	1	0.0012	2.0036	0.0451
72625	B	158	LEU	B	190	ALA	-0.1031	0.1459	-1.6971	0.7310	1	0.1031	2.1383	0.0325
72712	B	160	MET	B	178	PRO	0.5813	0.2932	-0.1126	0.1593	1	0.0267	2.0800	0.0375
72858	B	163	THR	B	183	PRO	-0.7306	0.2770	0.1695	0.2398	1	-0.1675	-2.4571	0.0140
72880	B	163	THR	C	116	GLN	0.5661	0.2841	-0.1308	0.1850	1	0.0189	2.0556	0.0398
72925	B	164	VAL	C	116	GLN	0.3643	0.1934	-0.4688	0.3448	1	0.0425	2.1076	0.0351
73026	B	167	SER	B	177	HIE	0.2108	0.1140	-1.4198	0.6520	1	0.3068	2.4635	0.0138
73033	B	167	SER	B	184	LEU	-0.9030	0.5945	0.6257	0.3268	1	-0.1720	-2.2535	0.0242
73257	B	173	CYX	B	177	HIE	0.5987	0.3115	-0.1088	0.1538	1	0.0126	2.0363	0.0417
73678	B	187	GLU	C	110	ALA	0.3552	0.2948	-0.5798	0.3176	1	0.0684	2.1578	0.0309
73758	C	102	LYS	C	112	PRO	-0.4207	0.2480	0.4820	0.3626	1	-0.0241	-2.0548	0.0399
73775	C	103	PRO	C	112	PRO	0.6942	0.3251	-0.1666	0.2356	1	0.0579	2.1443	0.0320
73854	C	109	MET	C	110	ALA	-0.6213	0.3122	0.0412	0.0583	1	-0.0274	-2.0861	0.0370
