index	seg1	res1	rnm1	seg2	res2	rnm2	aT41A.pcca1	aT41A.pcca1	WT.pcca2	WT.pcca2	lsdm	sdiff	score	pval
							mf	sf	mf	sf				
445	A	6	VAL	A	68	ALA	0.0000	0.0000	1.0171	0.3257	1	-0.3658	-3.1232	0.0018
454	A	6	VAL	A	77	SER	0.0000	0.0000	0.9227	0.0931	1	-0.7365	-9.9137	0.0000
640	A	6	VAL	B	83	TYR	0.0000	0.0000	0.8586	0.1186	1	-0.6215	-7.2405	0.0000
2317	A	11	GLH	A	40	GLU	0.0000	0.0000	0.9812	0.0917	1	-0.7979	-10.7050	0.0000
2338	A	11	GLH	A	61	ALA	0.0000	0.0000	-1.2628	0.2321	1	0.7986	5.4413	0.0000
2492	A	11	GLH	B	35	GLU	0.0000	0.0000	0.8139	0.1375	1	-0.5388	-5.9180	0.0000
2502	A	11	GLH	B	45	GLY	0.0000	0.0000	-0.9965	0.1864	1	0.6237	5.3454	0.0000
3427	A	14	LEU	A	22	PHE	0.0000	0.0000	0.8138	0.2042	1	-0.4055	-3.9861	0.0001
3466	A	14	LEU	A	61	ALA	0.0000	0.0000	-1.4326	0.4277	1	0.5772	3.3495	0.0008
3620	A	14	LEU	B	35	GLU	0.0000	0.0000	0.7267	0.1644	1	-0.3979	-4.4207	0.0000
4595	A	17	ASP	A	83	THR	-0.8758	0.3029	0.0000	0.0000	1	-0.2700	-2.8911	0.0038
4610	A	17	ASP	A	98	GLU	-0.7702	0.3529	0.0000	0.0000	1	-0.0645	-2.1827	0.0291
4714	A	17	ASP	B	22	GLU	0.7198	0.1313	0.0000	0.0000	1	0.4572	5.4822	0.0000
4771	A	17	ASP	B	79	CYX	-0.9822	0.2334	0.0000	0.0000	1	-0.5154	-4.2089	0.0000
6393	A	22	PHE	A	41	MTS	0.4261	0.0913	0.0000	0.0000	1	0.2435	4.6678	0.0000
6445	A	22	PHE	A	93	THR	0.6328	0.2859	0.0000	0.0000	1	0.0610	2.2133	0.0269
6453	A	22	PHE	A	101	GLU	-1.6086	0.7697	0.0000	0.0000	1	-0.0692	-2.0899	0.0366
6530	A	22	PHE	A	178	TRP	-0.5445	0.1874	0.0000	0.0000	1	-0.1698	-2.9064	0.0037
6584	A	22	PHE	B	35	GLU	0.0000	0.0000	-0.3937	0.1720	1	0.0497	2.2888	0.0221
6600	A	22	PHE	B	51	THR	0.0000	0.0000	-0.6678	0.1041	1	0.4596	6.4153	0.0000
6624	A	22	PHE	B	92	GLN	-1.5590	0.5136	0.0000	0.0000	1	-0.5318	-3.0355	0.0024
6648	A	22	PHE	B	116	VAL	-1.7998	0.8062	0.0000	0.0000	1	-0.1873	-2.2324	0.0256
6707	A	22	PHE	B	158	LEU	0.0000	0.0000	0.7934	0.2063	1	-0.3808	-3.8456	0.0001
6740	A	22	PHE	C	102	LYS	0.0000	0.0000	0.6924	0.3391	1	-0.0142	-2.0418	0.0412
7622	A	25	ASH	A	178	TRP	-0.6514	0.2483	0.0000	0.0000	1	-0.1547	-2.6228	0.0087
9675	A	31	ILE	A	74	THR	-0.9844	0.4477	0.0000	0.0000	1	-0.0890	-2.1988	0.0279
9773	A	31	ILE	A	172	GLU	0.5896	0.2902	0.0000	0.0000	1	0.0092	2.0315	0.0422
9865	A	31	ILE	B	84	GLY	-1.3348	0.6282	0.0000	0.0000	1	-0.0784	-2.1248	0.0336
9972	A	31	ILE	C	103	PRO	1.5793	0.5836	0.0000	0.0000	1	0.4121	2.7062	0.0068
10350	A	33	HIP	A	38	LYS	-0.4036	0.1947	0.0000	0.0000	1	-0.0142	-2.0728	0.0382
10365	A	33	HIP	A	53	SER	-0.9662	0.0651	0.0000	0.0000	1	-0.8360	-14.8438	0.0000
10399	A	33	HIP	A	87	PRO	-0.8960	0.3123	0.0000	0.0000	1	-0.2714	-2.8691	0.0041
10430	A	33	HIP	A	118	ASN	1.1080	0.1737	0.0000	0.0000	1	0.7605	6.3774	0.0000
10456	A	33	HIP	A	144	LEU	0.7266	0.3596	0.0000	0.0000	1	0.0073	2.0204	0.0433
10491	A	33	HIP	A	179	GLU	0.6086	0.0444	0.0000	0.0000	1	0.5198	13.7171	0.0000
10563	A	33	HIP	B	71	ARG	-0.1692	0.0833	0.0000	0.0000	1	-0.0026	-2.0310	0.0423
10570	A	33	HIP	B	78	TYR	-0.7555	0.0453	0.0000	0.0000	1	-0.6648	-16.6610	0.0000
10572	A	33	HIP	B	80	ARG	-1.0544	0.4166	0.0000	0.0000	1	-0.2212	-2.5309	0.0114
10594	A	33	HIP	B	102	TYR	-1.2166	0.1903	0.0000	0.0000	1	-0.8360	-6.3919	0.0000
10654	A	33	HIP	B	162	GLU	-0.5346	0.0658	0.0000	0.0000	1	-0.4031	-8.1302	0.0000
10843	A	34	VAL	A	177	HIP	-1.0869	0.0881	0.0000	0.0000	1	-0.9107	-12.3323	0.0000
10938	A	34	VAL	B	92	GLN	-1.0949	0.3578	0.0000	0.0000	1	-0.3792	-3.0596	0.0022
11079	A	35	ASP	A	60	LEU	0.5835	0.1289	0.0000	0.0000	1	0.3257	4.5272	0.0000
11126	A	35	ASP	A	107	CYX	-1.4407	0.7120	0.0000	0.0000	1	-0.0167	-2.0235	0.0430
11175	A	35	ASP	A	156	SER	1.0042	0.0960	0.0000	0.0000	1	0.8122	10.4648	0.0000
11211	A	35	ASP	B	12	LYS	-0.6971	0.0392	0.0000	0.0000	1	-0.6187	-17.7672	0.0000
11345	A	35	ASP	B	146	GLY	-0.8728	0.4328	0.0000	0.0000	1	-0.0072	-2.0167	0.0437
12332	A	38	LYS	B	47	TYR	0.0000	0.0000	0.7854	0.3291	1	-0.1271	-2.3863	0.0170
12356	A	38	LYS	B	71	ARG	0.0000	0.0000	-0.4646	0.1757	1	0.1132	2.6442	0.0082
12371	A	38	LYS	B	119	VAL	0.6879	0.1505	0.0000	0.0000	1	0.3869	4.5707	0.0000
12375	A	38	LYS	B	123	TYR	1.1794	0.4223	0.0000	0.0000	1	0.3348	2.7929	0.0052
12853	A	40	GLU	A	49	GLY	0.0000	0.0000	-1.3858	0.4851	1	0.4156	2.8568	0.0043
12932	A	40	GLU	A	163	CYX	0.7956	0.3783	0.0000	0.0000	1	0.0390	2.1032	0.0354
12972	A	40	GLU	A	168	TRP	0.0000	0.0000	-0.4920	0.1772	1	0.1375	2.7759	0.0055
13040	A	40	GLU	B	56	PRO	0.0000	0.0000	1.5697	0.4948	1	-0.5801	-3.1725	0.0015
13043	A	40	GLU	B	59	GLU	0.0000	0.0000	0.7297	0.1457	1	-0.4383	-5.0080	0.0000
13203	A	41	MTS	A	87	PRO	1.1959	0.5939	0.0000	0.0000	1	0.0080	2.0135	0.0441
13221	A	41	MTS	A	69	ASN	0.0000	0.0000	0.7607	0.1771	1	-0.4066	-4.2961	0.0000
13242	A	41	MTS	A	90	THR	0.0000	0.0000	-0.8715	0.2702	1	0.3311	3.2255	0.0013
13260	A	41	MTS	A	144	LEU	-0.8111	0.0478	0.0000	0.0000	1	-0.7155	-16.9679	0.0000
13267	A	41	MTS	A	151	LEU	-1.1481	0.4460	0.0000	0.0000	1	-0.2561	-2.5741	0.0100
13346	A	41	MTS	B	50	VAL	-1.0612	0.1264	0.0000	0.0000	1	-0.8084	-8.3971	0.0000
13384	A	41	MTS	B	52	GLU	0.0000	0.0000	-0.4630	0.1722	1	0.1186	2.6890	0.0072
13416	A	41	MTS	B	120	SER	0.7440	0.2796	0.0000	0.0000	1	0.1849	2.6613	0.0078
13489	A	41	MTS	B	157	THR	0.0000	0.0000	0.8407	0.2006	1	-0.4395	-4.1908	0.0000
13902	A	43	TRP	A	95	SER	-0.5828	0.2479	0.0000	0.0000	1	-0.0871	-2.3513	0.0187
13919	A	43	TRP	A	74	THR	0.0000	0.0000	0.9311	0.3992	1	-0.1328	-2.3327	0.0197
13921	A	43	TRP	A	76	ARG	0.0000	0.0000	-0.8766	0.1942	1	0.4882	4.5140	0.0000
13926	A	43	TRP	A	119	VAL	1.3164	0.5749	0.0000	0.0000	1	0.1666	2.2897	0.0220
13963	A	43	TRP	A	156	SER	-1.6689	0.6090	0.0000	0.0000	1	-0.4509	-2.7403	0.0061
13985	A	43	TRP	A	178	TRP	1.1852	0.4063	0.0000	0.0000	1	0.3726	2.9172	0.0035
14068	A	43	TRP	B	43	ASP	0.0000	0.0000	-1.4579	0.5378	1	0.3823	2.7108	0.0067
14071	A	43	TRP	B	84	GLY	-1.4694	0.7043	0.0000	0.0000	1	-0.0608	-2.0864	0.0369
14072	A	43	TRP	B	47	TYR	0.0000	0.0000	1.5977	0.6098	1	-0.3780	-2.6198	0.0088
14088	A	43	TRP	B	63	SER	0.0000	0.0000	1.2828	0.3549	1	-0.5730	-3.6147	0.0003
14096	A	43	TRP	B	71	ARG	0.0000	0.0000	-1.1984	0.5171	1	0.1643	2.3176	0.0205
14108	A	43	TRP	B	83	TYR	0.0000	0.0000	1.6575	0.7105	1	-0.2365	-2.3328	0.0197
14177	A	43	TRP	B	190	ALA	0.5951	0.2389	0.0000	0.0000	1	0.1174	2.4914	0.0127
14216	A	43	TRP	C	102	LYS	0.0000	0.0000	-1.0738	0.2489	1	0.5759	4.3137	0.0000
14587	A	45	LEU	A	93	THR	0.5247	0.2493	0.0000	0.0000	1	0.0261	2.1048	0.0353
14600	A	45	LEU	A	106	ILE	1.5082	0.7105	0.0000	0.0000	1	0.0872	2.1227	0.0338
14659	A	45	LEU	A	165	VAL	0.6803	0.3321	0.0000	0.0000	1	0.0161	2.0486	0.0405
14745	A	45	LEU	B	71	ARG	1.0202	0.4240	0.0000	0.0000	1	0.1722	2.4063	0.0161
14746	A	45	LEU	B	72	ARG	-0.3926	0.1821	0.0000	0.0000	1	-0.0284	-2.1559	0.0311
14810	A	45	LEU	B	136	GLN	-0.6699	0.3217	0.0000	0.0000	1	-0.0265	-2.0824	0.0373
14836	A	45	LEU	B	162	GLU	-0.9113	0.0550	0.0000	0.0000	1	-0.8013	-16.5658	0.0000
15253	A	47	GLU	A	76	ARG	0.8918	0.2546	0.0000	0.0000	1	0.3825	3.5022	0.0005
15296	A	47	GLU	A	119	VAL	-1.2312	0.3799	0.0000	0.0000	1	-0.4714	-3.2410	0.0012
15340	A	47	GLU	A	163	CYX	-1.0395	0.1034	0.0000	0.0000	1	-0.8327	-10.0514	0.0000
15543	A	47	GLU	B	186	VAL	-0.2507	0.1249	0.0000	0.0000	1	-0.0010	-2.0082	0.0446
16030	A	49	GLY	A	130	THR	0.0000	0.0000	-0.9891	0.4171	1	0.1548	2.3711	0.0177
16136	A	49	GLY	B	56	PRO	0.0000	0.0000	1.1402	0.4563	1	-0.2275	-2.4985	0.0125
16266	A	49	GLY	B	186	VAL	0.0000	0.0000	-1.0163	0.1530	1	0.7103	6.6425	0.0000
17289	A	53	SER	A	87	PRO	-0.5308	0.2026	0.0000	0.0000	1	-0.1257	-2.6203	0.0088
17320	A	53	SER	A	118	ASN	1.1247	0.3539	0.0000	0.0000	1	0.4170	3.1783	0.0015
17366	A	53	SER	A	164	ARG	-1.5241	0.5301	0.0000	0.0000	1	-0.4639	-2.8752	0.0040
17374	A	53	SER	A	172	GLU	-1.5897	0.6983	0.0000	0.0000	1	-0.1931	-2.2766	0.0228
17484	A	53	SER	B	102	TYR	-1.3087	0.5851	0.0000	0.0000	1	-0.1385	-2.2368	0.0253
17502	A	53	SER	B	120	SER	-1.1735	0.3881	0.0000	0.0000	1	-0.3972	-3.0235	0.0025
17532	A	53	SER	B	150	ASN	0.6045	0.2853	0.0000	0.0000	1	0.0339	2.1187	0.0341
17565	A	53	SER	B	183	PRO	-0.7876	0.1367	0.0000	0.0000	1	-0.5141	-5.7601	0.0000
17584	A	53	SER	C	114	LEU	-1.2238	0.4127	0.0000	0.0000	1	-0.3984	-2.9653	0.0030
19620	A	60	LEU	A	101	GLU	-1.0627	0.2378	0.0000	0.0000	1	-0.5871	-4.4688	0.0000
19742	A	60	LEU	B	43	ASP	1.0045	0.4334	0.0000	0.0000	1	0.1377	2.3178	0.0205
19794	A	60	LEU	B	95	VAL	-0.4132	0.1686	0.0000	0.0000	1	-0.0760	-2.4510	0.0142
19822	A	60	LEU	B	123	TYR	0.6856	0.0366	0.0000	0.0000	1	0.6124	18.7455	0.0000
20255	A	62	ASN	A	83	THR	-0.6156	0.2431	0.0000	0.0000	1	-0.1295	-2.5330	0.0113
20323	A	62	ASN	A	151	LEU	1.9736	0.8661	0.0000	0.0000	1	0.2415	2.2788	0.0227
20543	A	62	ASN	C	103	PRO	-0.5239	0.0885	0.0000	0.0000	1	-0.3468	-5.9166	0.0000
20623	A	63	ILE	A	68	ALA	0.0000	0.0000	1.4501	0.5623	1	-0.3254	-2.5787	0.0099
20632	A	63	ILE	A	77	SER	0.0000	0.0000	1.4334	0.6216	1	-0.1903	-2.3061	0.0211
20640	A	63	ILE	A	85	VAL	0.0000	0.0000	1.8663	0.8464	1	-0.1735	-2.2050	0.0275
20769	A	63	ILE	B	34	GLN	0.0000	0.0000	-0.5542	0.1301	1	0.2941	4.2604	0.0000
20791	A	63	ILE	B	56	PRO	0.0000	0.0000	-0.8075	0.1702	1	0.4671	4.7449	0.0000
20879	A	63	ILE	B	144	SER	0.0000	0.0000	1.2558	0.3998	1	-0.4562	-3.1411	0.0017
22246	A	68	ALA	A	76	ARG	0.0000	0.0000	1.3835	0.6709	1	-0.0416	-2.0620	0.0392
22247	A	68	ALA	A	77	SER	0.0000	0.0000	-1.6026	0.7176	1	0.1674	2.2333	0.0255
22282	A	68	ALA	A	112	PHE	0.0000	0.0000	-0.9634	0.3960	1	0.1714	2.4329	0.0150
22331	A	68	ALA	A	161	TYR	0.0000	0.0000	-1.5757	0.6549	1	0.2659	2.4060	0.0161
22402	A	68	ALA	B	52	GLU	0.0000	0.0000	1.1267	0.5353	1	-0.0562	-2.1049	0.0353
22433	A	68	ALA	B	83	TYR	0.0000	0.0000	-1.5505	0.7501	1	0.0503	2.0670	0.0387
22507	A	68	ALA	B	157	THR	0.0000	0.0000	-1.5733	0.7566	1	0.0601	2.0794	0.0376
22541	A	68	ALA	C	102	LYS	0.0000	0.0000	0.8850	0.2402	1	-0.4046	-3.6843	0.0002
22617	A	69	ASN	A	127	PRO	0.0000	0.0000	-1.3780	0.4908	1	0.3964	2.8076	0.0050
22620	A	69	ASN	A	130	THR	0.0000	0.0000	0.9250	0.2890	1	-0.3471	-3.2013	0.0014
22814	A	69	ASN	B	144	SER	0.0000	0.0000	1.5133	0.6053	1	-0.3028	-2.5003	0.0124
22818	A	69	ASN	B	148	ILE	0.0000	0.0000	-1.2148	0.5706	1	0.0736	2.1289	0.0333
22847	A	69	ASN	B	177	HIE	0.0000	0.0000	1.0599	0.1038	1	-0.8524	-10.2155	0.0000
23245	A	71	GLU	A	118	ASN	0.0000	0.0000	0.8336	0.2898	1	-0.2539	-2.8761	0.0040
23264	A	71	GLU	A	137	PHE	0.0000	0.0000	0.3718	0.0994	1	-0.1731	-3.7422	0.0002
23389	A	71	GLU	B	82	MTS	0.0000	0.0000	-0.7348	0.2370	1	0.2608	3.1006	0.0019
23390	A	71	GLU	B	83	TYR	0.0000	0.0000	1.4488	0.7099	1	-0.0290	-2.0409	0.0413
23436	A	71	GLU	B	129	VAL	0.0000	0.0000	-2.0737	1.0191	1	0.0356	2.0349	0.0419
23464	A	71	GLU	B	157	THR	0.0000	0.0000	-0.3431	0.1307	1	0.0817	2.6252	0.0087
23474	A	71	GLU	B	167	SER	0.0000	0.0000	1.1828	0.4488	1	-0.2852	-2.6354	0.0084
24138	A	74	THR	A	132	VAL	0.6052	0.2584	0.0000	0.0000	1	0.0884	2.3421	0.0192
24202	A	74	THR	A	127	PRO	0.0000	0.0000	2.2875	1.1292	1	-0.0291	-2.0258	0.0428
24218	A	74	THR	B	32	TYR	1.0567	0.0898	0.0000	0.0000	1	0.8772	11.7725	0.0000
24261	A	74	THR	B	6	ARG	0.0000	0.0000	-1.0055	0.4459	1	0.1138	2.2552	0.0241
24281	A	74	THR	B	95	VAL	-0.6712	0.3060	0.0000	0.0000	1	-0.0593	-2.1937	0.0283
24332	A	74	THR	B	146	GLY	0.7702	0.3628	0.0000	0.0000	1	0.0445	2.1227	0.0338
24337	A	74	THR	B	82	MTS	0.0000	0.0000	0.8378	0.2429	1	-0.3521	-3.4495	0.0006
24344	A	74	THR	B	89	PHE	0.0000	0.0000	-1.3807	0.6205	1	0.1397	2.2252	0.0261
24479	A	75	LYS	A	90	THR	0.0000	0.0000	-0.6538	0.2991	1	0.0557	2.1861	0.0288
24556	A	75	LYS	A	167	HIE	0.0000	0.0000	-1.1611	0.5653	1	0.0304	2.0538	0.0400
24575	A	75	LYS	B	6	ARG	0.0000	0.0000	1.3515	0.3506	1	-0.6504	-3.8553	0.0001
24671	A	75	LYS	B	102	TYR	0.0000	0.0000	0.7791	0.0607	1	-0.6577	-12.8406	0.0000
24679	A	75	LYS	B	110	GLN	0.0000	0.0000	-0.6874	0.2163	1	0.2547	3.1773	0.0015
24726	A	75	LYS	B	157	THR	0.0000	0.0000	1.1582	0.1457	1	-0.8669	-7.9503	0.0000
24794	A	76	ARG	A	163	CYX	0.6364	0.0962	0.0000	0.0000	1	0.4440	6.6152	0.0000
24843	A	76	ARG	B	32	TYR	-0.8805	0.2707	0.0000	0.0000	1	-0.3390	-3.2520	0.0011
24848	A	76	ARG	B	37	SER	-1.3560	0.5823	0.0000	0.0000	1	-0.1914	-2.3286	0.0199
24925	A	76	ARG	B	43	ASP	0.0000	0.0000	-1.0841	0.5097	1	0.0647	2.1269	0.0334
24972	A	76	ARG	B	90	THR	0.0000	0.0000	-0.8420	0.3663	1	0.1093	2.2985	0.0215
24992	A	76	ARG	B	181	THR	1.0989	0.3298	0.0000	0.0000	1	0.4394	3.3325	0.0009
25024	A	76	ARG	B	142	VAL	0.0000	0.0000	-0.7706	0.2067	1	0.3572	3.7285	0.0002
25093	A	77	SER	A	79	TYR	0.0000	0.0000	-0.4929	0.1308	1	0.2313	3.7687	0.0002
25116	A	77	SER	A	102	PRO	0.0000	0.0000	-0.4728	0.0514	1	0.3700	9.2003	0.0000
25144	A	77	SER	A	130	THR	0.0000	0.0000	-0.8734	0.2309	1	0.4116	3.7823	0.0002
25175	A	77	SER	A	161	TYR	0.0000	0.0000	-0.5477	0.2588	1	0.0300	2.1160	0.0343
25176	A	77	SER	A	162	ASP	0.0000	0.0000	-0.3577	0.1134	1	0.1308	3.1534	0.0016
25241	A	77	SER	B	47	TYR	0.0000	0.0000	-0.6805	0.1447	1	0.3911	4.7026	0.0000
25277	A	77	SER	B	83	TYR	0.0000	0.0000	-0.7872	0.0673	1	0.6526	11.6931	0.0000
25283	A	77	SER	B	89	PHE	0.0000	0.0000	-0.8244	0.1546	1	0.5152	5.3325	0.0000
25292	A	77	SER	B	98	LYS	0.0000	0.0000	0.2046	0.1023	1	-0.0000	-2.0002	0.0455
25334	A	78	ASN	A	82	ILE	-1.1819	0.1689	0.0000	0.0000	1	-0.8441	-6.9979	0.0000
25384	A	78	ASN	A	132	VAL	-0.6672	0.2179	0.0000	0.0000	1	-0.2314	-3.0617	0.0022
25444	A	78	ASN	B	12	LYS	-1.2043	0.2334	0.0000	0.0000	1	-0.7374	-5.1592	0.0000
26012	A	79	TYR	C	108	ARG	0.0000	0.0000	-0.6125	0.0508	1	0.5109	12.0607	0.0000
26420	A	81	PRO	A	168	TRP	0.0000	0.0000	-0.7446	0.2044	1	0.3358	3.6425	0.0003
26674	A	82	ILE	B	12	LYS	-0.9002	0.2442	0.0000	0.0000	1	-0.4117	-3.6855	0.0002
26684	A	82	ILE	B	22	GLU	0.7446	0.2849	0.0000	0.0000	1	0.1748	2.6135	0.0090
26757	A	82	ILE	B	95	VAL	1.0333	0.2627	0.0000	0.0000	1	0.5080	3.9342	0.0001
27254	A	84	ASN	A	163	CYX	0.3504	0.1694	0.0000	0.0000	1	0.0115	2.0678	0.0387
27284	A	84	ASN	B	13	PHE	0.8216	0.1465	0.0000	0.0000	1	0.5287	5.6098	0.0000
27462	A	84	ASN	C	103	PRO	0.9032	0.1023	0.0000	0.0000	1	0.6986	8.8277	0.0000
27497	A	85	VAL	A	103	ASN	0.6923	0.2672	0.0000	0.0000	1	0.1580	2.5914	0.0096
27538	A	85	VAL	A	144	LEU	-0.8026	0.0423	0.0000	0.0000	1	-0.7180	-18.9661	0.0000
27645	A	85	VAL	A	171	ASP	0.0000	0.0000	1.0359	0.0674	1	-0.9012	-15.3782	0.0000
27646	A	85	VAL	B	72	ARG	1.9145	0.9445	0.0000	0.0000	1	0.0256	2.0271	0.0426
27657	A	85	VAL	B	83	TYR	-0.7900	0.2649	0.0000	0.0000	1	-0.2602	-2.9822	0.0029
27669	A	85	VAL	B	95	VAL	1.2242	0.4981	0.0000	0.0000	1	0.2280	2.4579	0.0140
27674	A	85	VAL	B	20	GLY	0.0000	0.0000	0.8544	0.4268	1	-0.0009	-2.0021	0.0453
27689	A	85	VAL	B	35	GLU	0.0000	0.0000	-0.8870	0.2694	1	0.3482	3.2924	0.0010
27690	A	85	VAL	B	116	VAL	1.2246	0.3744	0.0000	0.0000	1	0.4757	3.2704	0.0011
27699	A	85	VAL	B	45	GLY	0.0000	0.0000	1.6964	0.6488	1	-0.3987	-2.6145	0.0089
28141	A	87	PRO	A	144	LEU	0.7322	0.3449	0.0000	0.0000	1	0.0423	2.1228	0.0338
28220	A	87	PRO	B	43	ASP	0.9953	0.3898	0.0000	0.0000	1	0.2157	2.5534	0.0107
28279	A	87	PRO	B	102	TYR	-1.4329	0.4534	0.0000	0.0000	1	-0.5260	-3.1601	0.0016
28342	A	87	PRO	B	165	PRO	-1.6214	0.6741	0.0000	0.0000	1	-0.2731	-2.4052	0.0162
28373	A	87	PRO	C	108	ARG	-1.0289	0.2292	0.0000	0.0000	1	-0.5705	-4.4896	0.0000
28390	A	88	GLU	A	93	THR	0.4137	0.1923	0.0000	0.0000	1	0.0291	2.1514	0.0314
28432	A	88	GLU	A	135	THR	0.9639	0.3438	0.0000	0.0000	1	0.2763	2.8039	0.0050
28441	A	88	GLU	A	144	LEU	0.5626	0.0978	0.0000	0.0000	1	0.3671	5.7557	0.0000
28476	A	88	GLU	A	179	GLU	0.7374	0.3437	0.0000	0.0000	1	0.0500	2.1455	0.0319
28514	A	88	GLU	B	37	SER	0.8603	0.4007	0.0000	0.0000	1	0.0590	2.1471	0.0318
28527	A	88	GLU	B	50	VAL	0.5351	0.2639	0.0000	0.0000	1	0.0074	2.0280	0.0426
28556	A	88	GLU	B	79	CYX	1.0310	0.3503	0.0000	0.0000	1	0.3303	2.9428	0.0033
28560	A	88	GLU	B	83	TYR	-0.4204	0.2085	0.0000	0.0000	1	-0.0035	-2.0168	0.0437
28613	A	88	GLU	B	136	GLN	-0.5003	0.0843	0.0000	0.0000	1	-0.3317	-5.9336	0.0000
28646	A	88	GLU	B	169	GLU	0.9181	0.2780	0.0000	0.0000	1	0.3621	3.3028	0.0010
28700	A	89	VAL	A	104	VAL	0.7919	0.2096	0.0000	0.0000	1	0.3727	3.7781	0.0002
28809	A	89	VAL	B	33	ASN	-0.7561	0.1976	0.0000	0.0000	1	-0.3608	-3.8258	0.0001
28868	A	89	VAL	B	92	GLN	-0.8811	0.4115	0.0000	0.0000	1	-0.0581	-2.1412	0.0323
28966	A	89	VAL	B	190	ALA	-1.7033	0.6533	0.0000	0.0000	1	-0.3968	-2.6074	0.0091
28989	A	90	THR	A	95	SER	0.8627	0.1875	0.0000	0.0000	1	0.4877	4.6013	0.0000
28992	A	90	THR	A	98	GLU	-0.8072	0.2912	0.0000	0.0000	1	-0.2247	-2.7717	0.0056
29086	A	90	THR	B	12	LYS	-0.9879	0.2411	0.0000	0.0000	1	-0.5056	-4.0968	0.0000
29111	A	90	THR	B	37	SER	-0.7762	0.3422	0.0000	0.0000	1	-0.0918	-2.2683	0.0233
29116	A	90	THR	B	42	SER	1.6821	0.6138	0.0000	0.0000	1	0.4545	2.7404	0.0061
29185	A	90	THR	B	111	HIP	0.8274	0.2794	0.0000	0.0000	1	0.2686	2.9613	0.0031
29210	A	90	THR	B	51	THR	0.0000	0.0000	1.5611	0.7034	1	-0.1542	-2.2191	0.0265
29224	A	90	THR	B	150	ASN	-0.3955	0.1713	0.0000	0.0000	1	-0.0529	-2.3089	0.0209
29316	A	90	THR	B	157	THR	0.0000	0.0000	0.8325	0.1490	1	-0.5345	-5.5866	0.0000
29889	A	93	THR	A	107	CYX	-1.0876	0.0980	0.0000	0.0000	1	-0.8917	-11.1027	0.0000
29975	A	93	THR	B	13	PHE	-1.1585	0.5259	0.0000	0.0000	1	-0.1067	-2.2030	0.0276
29995	A	93	THR	B	33	ASN	0.6637	0.1216	0.0000	0.0000	1	0.4206	5.4599	0.0000
30012	A	93	THR	B	50	VAL	-1.4063	0.5239	0.0000	0.0000	1	-0.3585	-2.6843	0.0073
30098	A	93	THR	B	136	GLN	0.7854	0.1878	0.0000	0.0000	1	0.4098	4.1824	0.0000
30108	A	93	THR	B	146	GLY	-1.0482	0.2650	0.0000	0.0000	1	-0.5182	-3.9557	0.0001
30131	A	93	THR	B	169	GLU	-1.4647	0.5936	0.0000	0.0000	1	-0.2774	-2.4673	0.0136
30475	A	95	SER	A	106	ILE	-1.9720	0.9250	0.0000	0.0000	1	-0.1219	-2.1318	0.0330
30525	A	95	SER	A	156	SER	-1.4051	0.4743	0.0000	0.0000	1	-0.4566	-2.9628	0.0030
30620	A	95	SER	B	71	ARG	-1.3884	0.3812	0.0000	0.0000	1	-0.6260	-3.6422	0.0003
31393	A	98	GLU	A	151	LEU	1.0475	0.4140	0.0000	0.0000	1	0.2195	2.5303	0.0114
32658	A	102	PRO	A	169	GLY	0.0000	0.0000	-0.4219	0.0797	1	0.2625	5.2935	0.0000
32721	A	102	PRO	B	52	GLU	0.0000	0.0000	0.6649	0.3081	1	-0.0487	-2.1580	0.0309
32826	A	102	PRO	B	157	THR	0.0000	0.0000	-0.6307	0.2496	1	0.1314	2.5266	0.0115
32829	A	103	ASN	A	152	PRO	-1.6902	0.6951	0.0000	0.0000	1	-0.3000	-2.4316	0.0150
32836	A	102	PRO	B	167	SER	0.0000	0.0000	0.6896	0.3420	1	-0.0055	-2.0161	0.0438
32840	A	103	ASN	A	163	CYX	0.5826	0.2364	0.0000	0.0000	1	0.1097	2.4642	0.0137
32980	A	103	ASN	B	123	TYR	0.8063	0.2958	0.0000	0.0000	1	0.2148	2.7263	0.0064
33080	A	104	VAL	A	119	VAL	0.7711	0.3302	0.0000	0.0000	1	0.1106	2.3349	0.0195
33096	A	104	VAL	A	135	THR	0.5829	0.2344	0.0000	0.0000	1	0.1142	2.4873	0.0129
33133	A	104	VAL	A	172	GLU	1.2360	0.4389	0.0000	0.0000	1	0.3582	2.8162	0.0049
33184	A	104	VAL	B	43	ASP	-0.5975	0.1813	0.0000	0.0000	1	-0.2349	-3.2957	0.0010
33201	A	104	VAL	B	60	TYR	-0.7089	0.2344	0.0000	0.0000	1	-0.2400	-3.0239	0.0025
33224	A	104	VAL	B	83	TYR	-1.0125	0.5030	0.0000	0.0000	1	-0.0064	-2.0128	0.0441
33225	A	104	VAL	B	84	GLY	-0.6825	0.2092	0.0000	0.0000	1	-0.2641	-3.2626	0.0011
33324	A	104	VAL	B	183	PRO	0.5458	0.2631	0.0000	0.0000	1	0.0196	2.0744	0.0380
33332	A	104	VAL	C	103	PRO	0.7368	0.3289	0.0000	0.0000	1	0.0789	2.2400	0.0251
33343	A	104	VAL	C	114	LEU	0.7315	0.1259	0.0000	0.0000	1	0.4797	5.8095	0.0000
33703	A	106	ILE	A	177	HIP	0.9648	0.4658	0.0000	0.0000	1	0.0332	2.0713	0.0383
33714	A	106	ILE	B	8	LEU	0.8810	0.1140	0.0000	0.0000	1	0.6531	7.7311	0.0000
33798	A	106	ILE	B	92	GLN	0.9635	0.4319	0.0000	0.0000	1	0.0997	2.2308	0.0257
33871	A	106	ILE	B	165	PRO	-1.2265	0.2355	0.0000	0.0000	1	-0.7555	-5.2086	0.0000
33887	A	106	ILE	B	181	THR	0.7545	0.3097	0.0000	0.0000	1	0.1352	2.4365	0.0148
33925	A	107	CYX	A	118	ASN	-1.0235	0.4202	0.0000	0.0000	1	-0.1832	-2.4361	0.0148
33979	A	107	CYX	A	172	GLU	1.6237	0.6559	0.0000	0.0000	1	0.3120	2.4756	0.0133
34030	A	107	CYX	B	43	ASP	-1.2628	0.2277	0.0000	0.0000	1	-0.8075	-5.5471	0.0000
34070	A	107	CYX	B	83	TYR	-0.9923	0.1723	0.0000	0.0000	1	-0.6476	-5.7585	0.0000
34089	A	107	CYX	B	102	TYR	1.1061	0.4631	0.0000	0.0000	1	0.1798	2.3882	0.0169
34168	A	107	CYX	B	181	THR	-0.5922	0.2951	0.0000	0.0000	1	-0.0021	-2.0070	0.0447
35518	A	112	PHE	B	34	GLN	0.0000	0.0000	1.4839	0.7050	1	-0.0738	-2.1047	0.0353
35540	A	112	PHE	B	56	PRO	0.0000	0.0000	0.5093	0.1491	1	-0.2112	-3.4166	0.0006
35555	A	112	PHE	B	71	ARG	0.0000	0.0000	1.0559	0.4951	1	-0.0657	-2.1328	0.0329
35628	A	112	PHE	B	144	SER	0.0000	0.0000	-0.9302	0.2991	1	0.3319	3.1095	0.0019
35661	A	112	PHE	B	177	HIE	0.0000	0.0000	-2.1423	0.9969	1	0.1484	2.1488	0.0316
35675	A	112	PHE	C	102	LYS	0.0000	0.0000	1.3975	0.3887	1	-0.6200	-3.5950	0.0003
35681	A	112	PHE	C	108	ARG	0.0000	0.0000	1.3139	0.3403	1	-0.6332	-3.8606	0.0001
36469	A	116	VAL	A	178	TRP	0.6692	0.3091	0.0000	0.0000	1	0.0509	2.1648	0.0304
36521	A	116	VAL	B	50	VAL	-0.5368	0.2551	0.0000	0.0000	1	-0.0267	-2.1047	0.0353
36542	A	116	VAL	B	71	ARG	-0.9310	0.3626	0.0000	0.0000	1	-0.2058	-2.5675	0.0102
36607	A	116	VAL	B	136	GLN	0.6905	0.1423	0.0000	0.0000	1	0.4060	4.8538	0.0000
36633	A	116	VAL	B	162	GLU	0.8990	0.4332	0.0000	0.0000	1	0.0326	2.0752	0.0380
36661	A	116	VAL	B	190	ALA	1.1669	0.2451	0.0000	0.0000	1	0.6766	4.7603	0.0000
36997	A	118	ASN	A	165	VAL	1.2448	0.5874	0.0000	0.0000	1	0.0700	2.1191	0.0341
37030	A	118	ASN	B	18	PHE	1.1085	0.5357	0.0000	0.0000	1	0.0372	2.0694	0.0385
37083	A	118	ASN	B	71	ARG	0.4465	0.1270	0.0000	0.0000	1	0.1925	3.5155	0.0004
37123	A	118	ASN	B	111	HIP	-0.8727	0.1575	0.0000	0.0000	1	-0.5577	-5.5412	0.0000
37132	A	118	ASN	B	120	SER	1.3691	0.3598	0.0000	0.0000	1	0.6494	3.8047	0.0001
37203	A	118	ASN	B	78	TYR	0.0000	0.0000	-1.1772	0.2282	1	0.7207	5.1582	0.0000
37235	A	119	VAL	A	134	GLU	-1.0938	0.2111	0.0000	0.0000	1	-0.6716	-5.1807	0.0000
37253	A	119	VAL	A	152	PRO	0.9764	0.2217	0.0000	0.0000	1	0.5329	4.4034	0.0000
37282	A	118	ASN	B	157	THR	0.0000	0.0000	0.5940	0.2142	1	-0.1656	-2.7728	0.0056
37290	A	118	ASN	B	165	PRO	0.0000	0.0000	-0.8610	0.1789	1	0.5031	4.8115	0.0000
37365	A	119	VAL	B	84	GLY	0.6602	0.3228	0.0000	0.0000	1	0.0146	2.0453	0.0408
37472	A	119	VAL	C	103	PRO	-0.6120	0.2291	0.0000	0.0000	1	-0.1538	-2.6714	0.0076
39014	A	125	GLY	B	20	GLY	0.0000	0.0000	1.2344	0.3334	1	-0.5676	-3.7026	0.0002
39057	A	125	GLY	B	63	SER	0.0000	0.0000	1.3077	0.4473	1	-0.4130	-2.9234	0.0035
39065	A	125	GLY	B	71	ARG	0.0000	0.0000	-0.8402	0.2373	1	0.3655	3.5401	0.0004
39072	A	125	GLY	B	78	TYR	0.0000	0.0000	0.7072	0.1926	1	-0.3221	-3.6723	0.0002
39469	A	127	PRO	A	130	THR	0.0000	0.0000	0.6989	0.2392	1	-0.2205	-2.9220	0.0035
39575	A	127	PRO	B	56	PRO	0.0000	0.0000	-0.4925	0.2418	1	0.0088	2.0365	0.0417
40280	A	130	THR	A	161	TYR	0.0000	0.0000	-1.2105	0.3267	1	0.5571	3.7055	0.0002
40281	A	130	THR	A	162	ASP	0.0000	0.0000	-0.4106	0.1608	1	0.0891	2.5543	0.0106
40286	A	130	THR	A	167	HIE	0.0000	0.0000	1.0706	0.2769	1	-0.5169	-3.8669	0.0001
40305	A	130	THR	B	6	ARG	0.0000	0.0000	-1.3803	0.3328	1	0.7147	4.1473	0.0000
40346	A	130	THR	B	47	TYR	0.0000	0.0000	-1.0249	0.2134	1	0.5981	4.8023	0.0000
40381	A	130	THR	B	82	MTS	0.0000	0.0000	0.4379	0.0190	1	-0.3999	-23.0204	0.0000
40382	A	130	THR	B	83	TYR	0.0000	0.0000	-0.8811	0.1419	1	0.5974	6.2109	0.0000
40388	A	130	THR	B	89	PHE	0.0000	0.0000	-1.1472	0.4717	1	0.2039	2.4322	0.0150
40456	A	130	THR	B	157	THR	0.0000	0.0000	-1.2029	0.2778	1	0.6472	4.3294	0.0000
40464	A	130	THR	B	165	PRO	0.0000	0.0000	1.2066	0.5140	1	-0.1787	-2.3476	0.0189
41194	A	134	GLU	A	178	TRP	-0.6854	0.2279	0.0000	0.0000	1	-0.2296	-3.0077	0.0026
42065	A	137	PHE	A	161	TYR	0.0000	0.0000	0.8641	0.4054	1	-0.0533	-2.1316	0.0330
43745	A	144	LEU	B	64	GLN	-1.0949	0.3773	0.0000	0.0000	1	-0.3404	-2.9022	0.0037
45353	A	151	LEU	A	172	GLU	1.5057	0.6836	0.0000	0.0000	1	0.1386	2.2028	0.0276
45441	A	151	LEU	B	80	ARG	0.8921	0.1022	0.0000	0.0000	1	0.6877	8.7271	0.0000
45463	A	151	LEU	B	102	TYR	0.9134	0.3746	0.0000	0.0000	1	0.1641	2.4381	0.0148
45542	A	151	LEU	B	181	THR	-0.3346	0.1455	0.0000	0.0000	1	-0.0436	-2.3000	0.0214
45544	A	151	LEU	B	183	PRO	1.0677	0.0998	0.0000	0.0000	1	0.8680	10.6970	0.0000
45573	A	152	PRO	A	156	SER	-0.6080	0.1815	0.0000	0.0000	1	-0.2451	-3.3507	0.0008
45759	A	152	PRO	B	162	GLU	-0.3794	0.1596	0.0000	0.0000	1	-0.0603	-2.3778	0.0174
46514	A	156	SER	A	163	CYX	0.6433	0.2927	0.0000	0.0000	1	0.0579	2.1979	0.0280
46591	A	156	SER	B	60	TYR	-0.8741	0.4060	0.0000	0.0000	1	-0.0620	-2.1527	0.0313
47879	A	161	TYR	B	47	TYR	0.0000	0.0000	-1.6909	0.6033	1	0.4842	2.8026	0.0051
48046	A	162	ASP	A	167	HIE	0.0000	0.0000	1.4066	0.5697	1	-0.2672	-2.4690	0.0135
48161	A	162	ASP	B	102	TYR	0.0000	0.0000	-1.2121	0.4788	1	0.2544	2.5312	0.0114
48198	A	163	CYX	B	71	ARG	0.5997	0.2942	0.0000	0.0000	1	0.0113	2.0384	0.0415
48205	A	163	CYX	B	78	TYR	1.1201	0.1386	0.0000	0.0000	1	0.8429	8.0817	0.0000
48238	A	163	CYX	B	111	HIP	-0.9236	0.3245	0.0000	0.0000	1	-0.2747	-2.8467	0.0044
48247	A	163	CYX	B	120	SER	1.4884	0.5030	0.0000	0.0000	1	0.4825	2.9593	0.0031
48318	A	163	CYX	C	103	PRO	-0.7286	0.1290	0.0000	0.0000	1	-0.4706	-5.6492	0.0000
48394	A	164	ARG	B	43	ASP	0.6830	0.3293	0.0000	0.0000	1	0.0244	2.0742	0.0381
48423	A	164	ARG	B	72	ARG	-0.6732	0.3189	0.0000	0.0000	1	-0.0354	-2.1111	0.0348
48520	A	164	ARG	B	169	GLU	0.5765	0.2440	0.0000	0.0000	1	0.0886	2.3633	0.0181
48553	A	164	ARG	C	114	LEU	-1.0083	0.3591	0.0000	0.0000	1	-0.2900	-2.8076	0.0050
48587	A	164	ARG	B	77	THR	0.0000	0.0000	-1.1186	0.4773	1	0.1639	2.3434	0.0191
49168	A	167	HIE	A	169	GLY	0.0000	0.0000	0.7516	0.1562	1	-0.4392	-4.8124	0.0000
49185	A	167	HIE	B	6	ARG	0.0000	0.0000	1.1420	0.4721	1	-0.1977	-2.4187	0.0156
49268	A	167	HIE	B	89	PHE	0.0000	0.0000	0.8514	0.1973	1	-0.4568	-4.3147	0.0000
49369	A	167	HIE	B	190	ALA	0.0000	0.0000	-1.2674	0.4848	1	0.2978	2.6142	0.0089
49440	A	168	TRP	B	40	PHE	0.0000	0.0000	-0.5558	0.2123	1	0.1313	2.6187	0.0088
49451	A	168	TRP	B	51	THR	0.0000	0.0000	-0.7301	0.1965	1	0.3371	3.7153	0.0002
49459	A	168	TRP	B	59	GLU	0.0000	0.0000	-0.3871	0.0468	1	0.2934	8.2653	0.0000
49502	A	168	TRP	B	102	TYR	0.0000	0.0000	-0.7043	0.2665	1	0.1713	2.6431	0.0082
49558	A	168	TRP	B	158	LEU	0.0000	0.0000	0.7665	0.1232	1	-0.5201	-6.2219	0.0000
49602	A	168	TRP	C	113	LEU	0.0000	0.0000	-0.8644	0.1794	1	0.5055	4.8169	0.0000
49709	A	169	GLY	B	89	PHE	0.0000	0.0000	-1.4382	0.6615	1	0.1153	2.1743	0.0297
49777	A	169	GLY	B	157	THR	0.0000	0.0000	-0.9652	0.4294	1	0.1064	2.2478	0.0246
49810	A	169	GLY	B	190	ALA	0.0000	0.0000	1.0508	0.4448	1	-0.1612	-2.3625	0.0182
50139	A	172	GLU	B	32	TYR	-1.3353	0.4885	0.0000	0.0000	1	-0.3583	-2.7335	0.0063
50255	A	172	GLU	B	148	ILE	-0.5351	0.2634	0.0000	0.0000	1	-0.0082	-2.0313	0.0422
51180	A	177	HIP	B	8	LEU	-0.4471	0.2224	0.0000	0.0000	1	-0.0023	-2.0103	0.0444
51264	A	177	HIP	B	92	GLN	-1.8241	0.7565	0.0000	0.0000	1	-0.3112	-2.4114	0.0159
51442	A	178	TRP	B	60	TYR	1.3513	0.5712	0.0000	0.0000	1	0.2088	2.3656	0.0180
51466	A	178	TRP	B	84	GLY	1.2210	0.3072	0.0000	0.0000	1	0.6066	3.9745	0.0001
51544	A	178	TRP	B	162	GLU	-0.5916	0.1784	0.0000	0.0000	1	-0.2348	-3.3161	0.0009
51573	A	178	TRP	C	103	PRO	-0.8058	0.2162	0.0000	0.0000	1	-0.3734	-3.7272	0.0002
51623	A	179	GLU	B	32	TYR	-0.4721	0.1739	0.0000	0.0000	1	-0.1243	-2.7151	0.0066
51655	A	179	GLU	B	64	GLN	-0.7913	0.2856	0.0000	0.0000	1	-0.2201	-2.7706	0.0056
51727	A	179	GLU	B	136	GLN	0.6790	0.1945	0.0000	0.0000	1	0.2900	3.4915	0.0005
51754	A	179	GLU	B	163	THR	-0.8517	0.2278	0.0000	0.0000	1	-0.3960	-3.7385	0.0002
53364	B	6	ARG	B	157	THR	0.0000	0.0000	-0.8516	0.1914	1	0.4688	4.4496	0.0000
53449	B	8	LEU	B	22	GLU	0.7967	0.2978	0.0000	0.0000	1	0.2011	2.6754	0.0075
53491	B	8	LEU	B	64	GLN	-0.9575	0.2203	0.0000	0.0000	1	-0.5169	-4.3460	0.0000
53519	B	8	LEU	B	92	GLN	-0.7331	0.3204	0.0000	0.0000	1	-0.0923	-2.2881	0.0221
53563	B	8	LEU	B	136	GLN	0.5016	0.1221	0.0000	0.0000	1	0.2574	4.1081	0.0000
53608	B	8	LEU	B	181	THR	-0.4116	0.1707	0.0000	0.0000	1	-0.0703	-2.4118	0.0159
54281	B	12	LYS	B	64	GLN	-0.4840	0.2009	0.0000	0.0000	1	-0.0821	-2.4088	0.0160
54413	B	12	LYS	C	108	ARG	0.9318	0.2709	0.0000	0.0000	1	0.3900	3.4398	0.0006
54484	B	13	PHE	B	72	ARG	0.5149	0.1473	0.0000	0.0000	1	0.2203	3.4963	0.0005
54491	B	13	PHE	B	79	CYX	-0.7799	0.2367	0.0000	0.0000	1	-0.3065	-3.2949	0.0010
55675	B	18	PHE	B	110	GLN	0.0000	0.0000	-0.5814	0.1113	1	0.3588	5.2243	0.0000
55709	B	18	PHE	B	144	SER	0.0000	0.0000	-0.9596	0.2161	1	0.5274	4.4410	0.0000
55756	B	18	PHE	C	102	LYS	0.0000	0.0000	1.4221	0.3680	1	-0.6860	-3.8641	0.0001
56007	B	20	GLY	B	63	SER	0.0000	0.0000	-0.7690	0.3340	1	0.1009	2.3022	0.0213
56111	B	20	GLY	B	167	SER	0.0000	0.0000	-0.7055	0.2966	1	0.1124	2.3789	0.0174
56135	B	20	GLY	C	102	LYS	0.0000	0.0000	1.3666	0.3903	1	-0.5860	-3.5015	0.0005
58110	B	32	TYR	B	183	PRO	-0.6214	0.2403	0.0000	0.0000	1	-0.1408	-2.5857	0.0097
58532	B	34	GLN	B	47	TYR	0.0000	0.0000	0.7776	0.3567	1	-0.0641	-2.1796	0.0293
58574	B	34	GLN	B	89	PHE	0.0000	0.0000	0.9062	0.2027	1	-0.5009	-4.4714	0.0000
58614	B	34	GLN	B	129	VAL	0.0000	0.0000	-1.1944	0.2545	1	0.6854	4.6932	0.0000
58676	B	34	GLN	C	102	LYS	0.0000	0.0000	-1.0374	0.4847	1	0.0681	2.1405	0.0323
58736	B	35	GLU	B	77	THR	0.0000	0.0000	1.5325	0.6087	1	-0.3151	-2.5177	0.0118
58842	B	37	SER	B	50	VAL	0.8116	0.1356	0.0000	0.0000	1	0.5404	5.9840	0.0000
59566	B	40	PHE	B	52	GLU	0.0000	0.0000	-0.4038	0.1766	1	0.0507	2.2869	0.0222
59691	B	40	PHE	B	177	HIE	0.0000	0.0000	1.2824	0.6164	1	-0.0496	-2.0804	0.0375
59704	B	42	SER	B	72	ARG	0.3666	0.1642	0.0000	0.0000	1	0.0382	2.2328	0.0256
59705	B	40	PHE	C	102	LYS	0.0000	0.0000	-1.0368	0.1491	1	0.7386	6.9548	0.0000
59748	B	42	SER	B	116	VAL	0.7207	0.3093	0.0000	0.0000	1	0.1021	2.3299	0.0198
59813	B	42	SER	B	181	THR	-0.4011	0.1764	0.0000	0.0000	1	-0.0483	-2.2740	0.0230
59880	B	43	ASP	B	83	TYR	-1.2662	0.4228	0.0000	0.0000	1	-0.4206	-2.9946	0.0027
59892	B	43	ASP	B	95	VAL	0.5641	0.0879	0.0000	0.0000	1	0.3882	6.4145	0.0000
60113	B	43	ASP	B	98	LYS	0.0000	0.0000	-0.6831	0.2743	1	0.1346	2.4908	0.0127
60509	B	45	GLY	B	165	PRO	0.0000	0.0000	-1.2502	0.2734	1	0.7034	4.5724	0.0000
60721	B	47	TYR	B	52	GLU	0.0000	0.0000	0.8455	0.1808	1	-0.4839	-4.6770	0.0000
60740	B	47	TYR	B	71	ARG	0.0000	0.0000	1.1199	0.1041	1	-0.9117	-10.7596	0.0000
60746	B	47	TYR	B	77	THR	0.0000	0.0000	1.4523	0.5899	1	-0.2724	-2.4617	0.0138
60767	B	47	TYR	B	98	LYS	0.0000	0.0000	1.3828	0.6502	1	-0.0823	-2.1266	0.0334
60871	B	47	TYR	C	113	LEU	0.0000	0.0000	1.0205	0.2230	1	-0.5746	-4.5767	0.0000
61003	B	50	VAL	B	79	CYX	-0.8868	0.3790	0.0000	0.0000	1	-0.1288	-2.3398	0.0193
61019	B	50	VAL	B	95	VAL	0.5149	0.2549	0.0000	0.0000	1	0.0052	2.0203	0.0433
61072	B	50	VAL	B	148	ILE	-0.3521	0.1514	0.0000	0.0000	1	-0.0492	-2.3251	0.0201
61541	B	52	GLU	B	77	THR	0.0000	0.0000	-1.4281	0.5967	1	0.2348	2.3935	0.0167
61542	B	52	GLU	B	78	TYR	0.0000	0.0000	-0.3425	0.1457	1	0.0511	2.3509	0.0187
62160	B	56	PRO	B	78	TYR	0.0000	0.0000	-1.0216	0.3611	1	0.2995	2.8294	0.0047
62226	B	56	PRO	B	144	SER	0.0000	0.0000	1.0834	0.2957	1	-0.4920	-3.6636	0.0002
62513	B	60	TYR	B	64	GLN	0.5637	0.2771	0.0000	0.0000	1	0.0096	2.0347	0.0419
62528	B	60	TYR	B	79	CYX	1.4225	0.4946	0.0000	0.0000	1	0.4334	2.8763	0.0040
62533	B	60	TYR	B	84	GLY	-0.9210	0.0432	0.0000	0.0000	1	-0.8345	-21.2973	0.0000
62640	B	60	TYR	C	103	PRO	1.1562	0.1436	0.0000	0.0000	1	0.8690	8.0508	0.0000
63200	B	64	GLN	B	169	GLU	-1.1058	0.4557	0.0000	0.0000	1	-0.1944	-2.4265	0.0152
63202	B	63	SER	B	77	THR	0.0000	0.0000	0.2378	0.1182	1	-0.0013	-2.0113	0.0443
63254	B	63	SER	B	129	VAL	0.0000	0.0000	1.4656	0.4272	1	-0.6113	-3.4311	0.0006
64207	B	71	ARG	C	108	ARG	-1.2208	0.2657	0.0000	0.0000	1	-0.6894	-4.5952	0.0000
64242	B	72	ARG	B	95	VAL	-0.7839	0.3067	0.0000	0.0000	1	-0.1704	-2.5557	0.0106
65123	B	78	TYR	B	181	THR	1.2591	0.6105	0.0000	0.0000	1	0.0381	2.0624	0.0392
65240	B	79	CYX	B	169	GLU	-0.9159	0.3478	0.0000	0.0000	1	-0.2202	-2.6331	0.0085
65282	B	80	ARG	B	83	TYR	0.7165	0.3582	0.0000	0.0000	1	0.0001	2.0003	0.0455
65291	B	78	TYR	B	96	GLU	0.0000	0.0000	1.2639	0.4618	1	-0.3404	-2.7371	0.0062
65315	B	80	ARG	B	116	VAL	-1.3920	0.5184	0.0000	0.0000	1	-0.3552	-2.6852	0.0072
65389	B	80	ARG	B	190	ALA	-1.0262	0.3167	0.0000	0.0000	1	-0.3927	-3.2400	0.0012
65712	B	83	TYR	B	135	GLY	1.3504	0.4408	0.0000	0.0000	1	0.4688	3.0634	0.0022
65725	B	83	TYR	B	148	ILE	0.5044	0.1861	0.0000	0.0000	1	0.1323	2.7108	0.0067
65767	B	83	TYR	B	190	ALA	1.3677	0.4292	0.0000	0.0000	1	0.5094	3.1869	0.0014
65886	B	82	MTS	B	177	HIE	0.0000	0.0000	0.8939	0.1831	1	-0.5277	-4.8826	0.0000
66831	B	90	THR	B	142	VAL	0.0000	0.0000	-1.5739	0.6658	1	0.2423	2.3639	0.0181
67134	B	95	VAL	B	135	GLY	-0.4419	0.2048	0.0000	0.0000	1	-0.0323	-2.1577	0.0310
67168	B	95	VAL	B	169	GLU	0.9791	0.1158	0.0000	0.0000	1	0.7475	8.4563	0.0000
67480	B	96	GLU	B	98	LYS	0.0000	0.0000	-1.0242	0.3830	1	0.2582	2.6743	0.0075
67726	B	98	LYS	B	121	GLY	0.0000	0.0000	-1.1243	0.2823	1	0.5597	3.9825	0.0001
67807	B	98	LYS	C	113	LEU	0.0000	0.0000	-1.1142	0.1431	1	0.8280	7.7858	0.0000
67945	B	102	TYR	B	183	PRO	-0.7091	0.0284	0.0000	0.0000	1	-0.6524	-24.9935	0.0000
68187	B	102	TYR	B	148	ILE	0.0000	0.0000	-1.1587	0.1472	1	0.8642	7.8707	0.0000
68225	B	102	TYR	B	186	VAL	0.0000	0.0000	-1.0497	0.3115	1	0.4267	3.3699	0.0008
68229	B	102	TYR	B	190	ALA	0.0000	0.0000	1.7083	0.7944	1	-0.1195	-2.1504	0.0315
68807	B	111	HIP	B	136	GLN	0.6035	0.2772	0.0000	0.0000	1	0.0491	2.1773	0.0295
68861	B	111	HIP	B	190	ALA	0.6472	0.2964	0.0000	0.0000	1	0.0543	2.1832	0.0290
69014	B	110	GLN	B	155	PHE	0.0000	0.0000	-1.3088	0.5186	1	0.2717	2.5239	0.0116
69017	B	110	GLN	B	158	LEU	0.0000	0.0000	-1.1269	0.2222	1	0.6826	5.0724	0.0000
69260	B	116	VAL	B	119	VAL	0.7819	0.2430	0.0000	0.0000	1	0.2959	3.2175	0.0013
69343	B	116	VAL	C	114	LEU	-0.8225	0.1937	0.0000	0.0000	1	-0.4352	-4.2470	0.0000
69534	B	119	VAL	B	123	TYR	-0.8574	0.1483	0.0000	0.0000	1	-0.5608	-5.7808	0.0000
69919	B	123	TYR	B	162	GLU	0.7797	0.0947	0.0000	0.0000	1	0.5903	8.2362	0.0000
70845	B	135	GLY	B	146	GLY	0.8708	0.3702	0.0000	0.0000	1	0.1305	2.3526	0.0186
70917	B	136	GLN	B	146	GLY	1.3687	0.3522	0.0000	0.0000	1	0.6643	3.8863	0.0001
71584	B	146	GLY	B	148	ILE	-0.5400	0.2496	0.0000	0.0000	1	-0.0407	-2.1631	0.0305
71696	B	142	VAL	C	108	ARG	0.0000	0.0000	-0.7380	0.1682	1	0.4017	4.3889	0.0000
71707	B	148	ILE	B	150	ASN	-0.7361	0.3617	0.0000	0.0000	1	-0.0128	-2.0353	0.0418
71726	B	148	ILE	B	169	GLU	-0.7026	0.1977	0.0000	0.0000	1	-0.3073	-3.5545	0.0004
71797	B	144	SER	B	167	SER	0.0000	0.0000	-0.9740	0.3215	1	0.3311	3.0298	0.0024
71807	B	144	SER	B	177	HIE	0.0000	0.0000	-0.9786	0.3422	1	0.2942	2.8599	0.0042
71827	B	144	SER	C	108	ARG	0.0000	0.0000	0.6308	0.1680	1	-0.2947	-3.7539	0.0002
71843	B	150	ASN	B	169	GLU	-1.2354	0.5818	0.0000	0.0000	1	-0.0718	-2.1234	0.0337
72337	B	153	TRP	B	167	SER	0.0000	0.0000	0.9359	0.3871	1	-0.1617	-2.4176	0.0156
72372	B	153	TRP	C	113	LEU	0.0000	0.0000	-1.7046	0.8232	1	0.0582	2.0707	0.0384
72456	B	155	PHE	B	177	HIE	0.0000	0.0000	-0.8717	0.3440	1	0.1837	2.5340	0.0113
72625	B	158	LEU	B	190	ALA	0.0000	0.0000	-1.6971	0.7310	1	0.2351	2.3216	0.0203
73026	B	167	SER	B	177	HIE	0.0000	0.0000	-1.4198	0.6520	1	0.1158	2.1777	0.0294
