rgn1	rgn2	aT41A.pcca1	aT41A.pcca1	WT.pcca2	WT.pcca2	lsdm	sdiff	score	pval
		mf	sf	mf	sf				
K106b	L113b	-0.5853	0.2932	0.0178	0.0252	1	-0.0146	-2.0494	0.0404
K106b	L113s	-0.5853	0.2932	0.0178	0.0252	1	-0.0146	-2.0494	0.0404
K106s	L113b	-0.5853	0.2932	0.0178	0.0252	1	-0.0146	-2.0494	0.0404
K106s	L113s	-0.5853	0.2932	0.0178	0.0252	1	-0.0146	-2.0494	0.0404
M109b	A117b	-1.2203	0.4888	0.0000	0.0000	1	-0.2426	-2.4964	0.0125
M109b	A117s	-1.2203	0.4888	0.0000	0.0000	1	-0.2426	-2.4964	0.0125
M109s	A117b	-1.2203	0.4888	0.0000	0.0000	1	-0.2426	-2.4964	0.0125
M109s	A117s	-1.2203	0.4888	0.0000	0.0000	1	-0.2426	-2.4964	0.0125
P103b	L113b	0.6866	0.3452	-0.0418	0.0591	1	0.0280	2.0800	0.0375
P103b	L113s	0.6866	0.3452	-0.0418	0.0591	1	0.0280	2.0800	0.0375
P103b	M120b	-0.7488	0.4153	0.2291	0.1149	1	-0.1161	-2.2694	0.0232
P103b	M120s	-0.7488	0.4153	0.2291	0.1149	1	-0.1161	-2.2694	0.0232
P103b	S105b	0.9907	0.6644	-0.6784	0.4546	1	0.0591	2.0734	0.0381
P103b	S105s	0.9907	0.6644	-0.6784	0.4546	1	0.0591	2.0734	0.0381
P103s	L113b	0.6866	0.3452	-0.0418	0.0591	1	0.0280	2.0800	0.0375
P103s	L113s	0.6866	0.3452	-0.0418	0.0591	1	0.0280	2.0800	0.0375
P103s	M120b	-0.7488	0.4153	0.2291	0.1149	1	-0.1161	-2.2694	0.0232
P103s	M120s	-0.7488	0.4153	0.2291	0.1149	1	-0.1161	-2.2694	0.0232
P103s	S105b	0.9907	0.6644	-0.6784	0.4546	1	0.0591	2.0734	0.0381
P103s	S105s	0.9907	0.6644	-0.6784	0.4546	1	0.0591	2.0734	0.0381
S105b	M109b	1.0118	0.5005	0.0000	0.0000	1	0.0108	2.0215	0.0432
S105b	M109s	1.0118	0.5005	0.0000	0.0000	1	0.0108	2.0215	0.0432
S105s	M109b	1.0118	0.5005	0.0000	0.0000	1	0.0108	2.0215	0.0432
S105s	M109s	1.0118	0.5005	0.0000	0.0000	1	0.0108	2.0215	0.0432
V104b	M115b	0.9576	0.6144	-0.6415	0.3336	1	0.2009	2.2873	0.0222
V104b	M115s	0.9576	0.6144	-0.6415	0.3336	1	0.2009	2.2873	0.0222
V104s	M115b	0.9576	0.6144	-0.6415	0.3336	1	0.2009	2.2873	0.0222
V104s	M115s	0.9576	0.6144	-0.6415	0.3336	1	0.2009	2.2873	0.0222
