rgn1	rgn2	aT41A.pcca1	aT41A.pcca1	bN82A.pcca2	bN82A.pcca2	lsdm	sdiff	score	pval
		mf	sf	mf	sf				
M109b	A117b	-1.2203	0.4888	0.0000	0.0000	1	-0.2426	-2.4964	0.0125
M109b	A117s	-1.2203	0.4888	0.0000	0.0000	1	-0.2426	-2.4964	0.0125
M109s	A117b	-1.2203	0.4888	0.0000	0.0000	1	-0.2426	-2.4964	0.0125
M109s	A117s	-1.2203	0.4888	0.0000	0.0000	1	-0.2426	-2.4964	0.0125
S105b	A117b	1.7112	0.4291	-0.4005	0.5664	1	0.6905	2.9717	0.0030
S105b	A117s	1.7112	0.4291	-0.4005	0.5664	1	0.6905	2.9717	0.0030
S105b	M109b	1.0118	0.5005	0.0000	0.0000	1	0.0108	2.0215	0.0432
S105b	M109s	1.0118	0.5005	0.0000	0.0000	1	0.0108	2.0215	0.0432
S105s	A117b	1.7112	0.4291	-0.4005	0.5664	1	0.6905	2.9717	0.0030
S105s	A117s	1.7112	0.4291	-0.4005	0.5664	1	0.6905	2.9717	0.0030
S105s	M109b	1.0118	0.5005	0.0000	0.0000	1	0.0108	2.0215	0.0432
S105s	M109s	1.0118	0.5005	0.0000	0.0000	1	0.0108	2.0215	0.0432
