rgn1	rgn2	WT.pcca2	WT.pcca2	bN82A.pcca2	bN82A.pcca2	aT41A.pcca1	aT41A.pcca1
		mf	sf	mf	sf	mf	sf
A110b	A117b	-1.1720	3.2015	0.3466	0.4901	-0.5197	0.7350
A110b	A117s	-1.1720	3.2015	0.3466	0.4901	-0.5197	0.7350
A110b	L113b	0.1160	0.1641	0.3626	0.5128	0.3787	0.5355
A110b	L113s	0.1160	0.1641	0.3626	0.5128	0.3787	0.5355
A110b	L114b	0.3313	0.4686	0.0000	0.0000	0.0000	0.0000
A110b	L114s	0.3313	0.4686	0.0000	0.0000	0.0000	0.0000
A110b	L118b	-0.4316	0.3290	0.1334	0.1887	0.0000	0.0000
A110b	L118s	-0.4316	0.3290	0.1334	0.1887	0.0000	0.0000
A110b	M115b	-0.6587	0.5633	0.0000	0.0000	0.6468	0.9147
A110b	M115s	-0.6587	0.5633	0.0000	0.0000	0.6468	0.9147
A110b	M120b	-0.4759	0.5460	0.1295	0.1831	-0.8162	1.1543
A110b	M120s	-0.4759	0.5460	0.1295	0.1831	-0.8162	1.1543
A110b	P112b	18.2918	25.8685	0.0000	0.0000	0.0000	0.0000
A110b	P112s	18.2918	25.8685	0.0000	0.0000	0.0000	0.0000
A110b	P119b	0.3772	0.5334	0.0000	0.0000	0.3712	0.5250
A110b	P119s	0.3772	0.5334	0.0000	0.0000	0.3712	0.5250
A110b	Q116b	-0.1281	0.2838	0.0000	0.0000	0.0000	0.0000
A110b	Q116s	-0.1281	0.2838	0.0000	0.0000	0.0000	0.0000
A110b	T111b	-0.1983	0.2804	0.0000	0.0000	0.9360	1.3237
A110b	T111s	-0.1983	0.2804	0.0000	0.0000	0.9360	1.3237
A110s	A117b	-1.1720	3.2015	0.3466	0.4901	-0.5197	0.7350
A110s	A117s	-1.1720	3.2015	0.3466	0.4901	-0.5197	0.7350
A110s	L113b	0.1160	0.1641	0.3626	0.5128	0.3787	0.5355
A110s	L113s	0.1160	0.1641	0.3626	0.5128	0.3787	0.5355
A110s	L114b	0.3313	0.4686	0.0000	0.0000	0.0000	0.0000
A110s	L114s	0.3313	0.4686	0.0000	0.0000	0.0000	0.0000
A110s	L118b	-0.4316	0.3290	0.1334	0.1887	0.0000	0.0000
A110s	L118s	-0.4316	0.3290	0.1334	0.1887	0.0000	0.0000
A110s	M115b	-0.6587	0.5633	0.0000	0.0000	0.6468	0.9147
A110s	M115s	-0.6587	0.5633	0.0000	0.0000	0.6468	0.9147
A110s	M120b	-0.4759	0.5460	0.1295	0.1831	-0.8162	1.1543
A110s	M120s	-0.4759	0.5460	0.1295	0.1831	-0.8162	1.1543
A110s	P112b	18.2918	25.8685	0.0000	0.0000	0.0000	0.0000
A110s	P112s	18.2918	25.8685	0.0000	0.0000	0.0000	0.0000
A110s	P119b	0.3772	0.5334	0.0000	0.0000	0.3712	0.5250
A110s	P119s	0.3772	0.5334	0.0000	0.0000	0.3712	0.5250
A110s	Q116b	-0.1281	0.2838	0.0000	0.0000	0.0000	0.0000
A110s	Q116s	-0.1281	0.2838	0.0000	0.0000	0.0000	0.0000
A110s	T111b	-0.1983	0.2804	0.0000	0.0000	0.9360	1.3237
A110s	T111s	-0.1983	0.2804	0.0000	0.0000	0.9360	1.3237
A117b	L118b	-1.9240	3.4387	-0.2951	0.4173	-0.5841	1.9258
A117b	L118s	-1.9240	3.4387	-0.2951	0.4173	-0.5841	1.9258
A117b	M120b	0.9963	1.3355	0.1081	1.4469	-1.0938	1.3357
A117b	M120s	0.9963	1.3355	0.1081	1.4469	-1.0938	1.3357
A117b	P119b	0.7171	1.0141	0.0000	0.0000	0.3428	1.1530
A117b	P119s	0.7171	1.0141	0.0000	0.0000	0.3428	1.1530
A117s	L118b	-1.9240	3.4387	-0.2951	0.4173	-0.5841	1.9258
A117s	L118s	-1.9240	3.4387	-0.2951	0.4173	-0.5841	1.9258
A117s	M120b	0.9963	1.3355	0.1081	1.4469	-1.0938	1.3357
A117s	M120s	0.9963	1.3355	0.1081	1.4469	-1.0938	1.3357
A117s	P119b	0.7171	1.0141	0.0000	0.0000	0.3428	1.1530
A117s	P119s	0.7171	1.0141	0.0000	0.0000	0.3428	1.1530
K102b	A110b	0.1943	0.2748	-0.2392	0.3382	0.0000	0.0000
K102b	A110s	0.1943	0.2748	-0.2392	0.3382	0.0000	0.0000
K102b	A117b	-0.4300	0.6081	0.3998	0.5653	0.0000	0.0000
K102b	A117s	-0.4300	0.6081	0.3998	0.5653	0.0000	0.0000
K102b	K106b	0.3951	0.5588	0.0000	0.0000	0.0000	0.0000
K102b	K106s	0.3951	0.5588	0.0000	0.0000	0.0000	0.0000
K102b	L113b	0.0000	0.0000	0.2611	0.3692	0.0000	0.0000
K102b	L113s	0.0000	0.0000	0.2611	0.3692	0.0000	0.0000
K102b	L114b	0.0000	0.0000	0.0000	0.0000	0.0000	0.0000
K102b	L114s	0.0000	0.0000	0.0000	0.0000	0.0000	0.0000
K102b	L118b	0.6149	0.8696	0.4463	0.6312	0.0000	0.0000
K102b	L118s	0.6149	0.8696	0.4463	0.6312	0.0000	0.0000
K102b	M109b	0.0000	0.0000	0.0000	0.0000	0.0000	0.0000
K102b	M109s	0.0000	0.0000	0.0000	0.0000	0.0000	0.0000
K102b	M115b	-0.3252	0.4598	0.0000	0.0000	0.0000	0.0000
K102b	M115s	-0.3252	0.4598	0.0000	0.0000	0.0000	0.0000
K102b	M120b	-0.2387	0.3376	0.0845	0.1195	0.0000	0.0000
K102b	M120s	-0.2387	0.3376	0.0845	0.1195	0.0000	0.0000
K102b	P103b	0.1590	0.2248	0.0000	0.0000	0.0000	0.0000
K102b	P103s	0.1590	0.2248	0.0000	0.0000	0.0000	0.0000
K102b	P112b	3.5908	5.0781	0.0000	0.0000	0.0000	0.0000
K102b	P112s	3.5908	5.0781	0.0000	0.0000	0.0000	0.0000
K102b	P119b	0.0000	0.0000	0.0000	0.0000	0.0000	0.0000
K102b	P119s	0.0000	0.0000	0.0000	0.0000	0.0000	0.0000
K102b	Q116b	0.3533	0.4996	0.0000	0.0000	0.0000	0.0000
K102b	Q116s	0.3533	0.4996	0.0000	0.0000	0.0000	0.0000
K102b	R108b	-0.4791	0.6776	0.4090	0.5784	0.0000	0.0000
K102b	R108s	-0.4791	0.6776	0.4090	0.5784	0.0000	0.0000
K102b	S105b	-0.4059	0.5740	0.3410	0.4822	0.0000	0.0000
K102b	S105s	-0.4059	0.5740	0.3410	0.4822	0.0000	0.0000
K102b	T111b	0.3832	0.5420	0.0000	0.0000	0.0000	0.0000
K102b	T111s	0.3832	0.5420	0.0000	0.0000	0.0000	0.0000
K102b	V104b	-0.4014	0.5676	0.2517	0.3559	0.0000	0.0000
K102b	V104s	-0.4014	0.5676	0.2517	0.3559	0.0000	0.0000
K102b	W107b	-0.4946	0.6995	-0.1734	0.2452	0.0000	0.0000
K102b	W107s	-0.4946	0.6995	-0.1734	0.2452	0.0000	0.0000
K102s	A110b	0.1943	0.2748	-0.2392	0.3382	0.0000	0.0000
K102s	A110s	0.1943	0.2748	-0.2392	0.3382	0.0000	0.0000
K102s	A117b	-0.4300	0.6081	0.3998	0.5653	0.0000	0.0000
K102s	A117s	-0.4300	0.6081	0.3998	0.5653	0.0000	0.0000
K102s	K106b	0.3951	0.5588	0.0000	0.0000	0.0000	0.0000
K102s	K106s	0.3951	0.5588	0.0000	0.0000	0.0000	0.0000
K102s	L113b	0.0000	0.0000	0.2611	0.3692	0.0000	0.0000
K102s	L113s	0.0000	0.0000	0.2611	0.3692	0.0000	0.0000
K102s	L114b	0.0000	0.0000	0.0000	0.0000	0.0000	0.0000
K102s	L114s	0.0000	0.0000	0.0000	0.0000	0.0000	0.0000
K102s	L118b	0.6149	0.8696	0.4463	0.6312	0.0000	0.0000
K102s	L118s	0.6149	0.8696	0.4463	0.6312	0.0000	0.0000
K102s	M109b	0.0000	0.0000	0.0000	0.0000	0.0000	0.0000
K102s	M109s	0.0000	0.0000	0.0000	0.0000	0.0000	0.0000
K102s	M115b	-0.3252	0.4598	0.0000	0.0000	0.0000	0.0000
K102s	M115s	-0.3252	0.4598	0.0000	0.0000	0.0000	0.0000
K102s	M120b	-0.2387	0.3376	0.0845	0.1195	0.0000	0.0000
K102s	M120s	-0.2387	0.3376	0.0845	0.1195	0.0000	0.0000
K102s	P103b	0.1590	0.2248	0.0000	0.0000	0.0000	0.0000
K102s	P103s	0.1590	0.2248	0.0000	0.0000	0.0000	0.0000
K102s	P112b	3.5908	5.0781	0.0000	0.0000	0.0000	0.0000
K102s	P112s	3.5908	5.0781	0.0000	0.0000	0.0000	0.0000
K102s	P119b	0.0000	0.0000	0.0000	0.0000	0.0000	0.0000
K102s	P119s	0.0000	0.0000	0.0000	0.0000	0.0000	0.0000
K102s	Q116b	0.3533	0.4996	0.0000	0.0000	0.0000	0.0000
K102s	Q116s	0.3533	0.4996	0.0000	0.0000	0.0000	0.0000
K102s	R108b	-0.4791	0.6776	0.4090	0.5784	0.0000	0.0000
K102s	R108s	-0.4791	0.6776	0.4090	0.5784	0.0000	0.0000
K102s	S105b	-0.4059	0.5740	0.3410	0.4822	0.0000	0.0000
K102s	S105s	-0.4059	0.5740	0.3410	0.4822	0.0000	0.0000
K102s	T111b	0.3832	0.5420	0.0000	0.0000	0.0000	0.0000
K102s	T111s	0.3832	0.5420	0.0000	0.0000	0.0000	0.0000
K102s	V104b	-0.4014	0.5676	0.2517	0.3559	0.0000	0.0000
K102s	V104s	-0.4014	0.5676	0.2517	0.3559	0.0000	0.0000
K102s	W107b	-0.4946	0.6995	-0.1734	0.2452	0.0000	0.0000
K102s	W107s	-0.4946	0.6995	-0.1734	0.2452	0.0000	0.0000
K106b	A110b	-0.4428	0.9556	0.0000	0.0000	0.4317	0.6106
K106b	A110s	-0.4428	0.9556	0.0000	0.0000	0.4317	0.6106
K106b	A117b	1.7079	1.6769	0.0000	0.0000	0.0415	1.3022
K106b	A117s	1.7079	1.6769	0.0000	0.0000	0.0415	1.3022
K106b	L113b	0.0178	0.0252	0.0000	0.0000	-0.5853	0.2932
K106b	L113s	0.0178	0.0252	0.0000	0.0000	-0.5853	0.2932
K106b	L114b	-0.4717	0.6671	0.0000	0.0000	0.3807	0.5384
K106b	L114s	-0.4717	0.6671	0.0000	0.0000	0.3807	0.5384
K106b	L118b	-0.1573	1.0060	0.0000	0.0000	2.9431	3.4674
K106b	L118s	-0.1573	1.0060	0.0000	0.0000	2.9431	3.4674
K106b	M109b	0.0000	0.0000	0.0000	0.0000	0.4795	1.2000
K106b	M109s	0.0000	0.0000	0.0000	0.0000	0.4795	1.2000
K106b	M115b	0.6599	0.5436	0.0000	0.0000	-0.2269	1.2005
K106b	M115s	0.6599	0.5436	0.0000	0.0000	-0.2269	1.2005
K106b	M120b	-0.2399	0.2255	0.0000	0.0000	0.8935	0.5869
K106b	M120s	-0.2399	0.2255	0.0000	0.0000	0.8935	0.5869
K106b	P112b	8.1884	11.5802	0.0000	0.0000	0.0814	1.0743
K106b	P112s	8.1884	11.5802	0.0000	0.0000	0.0814	1.0743
K106b	P119b	-0.1116	0.1579	0.0000	0.0000	0.3459	1.2661
K106b	P119s	-0.1116	0.1579	0.0000	0.0000	0.3459	1.2661
K106b	Q116b	0.0313	0.8146	0.0000	0.0000	0.3525	0.4986
K106b	Q116s	0.0313	0.8146	0.0000	0.0000	0.3525	0.4986
K106b	R108b	0.2899	0.4099	0.0000	0.0000	0.4387	1.4431
K106b	R108s	0.2899	0.4099	0.0000	0.0000	0.4387	1.4431
K106b	T111b	-0.3688	0.5215	0.0000	0.0000	-0.7576	2.2262
K106b	T111s	-0.3688	0.5215	0.0000	0.0000	-0.7576	2.2262
K106b	W107b	0.3866	0.5467	0.0000	0.0000	-0.1490	1.4369
K106b	W107s	0.3866	0.5467	0.0000	0.0000	-0.1490	1.4369
K106s	A110b	-0.4428	0.9556	0.0000	0.0000	0.4317	0.6106
K106s	A110s	-0.4428	0.9556	0.0000	0.0000	0.4317	0.6106
K106s	A117b	1.7079	1.6769	0.0000	0.0000	0.0415	1.3022
K106s	A117s	1.7079	1.6769	0.0000	0.0000	0.0415	1.3022
K106s	L113b	0.0178	0.0252	0.0000	0.0000	-0.5853	0.2932
K106s	L113s	0.0178	0.0252	0.0000	0.0000	-0.5853	0.2932
K106s	L114b	-0.4717	0.6671	0.0000	0.0000	0.3807	0.5384
K106s	L114s	-0.4717	0.6671	0.0000	0.0000	0.3807	0.5384
K106s	L118b	-0.1573	1.0060	0.0000	0.0000	2.9431	3.4674
K106s	L118s	-0.1573	1.0060	0.0000	0.0000	2.9431	3.4674
K106s	M109b	0.0000	0.0000	0.0000	0.0000	0.4795	1.2000
K106s	M109s	0.0000	0.0000	0.0000	0.0000	0.4795	1.2000
K106s	M115b	0.6599	0.5436	0.0000	0.0000	-0.2269	1.2005
K106s	M115s	0.6599	0.5436	0.0000	0.0000	-0.2269	1.2005
K106s	M120b	-0.2399	0.2255	0.0000	0.0000	0.8935	0.5869
K106s	M120s	-0.2399	0.2255	0.0000	0.0000	0.8935	0.5869
K106s	P112b	8.1884	11.5802	0.0000	0.0000	0.0814	1.0743
K106s	P112s	8.1884	11.5802	0.0000	0.0000	0.0814	1.0743
K106s	P119b	-0.1116	0.1579	0.0000	0.0000	0.3459	1.2661
K106s	P119s	-0.1116	0.1579	0.0000	0.0000	0.3459	1.2661
K106s	Q116b	0.0313	0.8146	0.0000	0.0000	0.3525	0.4986
K106s	Q116s	0.0313	0.8146	0.0000	0.0000	0.3525	0.4986
K106s	R108b	0.2899	0.4099	0.0000	0.0000	0.4387	1.4431
K106s	R108s	0.2899	0.4099	0.0000	0.0000	0.4387	1.4431
K106s	T111b	-0.3688	0.5215	0.0000	0.0000	-0.7576	2.2262
K106s	T111s	-0.3688	0.5215	0.0000	0.0000	-0.7576	2.2262
K106s	W107b	0.3866	0.5467	0.0000	0.0000	-0.1490	1.4369
K106s	W107s	0.3866	0.5467	0.0000	0.0000	-0.1490	1.4369
L113b	A117b	1.3835	1.9566	-0.2786	0.3940	0.4886	0.3525
L113b	A117s	1.3835	1.9566	-0.2786	0.3940	0.4886	0.3525
L113b	L114b	0.1609	0.2275	0.0000	0.0000	0.3208	0.4537
L113b	L114s	0.1609	0.2275	0.0000	0.0000	0.3208	0.4537
L113b	L118b	-0.0315	0.0445	-0.2361	0.3339	1.3012	1.8401
L113b	L118s	-0.0315	0.0445	-0.2361	0.3339	1.3012	1.8401
L113b	M115b	-0.9613	1.3595	0.0000	0.0000	-0.3530	0.4993
L113b	M115s	-0.9613	1.3595	0.0000	0.0000	-0.3530	0.4993
L113b	M120b	0.4580	0.6477	-0.3534	0.4998	0.7585	0.4811
L113b	M120s	0.4580	0.6477	-0.3534	0.4998	0.7585	0.4811
L113b	P119b	-0.0083	0.0118	0.0000	0.0000	-0.0474	1.0008
L113b	P119s	-0.0083	0.0118	0.0000	0.0000	-0.0474	1.0008
L113b	Q116b	0.0013	0.0018	0.0000	0.0000	0.0000	0.0000
L113b	Q116s	0.0013	0.0018	0.0000	0.0000	0.0000	0.0000
L113s	A117b	1.3835	1.9566	-0.2786	0.3940	0.4886	0.3525
L113s	A117s	1.3835	1.9566	-0.2786	0.3940	0.4886	0.3525
L113s	L114b	0.1609	0.2275	0.0000	0.0000	0.3208	0.4537
L113s	L114s	0.1609	0.2275	0.0000	0.0000	0.3208	0.4537
L113s	L118b	-0.0315	0.0445	-0.2361	0.3339	1.3012	1.8401
L113s	L118s	-0.0315	0.0445	-0.2361	0.3339	1.3012	1.8401
L113s	M115b	-0.9613	1.3595	0.0000	0.0000	-0.3530	0.4993
L113s	M115s	-0.9613	1.3595	0.0000	0.0000	-0.3530	0.4993
L113s	M120b	0.4580	0.6477	-0.3534	0.4998	0.7585	0.4811
L113s	M120s	0.4580	0.6477	-0.3534	0.4998	0.7585	0.4811
L113s	P119b	-0.0083	0.0118	0.0000	0.0000	-0.0474	1.0008
L113s	P119s	-0.0083	0.0118	0.0000	0.0000	-0.0474	1.0008
L113s	Q116b	0.0013	0.0018	0.0000	0.0000	0.0000	0.0000
L113s	Q116s	0.0013	0.0018	0.0000	0.0000	0.0000	0.0000
L114b	A117b	1.3152	1.8600	0.0000	0.0000	-0.6098	0.8623
L114b	A117s	1.3152	1.8600	0.0000	0.0000	-0.6098	0.8623
L114b	L118b	0.2941	0.4159	0.0000	0.0000	-2.7798	3.9312
L114b	L118s	0.2941	0.4159	0.0000	0.0000	-2.7798	3.9312
L114b	M115b	0.8146	1.1520	0.0000	0.0000	0.0000	0.0000
L114b	M115s	0.8146	1.1520	0.0000	0.0000	0.0000	0.0000
L114b	M120b	0.3726	0.5269	0.0000	0.0000	-0.3630	0.5134
L114b	M120s	0.3726	0.5269	0.0000	0.0000	-0.3630	0.5134
L114b	P119b	-0.4535	0.6414	0.0000	0.0000	-0.4245	0.6004
L114b	P119s	-0.4535	0.6414	0.0000	0.0000	-0.4245	0.6004
L114b	Q116b	0.0329	0.0465	0.0000	0.0000	0.0000	0.0000
L114b	Q116s	0.0329	0.0465	0.0000	0.0000	0.0000	0.0000
L114s	A117b	1.3152	1.8600	0.0000	0.0000	-0.6098	0.8623
L114s	A117s	1.3152	1.8600	0.0000	0.0000	-0.6098	0.8623
L114s	L118b	0.2941	0.4159	0.0000	0.0000	-2.7798	3.9312
L114s	L118s	0.2941	0.4159	0.0000	0.0000	-2.7798	3.9312
L114s	M115b	0.8146	1.1520	0.0000	0.0000	0.0000	0.0000
L114s	M115s	0.8146	1.1520	0.0000	0.0000	0.0000	0.0000
L114s	M120b	0.3726	0.5269	0.0000	0.0000	-0.3630	0.5134
L114s	M120s	0.3726	0.5269	0.0000	0.0000	-0.3630	0.5134
L114s	P119b	-0.4535	0.6414	0.0000	0.0000	-0.4245	0.6004
L114s	P119s	-0.4535	0.6414	0.0000	0.0000	-0.4245	0.6004
L114s	Q116b	0.0329	0.0465	0.0000	0.0000	0.0000	0.0000
L114s	Q116s	0.0329	0.0465	0.0000	0.0000	0.0000	0.0000
L118b	M120b	-0.1405	0.7195	-0.2539	0.3590	-0.6094	0.8618
L118b	M120s	-0.1405	0.7195	-0.2539	0.3590	-0.6094	0.8618
L118b	P119b	0.2487	0.3518	0.0000	0.0000	-2.3739	2.8354
L118b	P119s	0.2487	0.3518	0.0000	0.0000	-2.3739	2.8354
L118s	M120b	-0.1405	0.7195	-0.2539	0.3590	-0.6094	0.8618
L118s	M120s	-0.1405	0.7195	-0.2539	0.3590	-0.6094	0.8618
L118s	P119b	0.2487	0.3518	0.0000	0.0000	-2.3739	2.8354
L118s	P119s	0.2487	0.3518	0.0000	0.0000	-2.3739	2.8354
M109b	A110b	0.0000	0.0000	0.0000	0.0000	-0.0252	0.0356
M109b	A110s	0.0000	0.0000	0.0000	0.0000	-0.0252	0.0356
M109b	A117b	0.0000	0.0000	0.0000	0.0000	-1.2203	0.4888
M109b	A117s	0.0000	0.0000	0.0000	0.0000	-1.2203	0.4888
M109b	L113b	0.0000	0.0000	0.0000	0.0000	0.6031	0.3113
M109b	L113s	0.0000	0.0000	0.0000	0.0000	0.6031	0.3113
M109b	L114b	0.0000	0.0000	0.0000	0.0000	-0.3982	0.5631
M109b	L114s	0.0000	0.0000	0.0000	0.0000	-0.3982	0.5631
M109b	L118b	0.0000	0.0000	0.0000	0.0000	-0.6925	2.2551
M109b	L118s	0.0000	0.0000	0.0000	0.0000	-0.6925	2.2551
M109b	M115b	0.0000	0.0000	0.0000	0.0000	0.7245	0.7088
M109b	M115s	0.0000	0.0000	0.0000	0.0000	0.7245	0.7088
M109b	M120b	0.0000	0.0000	0.0000	0.0000	-0.6679	0.6371
M109b	M120s	0.0000	0.0000	0.0000	0.0000	-0.6679	0.6371
M109b	P112b	0.0000	0.0000	0.0000	0.0000	-0.5973	0.3230
M109b	P112s	0.0000	0.0000	0.0000	0.0000	-0.5973	0.3230
M109b	P119b	0.0000	0.0000	0.0000	0.0000	0.2560	1.0959
M109b	P119s	0.0000	0.0000	0.0000	0.0000	0.2560	1.0959
M109b	Q116b	0.0000	0.0000	0.0000	0.0000	0.3672	0.5193
M109b	Q116s	0.0000	0.0000	0.0000	0.0000	0.3672	0.5193
M109b	T111b	0.0000	0.0000	0.0000	0.0000	0.5119	0.2622
M109b	T111s	0.0000	0.0000	0.0000	0.0000	0.5119	0.2622
M109s	A110b	0.0000	0.0000	0.0000	0.0000	-0.0252	0.0356
M109s	A110s	0.0000	0.0000	0.0000	0.0000	-0.0252	0.0356
M109s	A117b	0.0000	0.0000	0.0000	0.0000	-1.2203	0.4888
M109s	A117s	0.0000	0.0000	0.0000	0.0000	-1.2203	0.4888
M109s	L113b	0.0000	0.0000	0.0000	0.0000	0.6031	0.3113
M109s	L113s	0.0000	0.0000	0.0000	0.0000	0.6031	0.3113
M109s	L114b	0.0000	0.0000	0.0000	0.0000	-0.3982	0.5631
M109s	L114s	0.0000	0.0000	0.0000	0.0000	-0.3982	0.5631
M109s	L118b	0.0000	0.0000	0.0000	0.0000	-0.6925	2.2551
M109s	L118s	0.0000	0.0000	0.0000	0.0000	-0.6925	2.2551
M109s	M115b	0.0000	0.0000	0.0000	0.0000	0.7245	0.7088
M109s	M115s	0.0000	0.0000	0.0000	0.0000	0.7245	0.7088
M109s	M120b	0.0000	0.0000	0.0000	0.0000	-0.6679	0.6371
M109s	M120s	0.0000	0.0000	0.0000	0.0000	-0.6679	0.6371
M109s	P112b	0.0000	0.0000	0.0000	0.0000	-0.5973	0.3230
M109s	P112s	0.0000	0.0000	0.0000	0.0000	-0.5973	0.3230
M109s	P119b	0.0000	0.0000	0.0000	0.0000	0.2560	1.0959
M109s	P119s	0.0000	0.0000	0.0000	0.0000	0.2560	1.0959
M109s	Q116b	0.0000	0.0000	0.0000	0.0000	0.3672	0.5193
M109s	Q116s	0.0000	0.0000	0.0000	0.0000	0.3672	0.5193
M109s	T111b	0.0000	0.0000	0.0000	0.0000	0.5119	0.2622
M109s	T111s	0.0000	0.0000	0.0000	0.0000	0.5119	0.2622
M115b	A117b	-2.3303	3.3607	-0.4334	0.6129	1.1317	1.0488
M115b	A117s	-2.3303	3.3607	-0.4334	0.6129	1.1317	1.0488
M115b	L118b	-0.3055	0.3793	0.0000	0.0000	-0.3355	0.4744
M115b	L118s	-0.3055	0.3793	0.0000	0.0000	-0.3355	0.4744
M115b	M120b	-0.9598	0.5072	-0.0376	0.0532	0.7295	1.0317
M115b	M120s	-0.9598	0.5072	-0.0376	0.0532	0.7295	1.0317
M115b	P119b	0.9871	1.3960	0.0000	0.0000	-0.6094	0.3048
M115b	P119s	0.9871	1.3960	0.0000	0.0000	-0.6094	0.3048
M115b	Q116b	1.0581	1.0549	0.0000	0.0000	-0.1993	0.2818
M115b	Q116s	1.0581	1.0549	0.0000	0.0000	-0.1993	0.2818
M115s	A117b	-2.3303	3.3607	-0.4334	0.6129	1.1317	1.0488
M115s	A117s	-2.3303	3.3607	-0.4334	0.6129	1.1317	1.0488
M115s	L118b	-0.3055	0.3793	0.0000	0.0000	-0.3355	0.4744
M115s	L118s	-0.3055	0.3793	0.0000	0.0000	-0.3355	0.4744
M115s	M120b	-0.9598	0.5072	-0.0376	0.0532	0.7295	1.0317
M115s	M120s	-0.9598	0.5072	-0.0376	0.0532	0.7295	1.0317
M115s	P119b	0.9871	1.3960	0.0000	0.0000	-0.6094	0.3048
M115s	P119s	0.9871	1.3960	0.0000	0.0000	-0.6094	0.3048
M115s	Q116b	1.0581	1.0549	0.0000	0.0000	-0.1993	0.2818
M115s	Q116s	1.0581	1.0549	0.0000	0.0000	-0.1993	0.2818
MHCII	A110b	0.0431	0.0456	0.0162	0.0230	0.0171	0.0242
MHCII	A110s	0.0431	0.0456	0.0162	0.0230	0.0171	0.0242
MHCII	A117b	0.0972	0.1704	-0.2801	0.2306	0.1253	0.3351
MHCII	A117s	0.0972	0.1704	-0.2801	0.2306	0.1253	0.3351
MHCII	K102b	-0.0084	0.0119	-0.0196	0.0276	0.0000	0.0000
MHCII	K102s	-0.0084	0.0119	-0.0196	0.0276	0.0000	0.0000
MHCII	K106b	-0.1139	0.1462	0.0000	0.0000	-0.1989	0.2372
MHCII	K106s	-0.1139	0.1462	0.0000	0.0000	-0.1989	0.2372
MHCII	L113b	0.0219	0.0309	-0.0351	0.0496	-0.0991	0.1578
MHCII	L113s	0.0219	0.0309	-0.0351	0.0496	-0.0991	0.1578
MHCII	L114b	-0.0755	0.1067	0.0000	0.0000	0.0489	0.0691
MHCII	L114s	-0.0755	0.1067	0.0000	0.0000	0.0489	0.0691
MHCII	L118b	0.0234	0.1529	-0.0453	0.0641	0.6800	0.9512
MHCII	L118s	0.0234	0.1529	-0.0453	0.0641	0.6800	0.9512
MHCII	M109b	0.0000	0.0000	0.0000	0.0000	0.0883	0.1832
MHCII	M109s	0.0000	0.0000	0.0000	0.0000	0.0883	0.1832
MHCII	M115b	-0.0178	0.0312	-0.0343	0.0485	0.0170	0.0792
MHCII	M115s	-0.0178	0.0312	-0.0343	0.0485	0.0170	0.0792
MHCII	M120b	0.1344	0.1448	-0.0094	0.1339	0.1033	0.1687
MHCII	M120s	0.1344	0.1448	-0.0094	0.1339	0.1033	0.1687
MHCII	MHCII	0.0032	0.0297	-0.0460	0.1281	0.0190	0.0349
MHCII	P103b	0.1092	0.1138	0.0000	0.0000	0.0625	0.0705
MHCII	P103s	0.1092	0.1138	0.0000	0.0000	0.0625	0.0705
MHCII	P112b	-0.9202	1.5069	-0.0464	0.0656	-0.0506	0.0558
MHCII	P112s	-0.9202	1.5069	-0.0464	0.0656	-0.0506	0.0558
MHCII	P119b	0.0297	0.0421	0.0000	0.0000	0.1989	0.3031
MHCII	P119s	0.0297	0.0421	0.0000	0.0000	0.1989	0.3031
MHCII	Q116b	0.0294	0.1039	0.0000	0.0000	0.0298	0.0422
MHCII	Q116s	0.0294	0.1039	0.0000	0.0000	0.0298	0.0422
MHCII	R108b	0.0233	0.0329	-0.0552	0.0781	-0.2224	0.5235
MHCII	R108s	0.0233	0.0329	-0.0552	0.0781	-0.2224	0.5235
MHCII	S105b	-0.0932	0.0586	-0.1043	0.1475	-0.0689	0.2472
MHCII	S105s	-0.0932	0.0586	-0.1043	0.1475	-0.0689	0.2472
MHCII	T111b	0.0078	0.0110	0.0002	0.0002	0.0065	0.0858
MHCII	T111s	0.0078	0.0110	0.0002	0.0002	0.0065	0.0858
MHCII	V104b	-0.0557	0.0421	-0.0445	0.0629	-0.0338	0.0879
MHCII	V104s	-0.0557	0.0421	-0.0445	0.0629	-0.0338	0.0879
MHCII	W107b	-0.0341	0.0482	-0.0324	0.0459	0.0269	0.0993
MHCII	W107s	-0.0341	0.0482	-0.0324	0.0459	0.0269	0.0993
P103b	A110b	-0.2927	1.0165	0.0000	0.0000	-0.3848	0.5442
P103b	A110s	-0.2927	1.0165	0.0000	0.0000	-0.3848	0.5442
P103b	A117b	3.8906	5.2266	0.0000	0.0000	-0.7293	0.4004
P103b	A117s	3.8906	5.2266	0.0000	0.0000	-0.7293	0.4004
P103b	K106b	0.4584	1.5611	0.0000	0.0000	0.8646	0.5843
P103b	K106s	0.4584	1.5611	0.0000	0.0000	0.8646	0.5843
P103b	L113b	-0.0418	0.0591	0.0000	0.0000	0.6866	0.3452
P103b	L113s	-0.0418	0.0591	0.0000	0.0000	0.6866	0.3452
P103b	L114b	0.0049	0.0070	0.0000	0.0000	-0.3381	0.4782
P103b	L114s	0.0049	0.0070	0.0000	0.0000	-0.3381	0.4782
P103b	L118b	-0.8069	1.8060	0.0000	0.0000	-2.3879	3.3770
P103b	L118s	-0.8069	1.8060	0.0000	0.0000	-2.3879	3.3770
P103b	M109b	0.0000	0.0000	0.0000	0.0000	-0.7313	0.8567
P103b	M109s	0.0000	0.0000	0.0000	0.0000	-0.7313	0.8567
P103b	M115b	-0.5015	0.4891	0.0000	0.0000	0.3070	0.4342
P103b	M115s	-0.5015	0.4891	0.0000	0.0000	0.3070	0.4342
P103b	M120b	0.2291	0.1149	0.0000	0.0000	-0.7488	0.4153
P103b	M120s	0.2291	0.1149	0.0000	0.0000	-0.7488	0.4153
P103b	P112b	11.0359	15.6071	0.0000	0.0000	0.0682	0.0965
P103b	P112s	11.0359	15.6071	0.0000	0.0000	0.0682	0.0965
P103b	P119b	-0.4364	0.6171	0.0000	0.0000	-0.1931	1.2138
P103b	P119s	-0.4364	0.6171	0.0000	0.0000	-0.1931	1.2138
P103b	Q116b	-0.5548	0.8382	0.0000	0.0000	0.0000	0.0000
P103b	Q116s	-0.5548	0.8382	0.0000	0.0000	0.0000	0.0000
P103b	R108b	0.1749	0.2474	0.0000	0.0000	0.2677	1.0064
P103b	R108s	0.1749	0.2474	0.0000	0.0000	0.2677	1.0064
P103b	S105b	-0.6784	0.4546	0.0000	0.0000	0.9907	0.6644
P103b	S105s	-0.6784	0.4546	0.0000	0.0000	0.9907	0.6644
P103b	T111b	-0.0218	0.0308	0.0000	0.0000	1.0920	1.5444
P103b	T111s	-0.0218	0.0308	0.0000	0.0000	1.0920	1.5444
P103b	V104b	-1.5623	2.1445	0.0000	0.0000	-0.1347	0.1905
P103b	V104s	-1.5623	2.1445	0.0000	0.0000	-0.1347	0.1905
P103b	W107b	-0.0024	0.0033	0.0000	0.0000	0.5550	0.7849
P103b	W107s	-0.0024	0.0033	0.0000	0.0000	0.5550	0.7849
P103s	A110b	-0.2927	1.0165	0.0000	0.0000	-0.3848	0.5442
P103s	A110s	-0.2927	1.0165	0.0000	0.0000	-0.3848	0.5442
P103s	A117b	3.8906	5.2266	0.0000	0.0000	-0.7293	0.4004
P103s	A117s	3.8906	5.2266	0.0000	0.0000	-0.7293	0.4004
P103s	K106b	0.4584	1.5611	0.0000	0.0000	0.8646	0.5843
P103s	K106s	0.4584	1.5611	0.0000	0.0000	0.8646	0.5843
P103s	L113b	-0.0418	0.0591	0.0000	0.0000	0.6866	0.3452
P103s	L113s	-0.0418	0.0591	0.0000	0.0000	0.6866	0.3452
P103s	L114b	0.0049	0.0070	0.0000	0.0000	-0.3381	0.4782
P103s	L114s	0.0049	0.0070	0.0000	0.0000	-0.3381	0.4782
P103s	L118b	-0.8069	1.8060	0.0000	0.0000	-2.3879	3.3770
P103s	L118s	-0.8069	1.8060	0.0000	0.0000	-2.3879	3.3770
P103s	M109b	0.0000	0.0000	0.0000	0.0000	-0.7313	0.8567
P103s	M109s	0.0000	0.0000	0.0000	0.0000	-0.7313	0.8567
P103s	M115b	-0.5015	0.4891	0.0000	0.0000	0.3070	0.4342
P103s	M115s	-0.5015	0.4891	0.0000	0.0000	0.3070	0.4342
P103s	M120b	0.2291	0.1149	0.0000	0.0000	-0.7488	0.4153
P103s	M120s	0.2291	0.1149	0.0000	0.0000	-0.7488	0.4153
P103s	P112b	11.0359	15.6071	0.0000	0.0000	0.0682	0.0965
P103s	P112s	11.0359	15.6071	0.0000	0.0000	0.0682	0.0965
P103s	P119b	-0.4364	0.6171	0.0000	0.0000	-0.1931	1.2138
P103s	P119s	-0.4364	0.6171	0.0000	0.0000	-0.1931	1.2138
P103s	Q116b	-0.5548	0.8382	0.0000	0.0000	0.0000	0.0000
P103s	Q116s	-0.5548	0.8382	0.0000	0.0000	0.0000	0.0000
P103s	R108b	0.1749	0.2474	0.0000	0.0000	0.2677	1.0064
P103s	R108s	0.1749	0.2474	0.0000	0.0000	0.2677	1.0064
P103s	S105b	-0.6784	0.4546	0.0000	0.0000	0.9907	0.6644
P103s	S105s	-0.6784	0.4546	0.0000	0.0000	0.9907	0.6644
P103s	T111b	-0.0218	0.0308	0.0000	0.0000	1.0920	1.5444
P103s	T111s	-0.0218	0.0308	0.0000	0.0000	1.0920	1.5444
P103s	V104b	-1.5623	2.1445	0.0000	0.0000	-0.1347	0.1905
P103s	V104s	-1.5623	2.1445	0.0000	0.0000	-0.1347	0.1905
P103s	W107b	-0.0024	0.0033	0.0000	0.0000	0.5550	0.7849
P103s	W107s	-0.0024	0.0033	0.0000	0.0000	0.5550	0.7849
P112b	A117b	-12.5187	17.7041	-0.0180	0.0254	-1.0913	0.8226
P112b	A117s	-12.5187	17.7041	-0.0180	0.0254	-1.0913	0.8226
P112b	L113b	0.0000	0.0000	0.0000	0.0000	0.4196	0.5934
P112b	L113s	0.0000	0.0000	0.0000	0.0000	0.4196	0.5934
P112b	L114b	0.0000	0.0000	0.0000	0.0000	-0.2877	0.4068
P112b	L114s	0.0000	0.0000	0.0000	0.0000	-0.2877	0.4068
P112b	L118b	33.9150	47.9631	0.0000	0.0000	-2.4816	5.0218
P112b	L118s	33.9150	47.9631	0.0000	0.0000	-2.4816	5.0218
P112b	M115b	5.8994	8.3430	-0.5263	0.7443	0.3138	0.4438
P112b	M115s	5.8994	8.3430	-0.5263	0.7443	0.3138	0.4438
P112b	M120b	-1.0109	1.4296	-0.1942	0.2747	-0.4331	0.6125
P112b	M120s	-1.0109	1.4296	-0.1942	0.2747	-0.4331	0.6125
P112b	P119b	0.0000	0.0000	0.0000	0.0000	-0.1135	1.1280
P112b	P119s	0.0000	0.0000	0.0000	0.0000	-0.1135	1.1280
P112b	Q116b	5.3324	7.5411	0.0000	0.0000	0.2437	0.3447
P112b	Q116s	5.3324	7.5411	0.0000	0.0000	0.2437	0.3447
P112s	A117b	-12.5187	17.7041	-0.0180	0.0254	-1.0913	0.8226
P112s	A117s	-12.5187	17.7041	-0.0180	0.0254	-1.0913	0.8226
P112s	L113b	0.0000	0.0000	0.0000	0.0000	0.4196	0.5934
P112s	L113s	0.0000	0.0000	0.0000	0.0000	0.4196	0.5934
P112s	L114b	0.0000	0.0000	0.0000	0.0000	-0.2877	0.4068
P112s	L114s	0.0000	0.0000	0.0000	0.0000	-0.2877	0.4068
P112s	L118b	33.9150	47.9631	0.0000	0.0000	-2.4816	5.0218
P112s	L118s	33.9150	47.9631	0.0000	0.0000	-2.4816	5.0218
P112s	M115b	5.8994	8.3430	-0.5263	0.7443	0.3138	0.4438
P112s	M115s	5.8994	8.3430	-0.5263	0.7443	0.3138	0.4438
P112s	M120b	-1.0109	1.4296	-0.1942	0.2747	-0.4331	0.6125
P112s	M120s	-1.0109	1.4296	-0.1942	0.2747	-0.4331	0.6125
P112s	P119b	0.0000	0.0000	0.0000	0.0000	-0.1135	1.1280
P112s	P119s	0.0000	0.0000	0.0000	0.0000	-0.1135	1.1280
P112s	Q116b	5.3324	7.5411	0.0000	0.0000	0.2437	0.3447
P112s	Q116s	5.3324	7.5411	0.0000	0.0000	0.2437	0.3447
P119b	M120b	0.1708	0.2416	0.0000	0.0000	0.4129	1.6181
P119b	M120s	0.1708	0.2416	0.0000	0.0000	0.4129	1.6181
P119s	M120b	0.1708	0.2416	0.0000	0.0000	0.4129	1.6181
P119s	M120s	0.1708	0.2416	0.0000	0.0000	0.4129	1.6181
Q116b	A117b	-0.5490	1.4439	0.0000	0.0000	0.3413	0.4827
Q116b	A117s	-0.5490	1.4439	0.0000	0.0000	0.3413	0.4827
Q116b	L118b	-0.0260	0.0454	0.0000	0.0000	-0.2907	0.4111
Q116b	L118s	-0.0260	0.0454	0.0000	0.0000	-0.2907	0.4111
Q116b	M120b	-0.4441	0.3067	0.0000	0.0000	0.0000	0.0000
Q116b	M120s	-0.4441	0.3067	0.0000	0.0000	0.0000	0.0000
Q116b	P119b	-0.2875	0.4067	0.0000	0.0000	-0.3211	0.4541
Q116b	P119s	-0.2875	0.4067	0.0000	0.0000	-0.3211	0.4541
Q116s	A117b	-0.5490	1.4439	0.0000	0.0000	0.3413	0.4827
Q116s	A117s	-0.5490	1.4439	0.0000	0.0000	0.3413	0.4827
Q116s	L118b	-0.0260	0.0454	0.0000	0.0000	-0.2907	0.4111
Q116s	L118s	-0.0260	0.0454	0.0000	0.0000	-0.2907	0.4111
Q116s	M120b	-0.4441	0.3067	0.0000	0.0000	0.0000	0.0000
Q116s	M120s	-0.4441	0.3067	0.0000	0.0000	0.0000	0.0000
Q116s	P119b	-0.2875	0.4067	0.0000	0.0000	-0.3211	0.4541
Q116s	P119s	-0.2875	0.4067	0.0000	0.0000	-0.3211	0.4541
R108b	A110b	0.0832	0.1177	0.4426	0.6260	-0.3849	0.5443
R108b	A110s	0.0832	0.1177	0.4426	0.6260	-0.3849	0.5443
R108b	A117b	-0.2698	0.3816	-1.3492	1.9081	0.6296	2.1185
R108b	A117s	-0.2698	0.3816	-1.3492	1.9081	0.6296	2.1185
R108b	L113b	0.0000	0.0000	-0.8060	1.1399	-0.1374	1.0789
R108b	L113s	0.0000	0.0000	-0.8060	1.1399	-0.1374	1.0789
R108b	L114b	0.0000	0.0000	0.0000	0.0000	0.6840	0.9673
R108b	L114s	0.0000	0.0000	0.0000	0.0000	0.6840	0.9673
R108b	L118b	0.0434	0.0614	-1.5404	2.1784	2.9145	5.8231
R108b	L118s	0.0434	0.0614	-1.5404	2.1784	2.9145	5.8231
R108b	M109b	0.0000	0.0000	0.0000	0.0000	0.8781	1.2942
R108b	M109s	0.0000	0.0000	0.0000	0.0000	0.8781	1.2942
R108b	M115b	-0.4050	0.5728	0.0000	0.0000	0.2355	1.3671
R108b	M115s	-0.4050	0.5728	0.0000	0.0000	0.2355	1.3671
R108b	M120b	0.0838	0.1184	-0.9456	1.3373	-0.1152	1.2200
R108b	M120s	0.0838	0.1184	-0.9456	1.3373	-0.1152	1.2200
R108b	P112b	-7.0222	9.9309	0.0000	0.0000	0.9793	0.5203
R108b	P112s	-7.0222	9.9309	0.0000	0.0000	0.9793	0.5203
R108b	P119b	0.0000	0.0000	0.0000	0.0000	0.4565	1.5199
R108b	P119s	0.0000	0.0000	0.0000	0.0000	0.4565	1.5199
R108b	Q116b	0.3682	0.5208	0.0000	0.0000	-0.3493	0.4939
R108b	Q116s	0.3682	0.5208	0.0000	0.0000	-0.3493	0.4939
R108b	T111b	0.5394	0.7628	0.0000	0.0000	0.3284	1.9839
R108b	T111s	0.5394	0.7628	0.0000	0.0000	0.3284	1.9839
R108s	A110b	0.0832	0.1177	0.4426	0.6260	-0.3849	0.5443
R108s	A110s	0.0832	0.1177	0.4426	0.6260	-0.3849	0.5443
R108s	A117b	-0.2698	0.3816	-1.3492	1.9081	0.6296	2.1185
R108s	A117s	-0.2698	0.3816	-1.3492	1.9081	0.6296	2.1185
R108s	L113b	0.0000	0.0000	-0.8060	1.1399	-0.1374	1.0789
R108s	L113s	0.0000	0.0000	-0.8060	1.1399	-0.1374	1.0789
R108s	L114b	0.0000	0.0000	0.0000	0.0000	0.6840	0.9673
R108s	L114s	0.0000	0.0000	0.0000	0.0000	0.6840	0.9673
R108s	L118b	0.0434	0.0614	-1.5404	2.1784	2.9145	5.8231
R108s	L118s	0.0434	0.0614	-1.5404	2.1784	2.9145	5.8231
R108s	M109b	0.0000	0.0000	0.0000	0.0000	0.8781	1.2942
R108s	M109s	0.0000	0.0000	0.0000	0.0000	0.8781	1.2942
R108s	M115b	-0.4050	0.5728	0.0000	0.0000	0.2355	1.3671
R108s	M115s	-0.4050	0.5728	0.0000	0.0000	0.2355	1.3671
R108s	M120b	0.0838	0.1184	-0.9456	1.3373	-0.1152	1.2200
R108s	M120s	0.0838	0.1184	-0.9456	1.3373	-0.1152	1.2200
R108s	P112b	-7.0222	9.9309	0.0000	0.0000	0.9793	0.5203
R108s	P112s	-7.0222	9.9309	0.0000	0.0000	0.9793	0.5203
R108s	P119b	0.0000	0.0000	0.0000	0.0000	0.4565	1.5199
R108s	P119s	0.0000	0.0000	0.0000	0.0000	0.4565	1.5199
R108s	Q116b	0.3682	0.5208	0.0000	0.0000	-0.3493	0.4939
R108s	Q116s	0.3682	0.5208	0.0000	0.0000	-0.3493	0.4939
R108s	T111b	0.5394	0.7628	0.0000	0.0000	0.3284	1.9839
R108s	T111s	0.5394	0.7628	0.0000	0.0000	0.3284	1.9839
S105b	A110b	0.1898	0.1110	0.2998	0.4240	0.3439	0.4863
S105b	A110s	0.1898	0.1110	0.2998	0.4240	0.3439	0.4863
S105b	A117b	1.7704	3.1600	-0.4005	0.5664	1.7112	0.4291
S105b	A117s	1.7704	3.1600	-0.4005	0.5664	1.7112	0.4291
S105b	K106b	0.0985	0.6721	0.0000	0.0000	-0.4470	1.3785
S105b	K106s	0.0985	0.6721	0.0000	0.0000	-0.4470	1.3785
S105b	L113b	0.1898	0.2684	-0.2782	0.3935	-0.7261	0.4137
S105b	L113s	0.1898	0.2684	-0.2782	0.3935	-0.7261	0.4137
S105b	L114b	-0.0551	0.0780	0.0000	0.0000	0.3772	0.5334
S105b	L114s	-0.0551	0.0780	0.0000	0.0000	0.3772	0.5334
S105b	L118b	0.7877	0.8657	0.0216	0.0306	1.9884	4.6228
S105b	L118s	0.7877	0.8657	0.0216	0.0306	1.9884	4.6228
S105b	M109b	0.0000	0.0000	0.0000	0.0000	1.0118	0.5005
S105b	M109s	0.0000	0.0000	0.0000	0.0000	1.0118	0.5005
S105b	M115b	1.0491	2.7926	0.0000	0.0000	-1.2645	0.6766
S105b	M115s	1.0491	2.7926	0.0000	0.0000	-1.2645	0.6766
S105b	M120b	0.3044	2.0821	-0.4885	0.6909	1.2634	1.0135
S105b	M120s	0.3044	2.0821	-0.4885	0.6909	1.2634	1.0135
S105b	P112b	7.6917	9.1331	0.0000	0.0000	0.7386	0.3740
S105b	P112s	7.6917	9.1331	0.0000	0.0000	0.7386	0.3740
S105b	P119b	-0.3779	0.5344	0.0000	0.0000	-0.4192	1.3279
S105b	P119s	-0.3779	0.5344	0.0000	0.0000	-0.4192	1.3279
S105b	Q116b	0.1064	1.1232	0.0000	0.0000	-0.4027	0.5694
S105b	Q116s	0.1064	1.1232	0.0000	0.0000	-0.4027	0.5694
S105b	R108b	-0.6212	0.8786	-1.2457	1.7617	-1.1511	1.9603
S105b	R108s	-0.6212	0.8786	-1.2457	1.7617	-1.1511	1.9603
S105b	T111b	0.4028	0.5696	0.0000	0.0000	-1.5070	1.2618
S105b	T111s	0.4028	0.5696	0.0000	0.0000	-1.5070	1.2618
S105b	W107b	-0.0356	0.0503	0.9805	1.3866	-1.1497	0.6063
S105b	W107s	-0.0356	0.0503	0.9805	1.3866	-1.1497	0.6063
S105s	A110b	0.1898	0.1110	0.2998	0.4240	0.3439	0.4863
S105s	A110s	0.1898	0.1110	0.2998	0.4240	0.3439	0.4863
S105s	A117b	1.7704	3.1600	-0.4005	0.5664	1.7112	0.4291
S105s	A117s	1.7704	3.1600	-0.4005	0.5664	1.7112	0.4291
S105s	K106b	0.0985	0.6721	0.0000	0.0000	-0.4470	1.3785
S105s	K106s	0.0985	0.6721	0.0000	0.0000	-0.4470	1.3785
S105s	L113b	0.1898	0.2684	-0.2782	0.3935	-0.7261	0.4137
S105s	L113s	0.1898	0.2684	-0.2782	0.3935	-0.7261	0.4137
S105s	L114b	-0.0551	0.0780	0.0000	0.0000	0.3772	0.5334
S105s	L114s	-0.0551	0.0780	0.0000	0.0000	0.3772	0.5334
S105s	L118b	0.7877	0.8657	0.0216	0.0306	1.9884	4.6228
S105s	L118s	0.7877	0.8657	0.0216	0.0306	1.9884	4.6228
S105s	M109b	0.0000	0.0000	0.0000	0.0000	1.0118	0.5005
S105s	M109s	0.0000	0.0000	0.0000	0.0000	1.0118	0.5005
S105s	M115b	1.0491	2.7926	0.0000	0.0000	-1.2645	0.6766
S105s	M115s	1.0491	2.7926	0.0000	0.0000	-1.2645	0.6766
S105s	M120b	0.3044	2.0821	-0.4885	0.6909	1.2634	1.0135
S105s	M120s	0.3044	2.0821	-0.4885	0.6909	1.2634	1.0135
S105s	P112b	7.6917	9.1331	0.0000	0.0000	0.7386	0.3740
S105s	P112s	7.6917	9.1331	0.0000	0.0000	0.7386	0.3740
S105s	P119b	-0.3779	0.5344	0.0000	0.0000	-0.4192	1.3279
S105s	P119s	-0.3779	0.5344	0.0000	0.0000	-0.4192	1.3279
S105s	Q116b	0.1064	1.1232	0.0000	0.0000	-0.4027	0.5694
S105s	Q116s	0.1064	1.1232	0.0000	0.0000	-0.4027	0.5694
S105s	R108b	-0.6212	0.8786	-1.2457	1.7617	-1.1511	1.9603
S105s	R108s	-0.6212	0.8786	-1.2457	1.7617	-1.1511	1.9603
S105s	T111b	0.4028	0.5696	0.0000	0.0000	-1.5070	1.2618
S105s	T111s	0.4028	0.5696	0.0000	0.0000	-1.5070	1.2618
S105s	W107b	-0.0356	0.0503	0.9805	1.3866	-1.1497	0.6063
S105s	W107s	-0.0356	0.0503	0.9805	1.3866	-1.1497	0.6063
T111b	A117b	0.3341	0.4725	-0.6912	0.9775	2.0434	2.2287
T111b	A117s	0.3341	0.4725	-0.6912	0.9775	2.0434	2.2287
T111b	L113b	0.0000	0.0000	0.0000	0.0000	-1.0785	1.5253
T111b	L113s	0.0000	0.0000	0.0000	0.0000	-1.0785	1.5253
T111b	L114b	0.0000	0.0000	0.0000	0.0000	0.0000	0.0000
T111b	L114s	0.0000	0.0000	0.0000	0.0000	0.0000	0.0000
T111b	L118b	-0.1513	0.2139	0.0000	0.0000	-0.4446	0.6288
T111b	L118s	-0.1513	0.2139	0.0000	0.0000	-0.4446	0.6288
T111b	M115b	0.3584	0.5069	0.3924	0.5550	-2.0153	2.6916
T111b	M115s	0.3584	0.5069	0.3924	0.5550	-2.0153	2.6916
T111b	M120b	0.2739	0.3873	0.5566	0.7871	1.7407	2.4617
T111b	M120s	0.2739	0.3873	0.5566	0.7871	1.7407	2.4617
T111b	P112b	-10.5212	14.8792	0.1849	0.2615	0.2875	0.4066
T111b	P112s	-10.5212	14.8792	0.1849	0.2615	0.2875	0.4066
T111b	P119b	0.0000	0.0000	0.0000	0.0000	-2.1865	2.3470
T111b	P119s	0.0000	0.0000	0.0000	0.0000	-2.1865	2.3470
T111b	Q116b	-0.3192	0.4514	0.0000	0.0000	-0.4235	0.5989
T111b	Q116s	-0.3192	0.4514	0.0000	0.0000	-0.4235	0.5989
T111s	A117b	0.3341	0.4725	-0.6912	0.9775	2.0434	2.2287
T111s	A117s	0.3341	0.4725	-0.6912	0.9775	2.0434	2.2287
T111s	L113b	0.0000	0.0000	0.0000	0.0000	-1.0785	1.5253
T111s	L113s	0.0000	0.0000	0.0000	0.0000	-1.0785	1.5253
T111s	L114b	0.0000	0.0000	0.0000	0.0000	0.0000	0.0000
T111s	L114s	0.0000	0.0000	0.0000	0.0000	0.0000	0.0000
T111s	L118b	-0.1513	0.2139	0.0000	0.0000	-0.4446	0.6288
T111s	L118s	-0.1513	0.2139	0.0000	0.0000	-0.4446	0.6288
T111s	M115b	0.3584	0.5069	0.3924	0.5550	-2.0153	2.6916
T111s	M115s	0.3584	0.5069	0.3924	0.5550	-2.0153	2.6916
T111s	M120b	0.2739	0.3873	0.5566	0.7871	1.7407	2.4617
T111s	M120s	0.2739	0.3873	0.5566	0.7871	1.7407	2.4617
T111s	P112b	-10.5212	14.8792	0.1849	0.2615	0.2875	0.4066
T111s	P112s	-10.5212	14.8792	0.1849	0.2615	0.2875	0.4066
T111s	P119b	0.0000	0.0000	0.0000	0.0000	-2.1865	2.3470
T111s	P119s	0.0000	0.0000	0.0000	0.0000	-2.1865	2.3470
T111s	Q116b	-0.3192	0.4514	0.0000	0.0000	-0.4235	0.5989
T111s	Q116s	-0.3192	0.4514	0.0000	0.0000	-0.4235	0.5989
V104b	A110b	1.0250	0.8759	0.2339	0.3308	-0.1206	0.1705
V104b	A110s	1.0250	0.8759	0.2339	0.3308	-0.1206	0.1705
V104b	A117b	-0.3141	0.3478	-0.3858	0.5457	-0.7448	0.3858
V104b	A117s	-0.3141	0.3478	-0.3858	0.5457	-0.7448	0.3858
V104b	K106b	0.3967	0.3731	0.0000	0.0000	-0.0851	1.1520
V104b	K106s	0.3967	0.3731	0.0000	0.0000	-0.0851	1.1520
V104b	L113b	0.5007	0.7081	-0.3565	0.5042	0.1384	0.1957
V104b	L113s	0.5007	0.7081	-0.3565	0.5042	0.1384	0.1957
V104b	L114b	-0.3792	0.5363	0.0000	0.0000	0.0000	0.0000
V104b	L114s	-0.3792	0.5363	0.0000	0.0000	0.0000	0.0000
V104b	L118b	0.3906	1.6838	-0.2047	0.2895	0.3542	0.5010
V104b	L118s	0.3906	1.6838	-0.2047	0.2895	0.3542	0.5010
V104b	M109b	0.0000	0.0000	0.0000	0.0000	-0.2140	0.9660
V104b	M109s	0.0000	0.0000	0.0000	0.0000	-0.2140	0.9660
V104b	M115b	-0.6415	0.3336	0.0000	0.0000	0.9576	0.6144
V104b	M115s	-0.6415	0.3336	0.0000	0.0000	0.9576	0.6144
V104b	M120b	-0.9639	0.5032	-0.3430	0.4850	-0.0840	0.1189
V104b	M120s	-0.9639	0.5032	-0.3430	0.4850	-0.0840	0.1189
V104b	P112b	7.7921	11.0196	0.0000	0.0000	-0.3447	0.4874
V104b	P112s	7.7921	11.0196	0.0000	0.0000	-0.3447	0.4874
V104b	P119b	-0.4901	0.6931	0.0000	0.0000	1.1093	0.8621
V104b	P119s	-0.4901	0.6931	0.0000	0.0000	1.1093	0.8621
V104b	Q116b	0.1321	1.0583	0.0000	0.0000	0.3161	0.4470
V104b	Q116s	0.1321	1.0583	0.0000	0.0000	0.3161	0.4470
V104b	R108b	-0.6640	0.9391	-0.6875	0.9723	-0.0323	1.4539
V104b	R108s	-0.6640	0.9391	-0.6875	0.9723	-0.0323	1.4539
V104b	S105b	-0.8754	0.5123	-0.4529	0.6405	0.5838	0.7605
V104b	S105s	-0.8754	0.5123	-0.4529	0.6405	0.5838	0.7605
V104b	T111b	0.2820	0.3988	0.0000	0.0000	1.9430	1.7117
V104b	T111s	0.2820	0.3988	0.0000	0.0000	1.9430	1.7117
V104b	W107b	-0.0779	0.1102	0.6807	0.9626	0.5420	0.3916
V104b	W107s	-0.0779	0.1102	0.6807	0.9626	0.5420	0.3916
V104s	A110b	1.0250	0.8759	0.2339	0.3308	-0.1206	0.1705
V104s	A110s	1.0250	0.8759	0.2339	0.3308	-0.1206	0.1705
V104s	A117b	-0.3141	0.3478	-0.3858	0.5457	-0.7448	0.3858
V104s	A117s	-0.3141	0.3478	-0.3858	0.5457	-0.7448	0.3858
V104s	K106b	0.3967	0.3731	0.0000	0.0000	-0.0851	1.1520
V104s	K106s	0.3967	0.3731	0.0000	0.0000	-0.0851	1.1520
V104s	L113b	0.5007	0.7081	-0.3565	0.5042	0.1384	0.1957
V104s	L113s	0.5007	0.7081	-0.3565	0.5042	0.1384	0.1957
V104s	L114b	-0.3792	0.5363	0.0000	0.0000	0.0000	0.0000
V104s	L114s	-0.3792	0.5363	0.0000	0.0000	0.0000	0.0000
V104s	L118b	0.3906	1.6838	-0.2047	0.2895	0.3542	0.5010
V104s	L118s	0.3906	1.6838	-0.2047	0.2895	0.3542	0.5010
V104s	M109b	0.0000	0.0000	0.0000	0.0000	-0.2140	0.9660
V104s	M109s	0.0000	0.0000	0.0000	0.0000	-0.2140	0.9660
V104s	M115b	-0.6415	0.3336	0.0000	0.0000	0.9576	0.6144
V104s	M115s	-0.6415	0.3336	0.0000	0.0000	0.9576	0.6144
V104s	M120b	-0.9639	0.5032	-0.3430	0.4850	-0.0840	0.1189
V104s	M120s	-0.9639	0.5032	-0.3430	0.4850	-0.0840	0.1189
V104s	P112b	7.7921	11.0196	0.0000	0.0000	-0.3447	0.4874
V104s	P112s	7.7921	11.0196	0.0000	0.0000	-0.3447	0.4874
V104s	P119b	-0.4901	0.6931	0.0000	0.0000	1.1093	0.8621
V104s	P119s	-0.4901	0.6931	0.0000	0.0000	1.1093	0.8621
V104s	Q116b	0.1321	1.0583	0.0000	0.0000	0.3161	0.4470
V104s	Q116s	0.1321	1.0583	0.0000	0.0000	0.3161	0.4470
V104s	R108b	-0.6640	0.9391	-0.6875	0.9723	-0.0323	1.4539
V104s	R108s	-0.6640	0.9391	-0.6875	0.9723	-0.0323	1.4539
V104s	S105b	-0.8754	0.5123	-0.4529	0.6405	0.5838	0.7605
V104s	S105s	-0.8754	0.5123	-0.4529	0.6405	0.5838	0.7605
V104s	T111b	0.2820	0.3988	0.0000	0.0000	1.9430	1.7117
V104s	T111s	0.2820	0.3988	0.0000	0.0000	1.9430	1.7117
V104s	W107b	-0.0779	0.1102	0.6807	0.9626	0.5420	0.3916
V104s	W107s	-0.0779	0.1102	0.6807	0.9626	0.5420	0.3916
W107b	A110b	0.3340	0.4723	-0.5438	0.7690	0.5540	0.7835
W107b	A110s	0.3340	0.4723	-0.5438	0.7690	0.5540	0.7835
W107b	A117b	-0.3731	0.5277	0.6920	0.9787	1.0350	0.7419
W107b	A117s	-0.3731	0.5277	0.6920	0.9787	1.0350	0.7419
W107b	L113b	0.0000	0.0000	0.8678	1.2273	-0.6156	0.8706
W107b	L113s	0.0000	0.0000	0.8678	1.2273	-0.6156	0.8706
W107b	L114b	0.0000	0.0000	0.0000	0.0000	0.0000	0.0000
W107b	L114s	0.0000	0.0000	0.0000	0.0000	0.0000	0.0000
W107b	L118b	0.5571	0.7878	0.4487	0.6345	-0.3436	0.4860
W107b	L118s	0.5571	0.7878	0.4487	0.6345	-0.3436	0.4860
W107b	M109b	0.0000	0.0000	0.0000	0.0000	0.6791	0.3717
W107b	M109s	0.0000	0.0000	0.0000	0.0000	0.6791	0.3717
W107b	M115b	-0.2283	0.3228	0.0000	0.0000	-1.1363	0.9389
W107b	M115s	-0.2283	0.3228	0.0000	0.0000	-1.1363	0.9389
W107b	M120b	-0.7325	1.0359	0.2873	0.4062	1.0639	1.5045
W107b	M120s	-0.7325	1.0359	0.2873	0.4062	1.0639	1.5045
W107b	P112b	5.5734	7.8820	0.0000	0.0000	0.3275	0.4632
W107b	P112s	5.5734	7.8820	0.0000	0.0000	0.3275	0.4632
W107b	P119b	0.0000	0.0000	0.0000	0.0000	-0.9244	0.5996
W107b	P119s	0.0000	0.0000	0.0000	0.0000	-0.9244	0.5996
W107b	Q116b	0.3266	0.4619	0.0000	0.0000	-0.3633	0.5138
W107b	Q116s	0.3266	0.4619	0.0000	0.0000	-0.3633	0.5138
W107b	R108b	-0.6229	0.8809	1.2125	1.7148	0.0545	1.1491
W107b	R108s	-0.6229	0.8809	1.2125	1.7148	0.0545	1.1491
W107b	T111b	0.2014	0.2849	0.0000	0.0000	-1.7171	1.5664
W107b	T111s	0.2014	0.2849	0.0000	0.0000	-1.7171	1.5664
W107s	A110b	0.3340	0.4723	-0.5438	0.7690	0.5540	0.7835
W107s	A110s	0.3340	0.4723	-0.5438	0.7690	0.5540	0.7835
W107s	A117b	-0.3731	0.5277	0.6920	0.9787	1.0350	0.7419
W107s	A117s	-0.3731	0.5277	0.6920	0.9787	1.0350	0.7419
W107s	L113b	0.0000	0.0000	0.8678	1.2273	-0.6156	0.8706
W107s	L113s	0.0000	0.0000	0.8678	1.2273	-0.6156	0.8706
W107s	L114b	0.0000	0.0000	0.0000	0.0000	0.0000	0.0000
W107s	L114s	0.0000	0.0000	0.0000	0.0000	0.0000	0.0000
W107s	L118b	0.5571	0.7878	0.4487	0.6345	-0.3436	0.4860
W107s	L118s	0.5571	0.7878	0.4487	0.6345	-0.3436	0.4860
W107s	M109b	0.0000	0.0000	0.0000	0.0000	0.6791	0.3717
W107s	M109s	0.0000	0.0000	0.0000	0.0000	0.6791	0.3717
W107s	M115b	-0.2283	0.3228	0.0000	0.0000	-1.1363	0.9389
W107s	M115s	-0.2283	0.3228	0.0000	0.0000	-1.1363	0.9389
W107s	M120b	-0.7325	1.0359	0.2873	0.4062	1.0639	1.5045
W107s	M120s	-0.7325	1.0359	0.2873	0.4062	1.0639	1.5045
W107s	P112b	5.5734	7.8820	0.0000	0.0000	0.3275	0.4632
W107s	P112s	5.5734	7.8820	0.0000	0.0000	0.3275	0.4632
W107s	P119b	0.0000	0.0000	0.0000	0.0000	-0.9244	0.5996
W107s	P119s	0.0000	0.0000	0.0000	0.0000	-0.9244	0.5996
W107s	Q116b	0.3266	0.4619	0.0000	0.0000	-0.3633	0.5138
W107s	Q116s	0.3266	0.4619	0.0000	0.0000	-0.3633	0.5138
W107s	R108b	-0.6229	0.8809	1.2125	1.7148	0.0545	1.1491
W107s	R108s	-0.6229	0.8809	1.2125	1.7148	0.0545	1.1491
W107s	T111b	0.2014	0.2849	0.0000	0.0000	-1.7171	1.5664
W107s	T111s	0.2014	0.2849	0.0000	0.0000	-1.7171	1.5664
