seg	res	rnm	aT41A.pcca1	aT41A.pcca1	WT.pcca2	WT.pcca2	lsdm	sdiff	score	pval
			mf	sf	mf	sf				
A	72	ILE	0.5537	0.0677	0.2877	0.0551	1	0.0915	3.0480	0.0023
A	96	PRO	0.2779	0.0373	0.1686	0.0312	1	0.0120	2.2456	0.0247
B	26	LEU	0.1544	0.0444	0.0319	0.0059	1	0.0329	2.7354	0.0062
B	30	CYS	0.0395	0.0065	0.0189	0.0053	1	0.0039	2.4645	0.0137
B	41	ASP	0.3573	0.0567	0.1427	0.0139	1	0.0978	3.6737	0.0002
B	42	SER	0.4703	0.0423	0.3322	0.0543	1	0.0004	2.0057	0.0449
B	43	ASP	1.2503	0.0256	1.1383	0.0448	1	0.0087	2.1687	0.0301
B	75	VAL	0.0816	0.0944	0.2975	0.0450	1	-0.0068	-2.0649	0.0389
B	100	THR	0.4307	0.0237	0.3245	0.0221	1	0.0414	3.2773	0.0010
B	118	SER	0.1249	0.0127	0.0629	0.0067	1	0.0332	4.3068	0.0000
B	136	GLN	1.4394	0.0253	1.3357	0.0392	1	0.0103	2.2199	0.0264
B	145	THR	0.8992	0.0401	0.7994	0.0091	1	0.0175	2.4266	0.0152
C	101	ACE	0.0000	0.0000	0.8598	0.0144	1	-0.8310	-59.7578	0.0000
C	109	MET	0.4580	0.0202	0.5935	0.0109	1	-0.0895	-5.8899	0.0000
C	110	ALA	0.0104	0.0078	0.1314	0.0189	1	-0.0800	-5.9037	0.0000
C	111	THR	0.5793	0.0523	0.6999	0.0206	1	-0.0082	-2.1457	0.0319
C	117	ALA	0.4074	0.0754	0.7575	0.0108	1	-0.1977	-4.5953	0.0000
C	119	PRO	0.2515	0.3255	1.2251	0.1326	1	-0.2706	-2.7699	0.0056
C	121	NHE	0.0000	0.0000	0.5160	0.0747	1	-0.3665	-6.9033	0.0000
