seg	res	rnm	bN82A.pcca2	bN82A.pcca2	WT.pcca2	WT.pcca2	lsdm	sdiff	score	pval
			mf	sf	mf	sf				
A	16	PRO	0.3748	0.0036	0.2843	0.0305	1	0.0291	2.9496	0.0032
A	24	PHE	0.0001	0.0002	0.0137	0.0063	1	-0.0009	-2.1502	0.0315
A	30	GLU	0.0603	0.0115	0.0249	0.0050	1	0.0104	2.8318	0.0046
A	82	ILE	0.0705	0.0070	0.1261	0.0190	1	-0.0152	-2.7507	0.0059
A	132	VAL	0.6570	0.2545	1.2885	0.1486	1	-0.0420	-2.1425	0.0322
A	147	LYS	0.2298	0.0508	0.4054	0.0550	1	-0.0258	-2.3450	0.0190
B	14	GLU	0.1725	0.0164	0.0659	0.0190	1	0.0565	4.2505	0.0000
B	15	CYX	0.0001	0.0003	0.0158	0.0051	1	-0.0055	-3.0901	0.0020
B	29	ARG	0.3328	0.0149	0.1686	0.0241	1	0.1075	5.7922	0.0000
B	41	ASP	0.2772	0.0353	0.1426	0.0139	1	0.0587	3.5470	0.0004
B	68	LEU	0.0997	0.0281	0.0296	0.0049	1	0.0131	2.4580	0.0140
B	100	THR	0.4224	0.0289	0.3243	0.0221	1	0.0254	2.6978	0.0070
B	118	SER	0.1147	0.0233	0.0628	0.0067	1	0.0034	2.1388	0.0324
B	182	SER	0.7582	0.0152	0.8163	0.0184	1	-0.0102	-2.4260	0.0153
C	109	MET	0.5050	0.0351	0.5931	0.0110	1	-0.0146	-2.3970	0.0165
C	110	ALA	0.0660	0.0182	0.1314	0.0189	1	-0.0129	-2.4908	0.0127
