seg	res	rnm	aT41A.pcca1	aT41A.pcca1	bN82A.pcca2	bN82A.pcca2	lsdm	sdiff	score	pval
			mf	sf	mf	sf				
A	7	ILE	0.0373	0.0111	0.0101	0.0039	1	0.0038	2.3214	0.0203
A	15	ASN	0.3576	0.0320	0.4283	0.0116	1	-0.0027	-2.0783	0.0377
A	24	PHE	0.0051	0.0024	0.0001	0.0002	1	0.0002	2.0986	0.0358
A	72	ILE	0.5537	0.0677	0.3141	0.0271	1	0.0937	3.2845	0.0010
B	26	LEU	0.1544	0.0444	0.0447	0.0303	1	0.0023	2.0420	0.0411
B	75	VAL	0.0816	0.0944	0.3090	0.0450	1	-0.0183	-2.1750	0.0296
B	110	GLN	0.8286	0.0092	0.7014	0.0351	1	0.0546	3.5051	0.0005
B	177	HIE	0.0554	0.0155	0.0912	0.0064	1	-0.0022	-2.1334	0.0329
C	101	ACE	0.0000	0.0000	0.8347	0.1018	1	-0.6310	-8.1957	0.0000
C	110	ALA	0.0104	0.0078	0.0660	0.0182	1	-0.0159	-2.8046	0.0050
C	111	THR	0.5793	0.0523	0.7333	0.0391	1	-0.0235	-2.3595	0.0183
C	117	ALA	0.4074	0.0754	0.7133	0.0456	1	-0.1296	-3.4699	0.0005
C	121	NHE	0.0000	0.0000	0.5446	0.0307	1	-0.4832	-17.7375	0.0000
