seg	res	rnm	WT.pcca2	WT.pcca2	bN82A.pcca2	bN82A.pcca2	aT41A.pcca1	aT41A.pcca1
			mf	sf	mf	sf	mf	sf
A	4	GLU	1.4164	0.1785	1.4634	0.1383	1.4816	0.1164
A	5	HIP	0.8573	0.0619	0.7960	0.1189	0.8329	0.1238
A	6	VAL	0.2886	0.0335	0.2993	0.0319	0.2996	0.0906
A	7	ILE	0.0240	0.0149	0.0101	0.0039	0.0373	0.0111
A	8	ILE	0.2390	0.0545	0.1471	0.0321	0.1779	0.0792
A	9	GLN	0.0025	0.0037	0.0000	0.0000	0.0005	0.0009
A	10	ALA	0.0683	0.0106	0.0427	0.0136	0.0507	0.0224
A	11	GLH	0.0145	0.0060	0.0075	0.0047	0.0100	0.0056
A	12	PHE	0.0636	0.0273	0.0682	0.0055	0.0727	0.0227
A	13	TYR	0.1608	0.0219	0.1198	0.0415	0.1195	0.0650
A	14	LEU	0.0107	0.0096	0.0172	0.0077	0.0091	0.0128
A	15	ASN	0.4478	0.0543	0.4280	0.0116	0.3574	0.0319
A	16	PRO	0.2843	0.0305	0.3748	0.0036	0.4117	0.0849
A	17	ASP	0.6018	0.0646	0.5578	0.0289	0.5657	0.0488
A	18	GLN	1.1134	0.1817	0.9919	0.0983	1.0656	0.0716
A	19	SER	0.4573	0.0883	0.4695	0.0300	0.4487	0.0860
A	20	GLY	0.0884	0.0677	0.1206	0.0641	0.0673	0.0590
A	21	GLH	0.2496	0.1391	0.1852	0.0822	0.2086	0.1405
A	22	PHE	0.0041	0.0013	0.0046	0.0047	0.0032	0.0013
A	23	MET	0.0342	0.0071	0.0307	0.0097	0.0391	0.0129
A	24	PHE	0.0137	0.0063	0.0001	0.0002	0.0051	0.0024
A	25	ASH	0.0708	0.0382	0.0332	0.0080	0.0736	0.0303
A	26	PHE	0.0889	0.0422	0.0713	0.0348	0.0730	0.0628
A	27	ASP	0.5828	0.0777	0.7166	0.0950	0.5733	0.1791
A	28	GLY	0.4916	0.0315	0.3690	0.0566	0.3386	0.1428
A	29	ASH	0.0712	0.0185	0.0702	0.0509	0.0510	0.0501
A	30	GLU	0.0249	0.0050	0.0603	0.0115	0.0380	0.0145
A	31	ILE	0.0069	0.0085	0.0036	0.0050	0.0045	0.0050
A	32	PHE	0.0000	0.0000	0.0004	0.0007	0.0001	0.0002
A	33	HIP	0.0761	0.0464	0.1391	0.0449	0.1015	0.0880
A	34	VAL	0.0181	0.0145	0.0228	0.0205	0.0111	0.0071
A	35	ASP	0.2701	0.0698	0.3217	0.1242	0.2507	0.0604
A	36	MET	0.4106	0.1211	0.5219	0.1136	0.5797	0.0910
A	37	ALA	0.9501	0.0847	0.9737	0.0670	0.9662	0.0630
A	38	LYS	1.4029	0.0521	1.4386	0.0428	1.4103	0.2234
A	39	LYS	1.3263	0.1166	1.3446	0.1310	1.2908	0.0485
A	40	GLU	0.8882	0.0937	0.9130	0.0720	0.9725	0.0662
A	41	MTS	0.2535	0.0876	0.2631	0.0305	0.2026	0.0653
A	42	VAL	0.4135	0.0463	0.4565	0.0432	0.4365	0.1012
A	43	TRP	0.4552	0.0869	0.4539	0.0639	0.4862	0.1487
A	44	ARG	0.3137	0.0426	0.4643	0.0931	0.4214	0.0361
A	45	LEU	0.1490	0.0593	0.0870	0.0573	0.1241	0.0210
A	46	GLU	1.1703	0.1016	1.1063	0.1527	1.1744	0.1062
A	47	GLU	0.8226	0.0838	0.8489	0.0323	0.8455	0.1568
A	48	PHE	0.0043	0.0039	0.0690	0.0881	0.0193	0.0172
A	49	GLY	0.1842	0.0136	0.1763	0.0387	0.2346	0.0460
A	50	ARG	1.3262	0.0935	1.4598	0.1939	1.4374	0.1383
A	51	PHE	0.6787	0.0387	0.8841	0.2335	0.5657	0.1410
A	52	ALA	0.0070	0.0061	0.0385	0.0270	0.0232	0.0212
A	53	SER	0.3890	0.1034	0.4205	0.1047	0.4356	0.0107
A	54	PHE	0.2248	0.0202	0.2150	0.0698	0.2351	0.0127
A	55	GLU	1.0667	0.0963	1.1269	0.1985	1.0288	0.0913
A	56	ALA	0.0761	0.0337	0.1007	0.0299	0.1067	0.0470
A	57	GLN	1.2699	0.0651	1.3219	0.1335	1.2794	0.0219
A	58	GLY	0.1723	0.0273	0.2002	0.0449	0.1895	0.0311
A	59	ALA	0.1365	0.2350	0.0002	0.0003	0.0006	0.0007
A	60	LEU	0.5588	0.0512	0.4906	0.0940	0.3691	0.1095
A	61	ALA	0.5585	0.1077	0.6522	0.0200	0.6486	0.0204
A	62	ASN	0.0357	0.0346	0.0597	0.0164	0.0726	0.0685
A	63	ILE	0.1528	0.0606	0.1044	0.0459	0.0901	0.0819
A	64	ALA	0.5642	0.0396	0.5413	0.0364	0.5121	0.0530
A	65	VAL	0.3570	0.0348	0.3224	0.0095	0.3085	0.0926
A	66	ASP	0.0024	0.0028	0.0010	0.0009	0.0006	0.0011
A	67	LYS	0.9023	0.1275	0.9014	0.1290	0.9352	0.0814
A	68	ALA	0.3358	0.0374	0.3290	0.0797	0.3697	0.0397
A	69	ASN	0.0025	0.0032	0.0035	0.0034	0.0037	0.0007
A	70	LEU	0.0312	0.0051	0.0406	0.0080	0.0329	0.0243
A	71	GLU	0.9933	0.1441	1.0859	0.0693	0.9835	0.1773
A	72	ILE	0.2875	0.0551	0.3140	0.0271	0.5533	0.0677
A	73	MET	0.0086	0.0077	0.0046	0.0077	0.0016	0.0004
A	74	THR	0.0672	0.0282	0.0475	0.0029	0.0597	0.0425
A	75	LYS	1.4070	0.1500	1.2857	0.1529	1.3048	0.0886
A	76	ARG	0.3815	0.1424	0.5486	0.0785	0.6662	0.0436
A	77	SER	0.1590	0.0091	0.1631	0.0279	0.1552	0.0335
A	78	ASN	1.3165	0.0657	1.3473	0.0238	1.3483	0.0206
A	79	TYR	1.1646	0.0540	1.2470	0.0518	1.2412	0.0707
A	80	THR	0.7662	0.0479	0.8154	0.0436	0.7859	0.0898
A	81	PRO	0.6443	0.0724	0.6199	0.0440	0.5919	0.0159
A	82	ILE	0.1261	0.0190	0.0705	0.0070	0.0826	0.0399
A	83	THR	1.1042	0.0421	1.1398	0.0428	1.0415	0.1277
A	84	ASN	0.5467	0.0430	0.5364	0.0219	0.5023	0.0610
A	85	VAL	0.4376	0.0380	0.4208	0.0408	0.4261	0.0365
A	86	PRO	0.6283	0.0419	0.7157	0.0269	0.6511	0.0347
A	87	PRO	0.1126	0.0204	0.1052	0.0195	0.1008	0.0368
A	88	GLU	0.9001	0.0422	0.9228	0.0127	0.9720	0.0244
A	89	VAL	0.1677	0.0490	0.1435	0.0502	0.1336	0.0358
A	90	THR	0.5406	0.0887	0.5622	0.0715	0.5356	0.1122
A	91	VAL	0.2035	0.0286	0.1686	0.0461	0.1815	0.0528
A	92	LEU	0.2972	0.0722	0.3868	0.0754	0.3310	0.0854
A	93	THR	0.1492	0.0467	0.1760	0.0423	0.2197	0.0257
A	94	ASN	0.4538	0.0201	0.4648	0.0303	0.4687	0.0107
A	95	SER	0.3837	0.0600	0.2816	0.0996	0.3860	0.0279
A	96	PRO	0.1685	0.0312	0.3073	0.0690	0.2777	0.0373
A	97	VAL	0.3300	0.0749	0.3454	0.1042	0.3907	0.1202
A	98	GLU	0.9121	0.0526	1.0405	0.1284	1.0802	0.1436
A	99	LEU	0.9819	0.1507	0.9444	0.0885	0.9297	0.1330
A	100	ARG	1.4215	0.1176	1.4490	0.1937	1.5226	0.1787
A	101	GLU	0.9473	0.0250	0.9796	0.1840	0.9795	0.0371
A	102	PRO	1.0804	0.0801	1.0662	0.0698	1.1005	0.0333
A	103	ASN	0.1137	0.0104	0.1086	0.0107	0.0990	0.0261
A	104	VAL	0.4200	0.0091	0.4328	0.0581	0.4034	0.0279
A	105	LEU	0.0010	0.0015	0.0002	0.0003	0.0006	0.0011
A	106	ILE	0.0020	0.0021	0.0152	0.0063	0.0070	0.0076
A	107	CYX	0.0074	0.0103	0.0012	0.0011	0.0018	0.0031
A	108	PHE	0.2580	0.0753	0.2820	0.0242	0.2787	0.0921
A	109	ILE	0.0090	0.0116	0.0042	0.0050	0.0022	0.0037
A	110	ASP	0.0896	0.0444	0.1311	0.0409	0.1579	0.0600
A	111	LYS	0.9092	0.0301	0.8493	0.0646	0.9863	0.1113
A	112	PHE	0.0000	0.0000	0.0000	0.0000	0.0000	0.0000
A	113	THR	0.0007	0.0004	0.0012	0.0015	0.0009	0.0011
A	114	PRO	0.0019	0.0021	0.0000	0.0000	0.0000	0.0000
A	115	PRO	0.0346	0.0159	0.0296	0.0109	0.0365	0.0252
A	116	VAL	0.4336	0.0812	0.3586	0.0451	0.3859	0.0849
A	117	VAL	0.1218	0.0606	0.0650	0.0167	0.0951	0.0599
A	118	ASN	0.9374	0.1110	0.8924	0.0264	0.8862	0.0675
A	119	VAL	0.2029	0.0428	0.1495	0.0189	0.1330	0.0772
A	120	THR	0.4548	0.0803	0.5144	0.1384	0.4114	0.0670
A	121	TRP	0.0239	0.0125	0.0396	0.0332	0.0364	0.0134
A	122	LEU	0.2034	0.0539	0.2545	0.0167	0.2506	0.0321
A	123	ARG	0.9957	0.1175	1.0046	0.0602	1.0249	0.0379
A	124	ASN	0.7796	0.0347	0.8447	0.0765	0.8899	0.1062
A	125	GLY	0.5929	0.0356	0.5937	0.0623	0.6235	0.0388
A	126	LYS	1.6168	0.1032	1.5630	0.0399	1.6487	0.0525
A	127	PRO	0.9862	0.0271	0.9622	0.1444	0.9846	0.0374
A	128	VAL	0.4223	0.0724	0.3352	0.0313	0.3892	0.1187
A	129	THR	1.4146	0.0322	1.4015	0.1138	1.2914	0.2247
A	130	THR	0.5658	0.0065	0.7904	0.1296	0.7750	0.1061
A	131	GLY	0.4217	0.0847	0.6500	0.1800	0.4816	0.0788
A	132	VAL	1.2885	0.1486	0.6570	0.2545	0.9583	0.2198
A	133	SER	0.3643	0.0862	0.6327	0.1306	0.4178	0.1683
A	134	GLU	0.7377	0.1337	0.9429	0.1215	0.8738	0.0791
A	135	THR	0.1556	0.0403	0.1259	0.0346	0.1434	0.0512
A	136	VAL	0.0982	0.0454	0.2162	0.0683	0.1100	0.0807
A	137	PHE	0.2211	0.0279	0.2754	0.0338	0.2619	0.0458
A	138	LEU	0.1218	0.0680	0.1173	0.0385	0.0921	0.0495
A	139	PRO	0.1932	0.0279	0.1664	0.0261	0.1205	0.0326
A	140	ARG	0.4882	0.0092	0.4990	0.0628	0.4745	0.0440
A	141	GLU	1.2290	0.0627	1.2990	0.1980	1.3679	0.1532
A	142	ASP	0.7028	0.0519	0.7115	0.0251	0.6991	0.0479
A	143	HIE	0.1348	0.0236	0.2242	0.0981	0.1798	0.0148
A	144	LEU	0.1542	0.0460	0.1743	0.0090	0.1613	0.0565
A	145	PHE	0.0317	0.0069	0.0169	0.0170	0.0192	0.0120
A	146	ARG	0.7691	0.0391	0.6952	0.0570	0.6488	0.0854
A	147	LYS	0.4054	0.0550	0.2298	0.0508	0.2978	0.1595
A	148	PHE	0.1228	0.0554	0.1230	0.0273	0.1228	0.0774
A	149	HIE	0.2752	0.0533	0.1795	0.0864	0.1941	0.1067
A	150	TYR	0.2182	0.0559	0.2198	0.0309	0.2411	0.0818
A	151	LEU	0.0740	0.0456	0.0747	0.0644	0.0494	0.0155
A	152	PRO	0.8577	0.0690	0.8426	0.0726	0.7919	0.1296
A	153	PHE	0.1677	0.0305	0.1423	0.0089	0.1531	0.0012
A	154	LEU	0.7717	0.0663	0.9863	0.1049	0.8058	0.1053
A	155	PRO	0.0132	0.0229	0.0167	0.0215	0.0148	0.0207
A	156	SER	0.0998	0.0661	0.1167	0.0991	0.1265	0.0575
A	157	THR	0.9702	0.1220	0.8579	0.1910	0.8294	0.1230
A	158	GLU	1.3671	0.1690	1.3133	0.0238	1.4456	0.1081
A	159	ASP	0.1784	0.0286	0.1883	0.0257	0.1904	0.0693
A	160	VAL	0.5686	0.0311	0.5136	0.0532	0.4407	0.0688
A	161	TYR	0.0607	0.0368	0.0500	0.0135	0.0634	0.0294
A	162	ASP	0.1959	0.0371	0.2168	0.0329	0.1971	0.0200
A	163	CYX	0.0012	0.0014	0.0002	0.0002	0.0001	0.0002
A	164	ARG	0.8286	0.1081	0.7264	0.0165	0.8078	0.0807
A	165	VAL	0.0024	0.0018	0.0068	0.0093	0.0006	0.0006
A	166	GLU	0.7578	0.2263	0.7551	0.0854	0.7215	0.0713
A	167	HIE	0.1227	0.0450	0.1491	0.0280	0.1252	0.0096
A	168	TRP	0.9107	0.1577	0.6604	0.0245	0.7317	0.0483
A	169	GLY	0.5745	0.1738	0.6918	0.0402	0.6548	0.0226
A	170	LEU	0.5905	0.0636	0.6762	0.0870	0.6829	0.0686
A	171	ASP	1.5943	0.0409	1.5405	0.0806	1.5409	0.0502
A	172	GLU	1.3660	0.0137	1.3033	0.0661	1.3285	0.0430
A	173	PRO	0.4873	0.0033	0.5763	0.0662	0.5479	0.0317
A	174	LEU	0.5792	0.0286	0.6382	0.0820	0.5862	0.0826
A	175	LEU	1.0318	0.1393	0.9926	0.0575	1.0465	0.0528
A	176	LYS	0.9897	0.0699	1.0313	0.0197	0.9620	0.0648
A	177	HIP	0.8473	0.0444	0.8660	0.0534	0.8795	0.0350
A	178	TRP	0.3425	0.0910	0.2749	0.0899	0.3108	0.1165
A	179	GLU	0.7880	0.0215	0.8425	0.2204	0.8650	0.1994
A	180	PHE	0.3564	0.2044	0.3648	0.1013	0.5726	0.0700
A	181	ASP	0.7683	0.0905	0.8951	0.0846	0.8004	0.1292
A	182	ALA	0.4453	0.1403	0.3903	0.0543	0.4365	0.0854
A	183	PRO	0.5031	0.0705	0.9111	0.2034	0.5695	0.1666
A	184	SER	0.9089	0.1218	0.9463	0.1529	1.0288	0.1595
B	4	ARG	2.2316	0.0699	2.2859	0.1049	2.2990	0.1285
B	5	PRO	0.7010	0.0111	0.6621	0.0186	0.6837	0.0557
B	6	ARG	0.4175	0.1322	0.3593	0.0037	0.3804	0.0545
B	7	PHE	0.1952	0.0480	0.1834	0.0267	0.1956	0.0314
B	8	LEU	0.0088	0.0079	0.0164	0.0052	0.0138	0.0120
B	9	TRP	0.0068	0.0031	0.0114	0.0056	0.0138	0.0092
B	10	GLN	0.0421	0.0036	0.0476	0.0223	0.0467	0.0185
B	11	LEU	0.0184	0.0038	0.0353	0.0172	0.0438	0.0155
B	12	LYS	0.0516	0.0123	0.1122	0.1190	0.0679	0.0220
B	13	PHE	0.0145	0.0055	0.0084	0.0028	0.0101	0.0093
B	14	GLU	0.0659	0.0190	0.1725	0.0164	0.1225	0.0832
B	15	CYX	0.0158	0.0051	0.0001	0.0003	0.0059	0.0029
B	16	HIP	0.3945	0.0713	0.4868	0.0498	0.4863	0.1882
B	17	PHE	0.0934	0.0508	0.0644	0.0450	0.1094	0.0196
B	18	PHE	1.2580	0.1816	1.1181	0.1923	1.4094	0.1807
B	19	ASN	0.8192	0.1184	0.6297	0.1249	0.7084	0.0933
B	20	GLY	0.2988	0.1764	0.3447	0.1409	0.3416	0.2157
B	21	THR	1.2919	0.1530	1.1828	0.1706	1.3554	0.0343
B	22	GLU	1.2086	0.2297	0.8325	0.0523	0.8701	0.0508
B	23	ARG	1.7396	0.2648	1.8974	0.0400	1.9244	0.2213
B	24	VAL	0.1709	0.0304	0.1818	0.0609	0.1861	0.0681
B	25	ARG	1.0185	0.0449	0.9394	0.0477	1.2335	0.2162
B	26	LEU	0.0319	0.0059	0.0446	0.0302	0.1543	0.0443
B	27	LEU	0.2064	0.0432	0.2648	0.0757	0.2223	0.1255
B	28	GLU	0.0347	0.0031	0.0780	0.0322	0.0712	0.0321
B	29	ARG	0.1686	0.0241	0.3328	0.0149	0.3412	0.1797
B	30	CYS	0.0189	0.0053	0.0440	0.0206	0.0394	0.0065
B	31	ILE	0.0074	0.0055	0.0137	0.0070	0.0111	0.0015
B	32	TYR	0.0808	0.0148	0.0643	0.0065	0.0723	0.0497
B	33	ASN	0.1780	0.0642	0.1652	0.0176	0.2408	0.0622
B	34	GLN	0.5190	0.0937	0.5197	0.0335	0.5165	0.0489
B	35	GLU	1.1133	0.0213	1.1362	0.0902	1.0376	0.1406
B	36	GLU	0.1738	0.0271	0.2390	0.0305	0.2121	0.0400
B	37	SER	0.0117	0.0068	0.0080	0.0015	0.0089	0.0021
B	38	VAL	0.0031	0.0028	0.0105	0.0105	0.0220	0.0142
B	39	ARG	0.7883	0.0740	0.9244	0.0073	0.9221	0.0118
B	40	PHE	0.0060	0.0044	0.0330	0.0255	0.1279	0.0989
B	41	ASP	0.1426	0.0139	0.2772	0.0353	0.3571	0.0566
B	42	SER	0.3319	0.0543	0.3151	0.0711	0.4699	0.0422
B	43	ASP	1.1375	0.0448	1.1110	0.0810	1.2494	0.0255
B	44	VAL	0.7666	0.1039	0.7471	0.0158	0.7989	0.0620
B	45	GLY	0.1268	0.0342	0.0945	0.0360	0.2282	0.1823
B	46	GLU	0.5804	0.0739	0.5516	0.0669	0.4849	0.0338
B	47	TYR	0.0221	0.0113	0.0595	0.0149	0.0548	0.0245
B	48	ARG	1.2544	0.1175	1.4045	0.1417	1.2500	0.0521
B	49	ALA	0.3855	0.1011	0.3072	0.0677	0.3639	0.0675
B	50	VAL	0.7132	0.0631	0.7291	0.0768	0.7027	0.1562
B	51	THR	0.4734	0.0411	0.4907	0.1355	0.4468	0.0841
B	52	GLU	1.2706	0.1277	1.3471	0.0497	1.2724	0.0645
B	53	LEU	0.5159	0.0727	0.5203	0.0943	0.4800	0.0874
B	54	GLY	0.0015	0.0026	0.0000	0.0000	0.0036	0.0057
B	55	ARG	1.3502	0.1401	1.2941	0.0583	1.2387	0.1221
B	56	PRO	0.3523	0.1134	0.3138	0.1783	0.5242	0.0589
B	57	ASP	0.0073	0.0064	0.0057	0.0030	0.0075	0.0035
B	58	ALA	0.0690	0.0336	0.0776	0.0262	0.1056	0.0204
B	59	GLU	1.1463	0.1492	1.1547	0.0341	1.2073	0.1160
B	60	TYR	0.8336	0.0770	0.8443	0.0290	0.7396	0.1678
B	61	TRP	0.0335	0.0075	0.0685	0.0205	0.0460	0.0185
B	62	ASN	0.2894	0.1081	0.3938	0.0058	0.4090	0.1879
B	63	SER	0.7401	0.1064	0.7329	0.1291	0.6640	0.0865
B	64	GLN	0.6277	0.0110	0.7065	0.0951	0.8429	0.4532
B	65	LYS	1.4635	0.0306	1.6869	0.1282	1.5601	0.1330
B	66	ASP	1.2713	0.0552	1.2226	0.0728	1.1700	0.0645
B	67	LEU	0.6088	0.0246	0.5150	0.1899	0.3424	0.1475
B	68	LEU	0.0296	0.0049	0.0997	0.0281	0.1129	0.0677
B	69	GLU	1.0086	0.0460	1.0703	0.0540	0.9592	0.0725
B	70	GLN	1.1777	0.0417	1.1433	0.0382	0.9603	0.3308
B	71	ARG	0.2232	0.0292	0.2035	0.0227	0.1277	0.0964
B	72	ARG	0.9791	0.0360	1.1260	0.1141	0.8185	0.2566
B	73	ALA	0.4515	0.0222	0.4177	0.1483	0.5802	0.0703
B	74	ALA	0.1387	0.0717	0.1715	0.0656	0.2860	0.1889
B	75	VAL	0.2973	0.0450	0.3088	0.0450	0.0816	0.0943
B	76	ASP	0.5861	0.0487	0.6261	0.1096	0.5093	0.0817
B	77	THR	0.6533	0.1451	0.6747	0.1172	0.5924	0.1399
B	78	TYR	0.0772	0.0274	0.0435	0.0169	0.0597	0.0063
B	79	CYX	0.0079	0.0068	0.0017	0.0006	0.0100	0.0063
B	80	ARG	1.1231	0.1811	1.1809	0.0581	1.2757	0.0750
B	81	HIP	0.7578	0.1062	1.0576	0.2498	0.7989	0.1802
B	82	MTS	0.0115	0.0078	0.0462	0.0415	0.0211	0.0076
B	83	TYR	0.1576	0.0400	0.1084	0.0908	0.1771	0.0832
B	84	GLY	0.4342	0.0069	0.3914	0.1633	0.3797	0.1063
B	85	VAL	0.2785	0.1106	0.4315	0.1018	0.5266	0.2236
B	86	GLY	0.0077	0.0089	0.0150	0.0136	0.0546	0.0504
B	87	GLU	0.6582	0.0592	0.5040	0.0720	0.5433	0.0278
B	88	SER	0.7444	0.0600	0.6066	0.1335	0.6603	0.1412
B	89	PHE	0.3769	0.0607	0.3006	0.0822	0.4941	0.1838
B	90	THR	0.0662	0.0533	0.1051	0.1398	0.0798	0.0644
B	91	VAL	0.5575	0.1687	0.5230	0.2234	0.4636	0.1434
B	92	GLN	1.3848	0.1318	1.2171	0.1368	1.1848	0.0831
B	93	ARG	0.5726	0.2191	0.6520	0.1089	0.5296	0.0612
B	94	ARG	1.4891	0.1821	1.4842	0.1388	1.5370	0.1779
B	95	VAL	0.4913	0.0191	0.4900	0.0589	0.4906	0.0261
B	96	GLU	0.8927	0.2391	0.9653	0.1016	0.9238	0.1529
B	97	PRO	0.0562	0.0373	0.0495	0.0104	0.0497	0.0100
B	98	LYS	1.0594	0.1398	1.2178	0.0774	1.1257	0.1722
B	99	VAL	0.2481	0.0263	0.2532	0.0230	0.2829	0.0022
B	100	THR	0.3243	0.0221	0.4224	0.0289	0.4304	0.0237
B	101	VAL	0.2151	0.0129	0.1860	0.0200	0.2153	0.0459
B	102	TYR	0.6023	0.0817	0.6513	0.0739	0.7524	0.0256
B	103	PRO	0.3952	0.0662	0.4336	0.1003	0.4860	0.1017
B	104	SER	0.1526	0.0484	0.2508	0.0889	0.1968	0.0228
B	105	LYS	0.4665	0.1958	0.6489	0.2554	0.6545	0.3313
B	106	THR	0.8685	0.1069	0.8915	0.1095	0.9699	0.1596
B	107	GLN	1.1921	0.0697	1.1082	0.1157	1.1085	0.0989
B	108	PRO	1.1422	0.0188	1.1885	0.0789	1.1265	0.1039
B	109	LEU	1.6951	0.1010	1.8870	0.0345	1.8465	0.1410
B	110	GLN	0.8994	0.1259	0.7010	0.0351	0.8281	0.0092
B	111	HIP	1.4608	0.2238	1.7047	0.0743	1.4823	0.2718
B	112	HIE	0.5119	0.1488	0.6130	0.1085	0.4729	0.0323
B	113	ASN	0.4178	0.0468	0.5801	0.1626	0.3721	0.1551
B	114	LEU	0.2252	0.0902	0.3153	0.0916	0.2364	0.1081
B	115	LEU	0.0000	0.0000	0.0007	0.0006	0.0002	0.0003
B	116	VAL	0.0358	0.0148	0.0592	0.0221	0.0510	0.0436
B	117	CYX	0.0019	0.0018	0.0000	0.0000	0.0000	0.0000
B	118	SER	0.0628	0.0067	0.1147	0.0233	0.1249	0.0127
B	119	VAL	0.0051	0.0022	0.0053	0.0042	0.0039	0.0012
B	120	SER	0.0505	0.0170	0.0472	0.0074	0.0521	0.0099
B	121	GLY	0.1523	0.1082	0.1392	0.0220	0.1259	0.0095
B	122	PHE	0.0000	0.0000	0.0000	0.0000	0.0000	0.0000
B	123	TYR	0.1403	0.0331	0.0943	0.0385	0.0906	0.0328
B	124	PRO	0.3971	0.0287	0.2600	0.0971	0.3766	0.0490
B	125	GLY	0.2077	0.0114	0.1816	0.0144	0.1800	0.0267
B	126	SER	0.7290	0.0364	0.7654	0.0640	0.7525	0.0371
B	127	ILE	0.4017	0.0288	0.3304	0.0289	0.3647	0.0175
B	128	GLU	0.9911	0.1395	0.9880	0.0717	0.8705	0.0523
B	129	VAL	0.3853	0.0530	0.2889	0.0058	0.3177	0.0204
B	130	ARG	0.8208	0.1676	0.9133	0.1472	0.9296	0.0513
B	131	TRP	0.0665	0.0260	0.0282	0.0114	0.0644	0.0360
B	132	PHE	0.4792	0.0518	0.4212	0.0349	0.4075	0.0480
B	133	ARG	0.6510	0.0933	0.5653	0.0805	0.5582	0.0680
B	134	ASN	0.9473	0.1965	0.8787	0.0704	0.8377	0.0127
B	135	GLY	0.7653	0.0343	0.6978	0.0301	0.6782	0.0797
B	136	GLN	1.3348	0.0392	1.3624	0.0915	1.4385	0.0254
B	137	GLU	1.0824	0.1346	0.7835	0.1328	0.8690	0.1036
B	138	GLU	0.2776	0.0296	0.2970	0.0676	0.2759	0.0409
B	139	LYS	1.8673	0.0906	1.7653	0.1189	1.8818	0.0712
B	140	ALA	0.7870	0.0395	0.7808	0.0353	0.7987	0.0178
B	141	GLY	0.4355	0.0388	0.4076	0.0839	0.4022	0.0210
B	142	VAL	0.5219	0.0516	0.5434	0.0985	0.5726	0.0530
B	143	VAL	0.8899	0.0343	0.8023	0.1207	0.8410	0.0228
B	144	SER	0.8311	0.0562	0.8324	0.0935	0.7953	0.0365
B	145	THR	0.7989	0.0092	0.8908	0.0909	0.8986	0.0400
B	146	GLY	0.4513	0.0391	0.4249	0.0557	0.3945	0.0755
B	147	LEU	0.8288	0.0687	0.9381	0.0313	0.8813	0.0412
B	148	ILE	0.6612	0.1328	0.6252	0.0509	0.6002	0.1853
B	149	GLN	0.3099	0.0756	0.3341	0.0905	0.2625	0.0816
B	150	ASN	0.0341	0.0109	0.0519	0.0350	0.0466	0.0315
B	151	GLY	0.0393	0.0081	0.0357	0.0058	0.0298	0.0131
B	152	ASP	0.6891	0.0644	0.6142	0.0384	0.6403	0.0683
B	153	TRP	0.0821	0.0461	0.0913	0.0142	0.0590	0.0153
B	154	THR	0.2392	0.0124	0.2228	0.0173	0.2291	0.0310
B	155	PHE	0.3476	0.0387	0.2908	0.0853	0.2991	0.0569
B	156	GLN	0.1369	0.0212	0.1635	0.0443	0.1688	0.0317
B	157	THR	0.1018	0.0331	0.1380	0.0023	0.1210	0.0120
B	158	LEU	0.4916	0.0371	0.4802	0.0632	0.4589	0.0796
B	159	VAL	0.0787	0.0186	0.0818	0.0226	0.0947	0.0188
B	160	MET	0.4323	0.0711	0.4695	0.0301	0.4494	0.0845
B	161	LEU	0.0236	0.0021	0.0274	0.0059	0.0124	0.0059
B	162	GLU	1.0532	0.1187	1.1154	0.0589	0.9998	0.0241
B	163	THR	0.1771	0.0756	0.2885	0.0825	0.2167	0.0567
B	164	VAL	0.6616	0.2515	0.5300	0.0886	0.4848	0.0444
B	165	PRO	1.2657	0.2292	1.2113	0.2496	1.4697	0.0426
B	166	ARG	1.5343	0.1298	1.6145	0.1817	1.4359	0.0825
B	167	SER	0.9557	0.0993	0.9661	0.0903	1.0167	0.0522
B	168	GLY	0.6781	0.0569	0.6451	0.0686	0.6820	0.0418
B	169	GLU	0.2048	0.1315	0.1804	0.1372	0.1180	0.0474
B	170	VAL	0.4045	0.0422	0.3996	0.0133	0.4176	0.0436
B	171	TYR	0.0271	0.0214	0.0146	0.0095	0.0245	0.0224
B	172	THR	0.2734	0.0318	0.2522	0.0287	0.2726	0.0072
B	173	CYX	0.0003	0.0005	0.0015	0.0019	0.0000	0.0000
B	174	GLN	0.3258	0.0574	0.3352	0.0190	0.3646	0.0369
B	175	VAL	0.0015	0.0009	0.0019	0.0016	0.0018	0.0018
B	176	GLU	0.7557	0.0430	0.7440	0.0450	0.7608	0.0752
B	177	HIE	0.0572	0.0264	0.0912	0.0064	0.0553	0.0155
B	178	PRO	0.7395	0.0547	0.6931	0.0718	0.7689	0.0328
B	179	SER	0.2751	0.0708	0.3014	0.0358	0.2372	0.0671
B	180	VAL	0.3497	0.0742	0.3614	0.0386	0.4042	0.1313
B	181	THR	1.5746	0.0493	1.6242	0.0101	1.6027	0.0438
B	182	SER	0.8163	0.0184	0.7582	0.0152	0.7894	0.0381
B	183	PRO	0.6286	0.1366	0.7072	0.0771	0.6481	0.0512
B	184	LEU	0.5324	0.1348	0.5676	0.0658	0.5409	0.0324
B	185	THR	0.7547	0.0186	0.7649	0.0387	0.7898	0.0217
B	186	VAL	0.3907	0.0155	0.3889	0.0491	0.3606	0.0316
B	187	GLU	0.9617	0.0832	0.9656	0.0371	0.9528	0.0464
B	188	TRP	0.6171	0.0763	0.6243	0.0629	0.5253	0.0365
B	189	ARG	1.6166	0.0857	1.6439	0.0371	1.6273	0.0500
B	190	ALA	0.5857	0.0693	0.5223	0.0386	0.6552	0.1315
C	101	ACE	0.8593	0.0144	0.8342	0.1017	0.0000	0.0000
C	102	LYS	1.8736	0.2128	1.8759	0.1467	2.2579	0.1538
C	103	PRO	0.6700	0.1050	0.7342	0.2287	0.7124	0.1364
C	104	VAL	1.1814	0.0842	1.1749	0.0726	1.3094	0.0374
C	105	SER	0.2604	0.0571	0.4635	0.1095	0.2437	0.0116
C	106	LYS	1.3711	0.1992	1.5309	0.1647	1.1534	0.2081
C	107	TRP	0.0702	0.0338	0.1229	0.0436	0.0665	0.0306
C	108	ARG	1.0909	0.0227	1.0724	0.1680	1.0363	0.0682
C	109	MET	0.5931	0.0110	0.5050	0.0351	0.4578	0.0202
C	110	ALA	0.1314	0.0189	0.0660	0.0182	0.0104	0.0078
C	111	THR	0.6995	0.0206	0.7328	0.0390	0.5789	0.0522
C	112	PRO	0.1069	0.0361	0.1302	0.0298	0.1133	0.0184
C	113	LEU	0.2208	0.0442	0.2564	0.0398	0.1897	0.1381
C	114	LEU	0.9436	0.0298	0.8763	0.1280	0.6464	0.2226
C	115	MET	0.0455	0.0166	0.0520	0.0178	0.0678	0.0333
C	116	GLN	0.4986	0.1605	0.4529	0.2552	0.8849	0.1416
C	117	ALA	0.7570	0.0107	0.7129	0.0456	0.4071	0.0754
C	118	LEU	1.1769	0.1907	1.1836	0.1205	0.9680	0.1926
C	119	PRO	1.2243	0.1325	0.9171	0.1303	0.2513	0.3253
C	120	MET	1.2536	0.3275	1.4256	0.1533	1.7415	0.2265
C	121	NHE	0.5157	0.0747	0.5442	0.0307	0.0000	0.0000
