rgn1	rgn2	WT.pcca2	WT.pcca2	bN82A.pcca2	bN82A.pcca2	aT41A.pcca1	aT41A.pcca1
		mf	sf	mf	sf	mf	sf
a1_0	a1_0	17.4444	0.1925	17.7778	0.7698	17.3333	0.0000
a1_0	a1_1	3.5556	0.5092	3.5556	0.1925	3.6667	0.0000
a1_0	a1_7	3.8889	0.5092	3.5556	0.5092	3.6667	0.3333
a1_0	a1_8	0.1111	0.1925	0.0000	0.0000	0.0000	0.0000
a1_0	b1_26	0.2222	0.1925	0.4444	0.7698	0.2222	0.3849
a1_0	b1_27	0.0000	0.0000	0.2222	0.3849	0.0000	0.0000
a1_0	b1_29	0.4444	0.1925	0.2222	0.1925	0.3333	0.3333
a1_0	b1_3	2.2222	0.1925	2.3333	0.3333	1.4444	0.3849
a1_0	b1_4	7.8889	0.3849	7.8889	1.6443	7.3333	1.4530
a1_0	b1_6	0.1111	0.1925	0.0000	0.0000	0.1111	0.1925
a1_0	b1_7	0.0000	0.0000	0.3333	0.3333	0.3333	0.3333
a1_0	x2_0	5.2222	0.1925	5.2222	0.5092	5.3333	0.3333
a1_1	a1_1	17.3333	0.5774	17.1111	0.1925	17.3333	0.3333
a1_1	a1_19	0.7778	0.1925	0.3333	0.3333	0.5556	0.5092
a1_1	a1_2	4.0000	0.3333	4.2222	0.1925	4.0000	0.3333
a1_1	a1_6	4.7778	0.3849	5.1111	0.6939	4.8889	0.1925
a1_1	a1_7	4.7778	0.6939	4.8889	0.7698	3.8889	0.5092
a1_1	a1_9	0.0000	0.0000	0.3333	0.0000	0.2222	0.1925
a1_1	b1_2	1.5556	0.1925	1.5556	0.1925	1.4444	0.3849
a1_1	b1_24	1.8889	1.5396	0.6667	0.8819	0.3333	0.3333
a1_1	b1_25	0.2222	0.3849	0.3333	0.3333	0.4444	0.3849
a1_1	b1_26	1.5556	1.0184	0.7778	0.5092	0.8889	1.0184
a1_1	b1_28	0.0000	0.0000	0.0000	0.0000	0.1111	0.1925
a1_1	b1_3	6.4444	1.0715	6.5556	0.8389	6.7778	1.0184
a1_1	b1_4	0.8889	0.1925	0.3333	0.3333	0.6667	0.3333
a1_1	c2_2	1.6667	0.6667	2.2222	0.1925	2.1111	0.3849
a1_1	c2_3	1.2222	0.3849	1.3333	0.3333	1.3333	0.0000
a1_1	x2_0	2.6667	1.4530	2.3333	1.4530	3.8889	0.5092
a1_10	a1_10	17.7778	1.0715	19.1111	1.0184	17.5556	0.1925
a1_10	a1_11	10.7778	0.3849	10.7778	0.5092	9.8889	0.6939
a1_10	a1_12	2.7778	0.3849	3.1111	1.0184	2.4444	0.5092
a1_10	a1_16	0.1111	0.1925	0.3333	0.0000	0.4444	0.3849
a1_10	a1_17	0.6667	0.6667	1.2222	0.3849	0.7778	0.5092
a1_10	a1_18	2.3333	1.3333	2.5556	0.5092	1.5556	0.3849
a1_10	a1_19	0.6667	0.3333	0.8889	0.1925	0.7778	0.1925
a1_10	x2_0	5.1111	0.1925	4.7778	0.3849	4.4444	0.5092
a1_11	a1_11	16.3333	0.6667	16.3333	0.3333	16.4444	0.9623
a1_11	a1_12	4.5556	0.5092	5.1111	0.6939	5.0000	0.3333
a1_11	a1_17	0.6667	0.3333	1.0000	0.0000	0.4444	0.1925
a1_11	a1_18	0.5556	0.5092	0.6667	0.6667	0.6667	0.0000
a1_11	a2_15	0.5556	0.1925	0.3333	0.3333	0.3333	0.5774
a1_11	x2_0	6.0000	0.0000	6.2222	0.3849	6.2222	0.1925
a1_12	a1_12	19.1111	0.3849	18.3333	0.3333	17.0000	0.3333
a1_12	a1_13	3.4444	0.3849	3.7778	0.1925	3.8889	0.1925
a1_12	a1_16	1.0000	0.0000	1.4444	0.5092	0.4444	0.1925
a1_12	a1_17	2.5556	1.3472	1.4444	0.3849	1.0000	0.6667
a1_12	a2_15	0.4444	0.5092	0.2222	0.3849	0.3333	0.3333
a1_12	x2_0	5.5556	0.3849	5.4444	0.5092	5.3333	0.0000
a1_13	a1_13	18.8889	0.6939	19.0000	0.3333	18.5556	0.1925
a1_13	a1_14	9.0000	1.4530	9.3333	1.4530	8.2222	0.6939
a1_13	a1_15	1.8889	0.1925	1.8889	0.1925	1.6667	0.3333
a1_13	a1_16	0.8889	0.1925	1.0000	0.3333	1.7778	0.5092
a1_13	a2_15	2.0000	1.2019	0.8889	0.3849	1.4444	0.5092
a1_13	a2_20	0.1111	0.1925	0.4444	0.3849	0.3333	0.0000
a1_13	b1_27	0.0000	0.0000	0.1111	0.1925	0.0000	0.0000
a1_13	b1_28	0.7778	0.1925	0.7778	0.1925	0.6667	0.8819
a1_13	b1_29	0.4444	0.5092	0.2222	0.1925	0.5556	0.3849
a1_13	b2_19	2.5556	0.1925	3.4444	0.5092	3.0000	0.3333
a1_13	x2_0	5.4444	0.3849	5.4444	0.1925	5.5556	0.5092
a1_14	a1_14	18.6667	0.0000	18.6667	0.3333	18.4444	0.5092
a1_14	a1_15	10.5556	0.7698	11.5556	0.5092	12.1111	0.5092
a1_14	a1_16	2.0000	0.3333	2.2222	0.3849	2.1111	0.1925
a1_14	b1_26	0.0000	0.0000	0.2222	0.3849	0.0000	0.0000
a1_14	b1_27	1.2222	0.6939	1.1111	0.3849	1.2222	1.1706
a1_14	b1_28	1.8889	0.5092	2.0000	0.5774	1.8889	0.8389
a1_14	b1_29	0.7778	0.1925	0.5556	0.1925	0.4444	0.1925
a1_14	c2_0	0.0000	0.0000	0.1111	0.1925	0.0000	0.0000
a1_14	c2_2	0.8889	0.1925	0.5556	0.3849	0.7778	0.3849
a1_14	x2_0	4.0000	0.0000	4.6667	0.8819	4.2222	0.3849
a1_15	a1_15	14.7778	0.3849	15.1111	0.1925	14.8889	0.1925
a1_15	a1_16	3.7778	0.1925	3.8889	0.5092	3.4444	0.5092
a1_15	b1_27	0.2222	0.1925	0.4444	0.3849	0.5556	0.5092
a1_15	b1_28	0.6667	0.3333	0.5556	0.3849	0.6667	0.6667
a1_15	b1_29	0.0000	0.0000	0.0000	0.0000	0.1111	0.1925
a1_15	c2_0	4.3333	0.5774	3.1111	0.3849	4.2222	1.5031
a1_15	c2_1	4.2222	0.8389	3.4444	0.5092	4.0000	1.2019
a1_15	x2_0	4.4444	0.6939	4.4444	0.3849	4.3333	0.3333
a1_16	a1_16	15.3333	0.6667	15.6667	0.3333	14.8889	0.3849
a1_16	a1_17	3.6667	0.5774	3.5556	0.1925	4.2222	0.3849
a1_16	a1_18	0.5556	0.3849	0.3333	0.0000	0.3333	0.0000
a1_16	b1_27	0.0000	0.0000	0.0000	0.0000	0.1111	0.1925
a1_16	c2_0	2.1111	1.0184	0.8889	0.5092	1.5556	0.5092
a1_16	c2_1	4.0000	1.1547	4.1111	0.8389	5.4444	0.8389
a1_16	c2_2	2.8889	1.1706	3.4444	0.3849	3.7778	0.3849
a1_16	x2_0	4.8889	0.1925	4.5556	0.1925	4.8889	0.1925
a1_17	a1_17	17.8889	0.7698	17.6667	0.8819	17.5556	0.6939
a1_17	a1_18	10.3333	0.8819	10.4444	1.0715	10.2222	1.0715
a1_17	a1_19	2.0000	0.0000	1.7778	0.1925	1.6667	0.3333
a1_17	c2_1	0.4444	0.1925	0.2222	0.1925	0.5556	0.3849
a1_17	c2_2	0.0000	0.0000	0.0000	0.0000	0.1111	0.1925
a1_17	x2_0	5.5556	0.6939	5.4444	0.1925	5.6667	0.3333
a1_18	a1_18	13.3333	0.3333	13.7778	0.1925	13.4444	0.3849
a1_18	a1_19	13.1111	0.3849	13.8889	0.5092	13.7778	0.7698
a1_18	a1_20	1.2222	0.8389	1.4444	0.1925	1.3333	1.1547
a1_18	c2_2	1.0000	1.0000	1.1111	0.5092	0.8889	0.5092
a1_18	x2_0	2.3333	0.8819	2.8889	0.3849	2.5556	0.3849
a1_19	a1_19	16.8889	0.1925	16.8889	0.1925	17.4444	0.3849
a1_19	a1_20	11.6667	0.6667	12.3333	0.3333	12.0000	1.2019
a1_19	a1_21	2.0000	0.0000	1.8889	0.1925	2.0000	0.0000
a1_19	c2_2	0.8889	0.1925	1.0000	0.0000	1.0000	0.0000
a1_19	c2_3	3.6667	0.0000	3.0000	0.5774	2.7778	0.6939
a1_19	x2_0	3.6667	0.3333	3.6667	0.8819	4.0000	0.3333
a1_2	a1_19	1.8889	0.5092	1.6667	0.8819	1.8889	1.1706
a1_2	a1_2	15.7778	0.5092	16.3333	0.3333	15.7778	0.1925
a1_2	a1_20	1.0000	0.0000	1.0000	0.0000	1.0000	0.0000
a1_2	a1_3	3.1111	0.1925	3.0000	0.0000	3.0000	0.0000
a1_2	a1_5	5.5556	0.6939	5.5556	0.3849	6.1111	0.5092
a1_2	a1_6	3.6667	1.0000	3.7778	0.1925	4.0000	0.3333
a1_2	a2_16	0.5556	0.1925	0.6667	0.0000	0.4444	0.1925
a1_2	a2_17	0.3333	0.5774	0.4444	0.1925	0.4444	0.1925
a1_2	a2_19	0.7778	0.3849	0.4444	0.1925	0.5556	0.3849
a1_2	a2_9	0.8889	0.1925	1.0000	0.0000	0.8889	0.1925
a1_2	b1_1	2.3333	0.3333	2.5556	0.1925	2.5556	0.1925
a1_2	b1_2	5.4444	1.0715	4.8889	0.9623	4.5556	0.7698
a1_2	b1_3	0.5556	0.1925	0.2222	0.1925	0.4444	0.5092
a1_2	c2_3	0.5556	0.3849	0.5556	0.1925	0.5556	0.1925
a1_2	x2_0	3.0000	0.8819	4.0000	0.3333	2.5556	0.8389
a1_20	a1_20	17.0000	0.0000	16.7778	0.3849	16.8889	0.6939
a1_20	a1_21	12.3333	1.0000	11.8889	0.5092	12.7778	0.7698
a1_20	a1_22	1.7778	0.1925	2.0000	0.0000	2.0000	0.0000
a1_20	b1_1	1.4444	0.1925	1.6667	0.3333	1.7778	0.1925
a1_20	b1_2	0.6667	0.5774	0.4444	0.1925	0.7778	0.1925
a1_20	c2_3	1.1111	0.5092	0.8889	0.5092	0.7778	0.5092
a1_20	c2_4	0.5556	0.5092	1.8889	0.6939	1.0000	0.3333
a1_20	x2_0	4.7778	0.5092	4.2222	0.7698	4.5556	1.0184
a1_21	a1_21	16.8889	0.5092	16.5556	0.3849	17.6667	0.3333
a1_21	a1_22	13.1111	0.8389	12.7778	0.8389	12.3333	1.2019
a1_21	a1_23	1.8889	0.1925	2.0000	0.0000	2.0000	0.0000
a1_21	b1_1	0.8889	0.1925	0.8889	0.1925	0.7778	0.1925
a1_21	c2_4	6.7778	1.6777	5.5556	0.1925	5.8889	0.7698
a1_21	x2_0	4.1111	1.0715	4.4444	0.1925	5.0000	0.0000
a1_22	a1_22	18.5556	0.1925	18.3333	0.5774	18.7778	0.1925
a1_22	a1_23	12.0000	0.3333	12.2222	0.7698	12.1111	1.0715
a1_22	a1_24	2.2222	0.3849	2.0000	0.3333	1.7778	0.1925
a1_22	a1_25	0.1111	0.1925	0.0000	0.0000	0.0000	0.0000
a1_22	b1_1	2.8889	1.0715	2.4444	0.5092	2.4444	0.5092
a1_22	b1_9	0.7778	0.1925	0.8889	0.1925	0.4444	0.1925
a1_22	c2_4	1.5556	0.6939	1.0000	0.3333	1.0000	0.0000
a1_22	c2_5	0.5556	0.5092	1.3333	0.3333	0.2222	0.1925
a1_22	x2_0	3.4444	0.6939	3.6667	0.3333	3.3333	0.5774
a1_23	a1_23	18.3333	0.3333	18.4444	0.3849	19.0000	0.3333
a1_23	a1_24	11.5556	1.6443	12.5556	0.3849	12.6667	0.5774
a1_23	a1_25	3.4444	0.3849	3.3333	0.5774	3.2222	0.1925
a1_23	b1_1	0.8889	0.6939	1.2222	0.1925	1.0000	0.3333
a1_23	b1_11	0.5556	0.5092	0.3333	0.0000	0.6667	0.0000
a1_23	b1_16	0.8889	0.1925	1.1111	0.1925	1.2222	0.1925
a1_23	b1_17	0.1111	0.1925	0.0000	0.0000	0.0000	0.0000
a1_23	b1_9	2.8889	0.7698	2.1111	0.3849	2.1111	0.8389
a1_23	c2_4	1.0000	0.3333	1.0000	0.0000	1.1111	0.1925
a1_23	c2_6	0.1111	0.1925	0.2222	0.3849	0.0000	0.0000
a1_23	x2_0	4.0000	0.0000	3.5556	0.1925	3.7778	0.1925
a1_24	a1_24	17.7778	0.3849	18.0000	0.0000	18.0000	0.0000
a1_24	a1_25	7.8889	0.6939	7.1111	0.1925	7.5556	0.7698
a1_24	b1_16	3.0000	0.3333	2.5556	0.5092	2.6667	0.5774
a1_24	b1_17	1.3333	0.3333	1.4444	0.1925	1.6667	0.3333
a1_24	b1_9	1.0000	0.0000	1.0000	0.0000	1.0000	0.0000
a1_24	c2_4	0.7778	0.1925	0.7778	0.3849	0.8889	0.1925
a1_24	c2_5	0.6667	0.5774	1.4444	0.1925	0.3333	0.3333
a1_24	c2_6	0.7778	0.5092	0.0000	0.0000	0.0000	0.0000
a1_24	x2_0	5.8889	0.1925	5.5556	0.5092	5.4444	0.1925
a1_25	a1_25	18.7778	0.5092	19.1111	1.0184	19.4444	0.6939
a1_25	a1_26	3.1111	0.1925	3.3333	0.3333	3.5556	0.5092
a1_25	b1_0	2.0000	0.3333	2.2222	1.0184	2.4444	0.1925
a1_25	b1_1	3.0000	0.5774	3.5556	0.3849	3.6667	0.5774
a1_25	b1_9	2.5556	0.5092	2.7778	0.3849	2.8889	0.5092
a1_25	c2_6	0.0000	0.0000	0.1111	0.1925	0.0000	0.0000
a1_25	x2_0	5.8889	0.1925	5.7778	0.3849	5.7778	0.1925
a1_26	a1_26	18.1111	0.3849	18.4444	0.3849	18.5556	0.3849
a1_26	a1_27	3.7778	0.3849	4.0000	0.8819	4.4444	0.3849
a1_26	a2_26	2.2222	1.1706	3.3333	0.3333	3.0000	0.3333
a1_26	a2_27	0.6667	0.0000	0.2222	0.3849	0.4444	0.1925
a1_26	a2_8	3.5556	0.1925	3.0000	0.5774	3.1111	0.6939
a1_26	b1_0	2.1111	0.1925	2.3333	0.3333	2.4444	0.1925
a1_26	b1_1	0.7778	0.3849	0.6667	0.3333	0.4444	0.3849
a1_26	b1_10	0.5556	0.1925	0.1111	0.1925	0.3333	0.3333
a1_26	b1_9	2.4444	0.1925	2.3333	0.0000	2.3333	0.8819
a1_26	x2_0	5.7778	0.3849	5.6667	0.3333	5.5556	0.1925
a1_27	a1_27	18.2222	0.1925	18.1111	0.3849	18.2222	0.5092
a1_27	a2_0	3.0000	0.0000	3.1111	0.1925	3.3333	0.3333
a1_27	a2_18	0.0000	0.0000	0.3333	0.3333	0.2222	0.1925
a1_27	a2_25	0.3333	0.5774	0.5556	0.1925	0.4444	0.1925
a1_27	a2_26	3.0000	0.8819	1.8889	0.6939	2.2222	0.6939
a1_27	a2_27	0.5556	0.1925	0.2222	0.1925	0.2222	0.1925
a1_27	a2_28	1.1111	0.5092	0.5556	0.6939	0.7778	0.6939
a1_27	a2_7	4.0000	1.0000	3.5556	0.6939	3.3333	0.5774
a1_27	a2_8	5.3333	0.0000	5.7778	0.6939	6.0000	0.6667
a1_27	a2_9	0.3333	0.3333	0.4444	0.3849	0.5556	0.5092
a1_27	b1_10	0.1111	0.1925	0.0000	0.0000	0.0000	0.0000
a1_27	x2_0	4.2222	0.1925	4.0000	0.3333	3.8889	0.1925
a1_3	a1_10	0.2222	0.3849	0.3333	0.3333	0.0000	0.0000
a1_3	a1_19	0.2222	0.1925	0.4444	0.1925	0.3333	0.3333
a1_3	a1_20	0.3333	0.3333	0.4444	0.1925	0.4444	0.1925
a1_3	a1_21	1.2222	0.3849	1.5556	0.1925	1.6667	0.3333
a1_3	a1_22	2.4444	0.6939	3.3333	0.3333	2.6667	0.8819
a1_3	a1_3	17.4444	0.3849	17.2222	0.1925	17.6667	0.3333
a1_3	a1_4	9.2222	0.1925	10.3333	0.5774	9.7778	0.9623
a1_3	a1_5	3.6667	0.3333	4.3333	0.6667	4.6667	1.0000
a1_3	a2_8	0.5556	0.1925	0.4444	0.1925	0.4444	0.1925
a1_3	a2_9	1.0000	0.3333	1.2222	0.3849	1.2222	0.1925
a1_3	b1_0	1.5556	0.3849	1.6667	0.5774	1.7778	0.1925
a1_3	b1_1	6.7778	1.1706	7.2222	1.0715	7.3333	0.3333
a1_3	x2_0	2.2222	0.3849	2.2222	0.1925	2.2222	0.1925
a1_4	a1_21	0.3333	0.0000	0.4444	0.5092	0.2222	0.1925
a1_4	a1_4	19.2222	1.3878	19.7778	0.1925	20.0000	0.6667
a1_4	a1_5	5.0000	0.3333	4.8889	0.5092	4.5556	0.1925
a1_4	a2_9	0.0000	0.0000	0.2222	0.1925	0.2222	0.1925
a1_4	b1_0	4.0000	1.0000	3.4444	0.5092	3.3333	0.3333
a1_4	x2_0	5.7778	0.3849	6.0000	0.0000	5.8889	0.1925
a1_5	a1_10	3.7778	2.1688	1.4444	1.5031	3.5556	1.7105
a1_5	a1_19	0.6667	0.0000	1.0000	0.3333	1.1111	0.5092
a1_5	a1_5	12.0000	0.0000	12.0000	0.0000	12.0000	0.0000
a1_5	a1_6	3.2222	0.3849	3.3333	0.3333	3.2222	0.1925
a1_5	a2_16	3.1111	0.1925	2.8889	0.5092	2.8889	0.6939
a1_5	x2_0	4.1111	0.1925	4.4444	0.1925	4.2222	0.8389
a1_6	a1_10	1.5556	0.5092	1.5556	0.1925	2.1111	1.0184
a1_6	a1_16	0.8889	0.1925	0.6667	0.3333	1.0000	0.0000
a1_6	a1_18	1.3333	0.3333	1.3333	0.0000	1.2222	0.1925
a1_6	a1_19	0.7778	0.1925	0.7778	0.6939	0.7778	0.3849
a1_6	a1_6	17.3333	0.6667	18.0000	0.3333	17.5556	0.6939
a1_6	a1_7	4.2222	0.8389	3.6667	0.5774	3.6667	0.3333
a1_6	a1_8	1.2222	0.5092	1.5556	0.1925	1.5556	0.5092
a1_6	a1_9	8.1111	0.5092	8.2222	0.8389	8.8889	0.5092
a1_6	a2_16	1.8889	0.7698	2.2222	0.5092	2.5556	0.3849
a1_6	a2_17	0.5556	0.3849	0.6667	0.0000	0.7778	0.1925
a1_6	b1_24	0.5556	0.5092	0.7778	0.1925	0.0000	0.0000
a1_6	b1_26	0.4444	0.1925	0.0000	0.0000	0.3333	0.3333
a1_6	c2_2	2.5556	0.5092	3.0000	0.5774	2.2222	0.1925
a1_6	x2_0	1.5556	0.6939	1.4444	0.1925	2.0000	0.3333
a1_7	a1_7	18.5556	0.5092	19.1111	0.1925	18.6667	0.3333
a1_7	a1_8	8.0000	0.0000	8.2222	0.5092	7.6667	0.5774
a1_7	a1_9	0.4444	0.1925	0.8889	0.6939	0.8889	0.8389
a1_7	a2_16	0.2222	0.3849	0.3333	0.0000	0.3333	0.3333
a1_7	a2_17	0.3333	0.3333	0.1111	0.1925	0.4444	0.1925
a1_7	b1_26	0.5556	0.3849	0.3333	0.3333	0.1111	0.1925
a1_7	b1_27	0.5556	0.5092	0.7778	0.6939	0.2222	0.3849
a1_7	b1_28	1.1111	0.5092	1.1111	0.8389	1.2222	0.1925
a1_7	b1_29	0.6667	0.5774	0.1111	0.1925	0.6667	0.5774
a1_7	b1_4	0.5556	0.1925	0.2222	0.1925	0.6667	0.3333
a1_7	b2_18	0.1111	0.1925	0.0000	0.0000	0.0000	0.0000
a1_7	b2_19	1.2222	0.5092	0.7778	0.3849	1.0000	0.3333
a1_7	b2_20	0.0000	0.0000	0.0000	0.0000	0.1111	0.1925
a1_7	b2_9	0.3333	0.5774	0.4444	0.1925	0.4444	0.1925
a1_7	c2_2	0.3333	0.0000	0.0000	0.0000	0.1111	0.1925
a1_7	x2_0	4.3333	0.3333	4.0000	0.0000	4.4444	0.3849
a1_8	a1_12	0.1111	0.1925	0.3333	0.3333	0.2222	0.3849
a1_8	a1_13	2.1111	0.3849	1.8889	0.1925	2.0000	0.3333
a1_8	a1_8	14.0000	0.0000	13.5556	0.1925	14.0000	0.3333
a1_8	a1_9	6.6667	0.8819	6.2222	0.5092	6.8889	1.0184
a1_8	a2_15	0.2222	0.3849	0.0000	0.0000	0.0000	0.0000
a1_8	a2_16	1.5556	0.9623	1.2222	0.8389	1.5556	1.0184
a1_8	a2_19	0.0000	0.0000	0.0000	0.0000	0.2222	0.3849
a1_8	b2_18	0.8889	0.1925	1.1111	0.3849	1.4444	0.1925
a1_8	b2_19	3.8889	0.9623	3.4444	0.7698	4.2222	1.0715
a1_8	b2_9	0.0000	0.0000	0.1111	0.1925	0.0000	0.0000
a1_8	x2_0	3.8889	0.1925	4.0000	0.6667	4.0000	0.5774
a1_9	a1_10	3.3333	0.3333	3.1111	0.1925	3.1111	0.1925
a1_9	a1_12	6.7778	0.5092	6.7778	0.7698	6.3333	0.5774
a1_9	a1_13	6.2222	0.5092	6.5556	1.5753	6.8889	0.5092
a1_9	a1_14	0.4444	0.5092	0.1111	0.1925	0.5556	0.6939
a1_9	a1_16	1.0000	0.0000	1.0000	0.0000	1.0000	0.0000
a1_9	a1_9	18.1111	0.9623	18.2222	0.5092	17.6667	0.3333
a1_9	a2_15	1.1111	0.3849	0.5556	0.3849	1.3333	0.8819
a1_9	a2_16	1.0000	0.0000	0.8889	0.1925	1.0000	0.0000
a1_9	b1_28	0.0000	0.0000	0.0000	0.0000	0.2222	0.1925
a1_9	b2_19	0.6667	0.3333	0.2222	0.1925	0.2222	0.1925
a1_9	c2_2	1.7778	0.1925	1.1111	0.5092	1.3333	0.5774
a1_9	x2_0	1.0000	0.0000	1.0000	0.0000	1.0000	0.0000
a2_0	a2_0	17.7778	0.1925	17.5556	0.1925	17.6667	0.3333
a2_0	a2_1	3.3333	0.3333	3.1111	0.1925	3.3333	0.0000
a2_0	a2_25	0.8889	0.5092	0.3333	0.3333	0.7778	0.1925
a2_0	a2_28	0.5556	0.1925	0.1111	0.1925	0.3333	0.0000
a2_0	a2_29	2.1111	0.1925	1.5556	0.1925	1.3333	0.3333
a2_0	a2_6	5.1111	0.8389	5.5556	0.3849	5.2222	0.9623
a2_0	a2_7	4.6667	0.3333	4.0000	0.8819	3.6667	0.3333
a2_0	x2_0	6.0000	0.3333	5.4444	0.3849	5.5556	0.1925
a2_1	a2_1	17.3333	0.5774	17.5556	0.5092	17.4444	0.5092
a2_1	a2_11	0.0000	0.0000	0.4444	0.5092	0.2222	0.1925
a2_1	a2_2	4.8889	0.1925	4.5556	0.1925	4.7778	0.1925
a2_1	a2_21	0.4444	0.1925	0.6667	0.0000	0.5556	0.1925
a2_1	a2_25	0.6667	0.3333	0.7778	0.3849	0.8889	0.1925
a2_1	a2_29	1.8889	0.6939	1.3333	0.5774	2.0000	0.5774
a2_1	a2_3	0.7778	0.1925	0.5556	0.5092	0.3333	0.3333
a2_1	a2_30	1.2222	0.5092	1.3333	0.3333	1.6667	0.8819
a2_1	a2_32	0.4444	0.7698	0.0000	0.0000	0.0000	0.0000
a2_1	a2_5	4.3333	1.2019	4.6667	0.3333	4.0000	0.0000
a2_1	a2_6	5.6667	0.3333	5.2222	0.6939	5.2222	0.8389
a2_1	b2_18	0.3333	0.3333	0.6667	0.3333	0.7778	0.1925
a2_1	b2_20	1.6667	0.3333	1.4444	0.5092	1.3333	0.6667
a2_1	x2_0	5.1111	0.3849	5.3333	0.5774	5.0000	0.3333
a2_10	a2_10	18.1111	0.1925	18.2222	0.1925	17.8889	0.1925
a2_10	a2_11	3.2222	0.3849	3.2222	0.1925	3.3333	0.0000
a2_10	a2_13	0.3333	0.3333	0.1111	0.1925	0.3333	0.3333
a2_10	a2_14	0.0000	0.0000	0.0000	0.0000	0.1111	0.1925
a2_10	a2_19	0.0000	0.0000	0.2222	0.3849	0.0000	0.0000
a2_10	a2_20	1.2222	0.3849	1.1111	0.1925	1.2222	0.1925
a2_10	a2_25	6.5556	1.0184	7.1111	0.1925	6.8889	0.5092
a2_10	a2_26	1.6667	0.3333	1.6667	0.3333	2.1111	0.3849
a2_10	x2_0	5.4444	0.5092	5.8889	0.1925	5.8889	0.3849
a2_11	a2_11	17.2222	0.8389	17.3333	0.3333	17.3333	0.3333
a2_11	a2_12	8.3333	0.6667	8.0000	0.0000	8.3333	0.5774
a2_11	a2_13	6.8889	1.9532	4.8889	1.3878	5.0000	0.8819
a2_11	a2_14	0.2222	0.3849	0.4444	0.1925	0.2222	0.1925
a2_11	a2_20	2.3333	0.5774	1.8889	0.8389	2.1111	0.5092
a2_11	a2_21	1.5556	0.1925	0.7778	0.1925	1.5556	0.3849
a2_11	a2_22	0.0000	0.0000	0.1111	0.1925	0.0000	0.0000
a2_11	a2_23	1.0000	0.0000	0.8889	0.1925	1.0000	0.0000
a2_11	a2_24	6.4444	0.6939	7.2222	0.3849	6.6667	0.3333
a2_11	a2_25	1.2222	0.6939	1.4444	0.1925	2.0000	0.0000
a2_11	a2_29	0.0000	0.0000	0.4444	0.1925	0.2222	0.3849
a2_11	x2_0	5.6667	0.3333	4.7778	0.9623	5.3333	0.6667
a2_12	a2_12	14.0000	0.3333	13.7778	0.1925	13.6667	0.3333
a2_12	a2_13	4.4444	0.1925	4.3333	0.3333	4.3333	0.3333
a2_12	a2_23	2.0000	0.0000	2.0000	0.3333	1.3333	0.6667
a2_12	a2_24	3.1111	0.3849	2.6667	0.3333	2.6667	0.5774
a2_12	x2_0	4.3333	0.0000	4.7778	0.3849	4.7778	0.1925
a2_13	a2_13	17.3333	0.3333	17.4444	0.3849	17.6667	0.3333
a2_13	a2_14	4.7778	1.5031	4.4444	0.6939	4.2222	0.1925
a2_13	a2_20	0.0000	0.0000	0.0000	0.0000	0.2222	0.3849
a2_13	a2_21	0.5556	0.1925	0.3333	0.3333	0.7778	0.7698
a2_13	x2_0	5.7778	0.1925	5.8889	0.1925	6.0000	0.0000
a2_14	a2_14	13.6667	0.8819	14.3333	0.5774	14.1111	0.6939
a2_14	a2_15	3.8889	0.6939	3.1111	0.1925	3.6667	0.8819
a2_14	a2_19	0.0000	0.0000	0.0000	0.0000	0.1111	0.1925
a2_14	a2_20	1.8889	0.5092	2.6667	0.3333	2.0000	0.5774
a2_14	a2_21	1.8889	1.0715	1.8889	1.5396	1.6667	1.1547
a2_14	x2_0	4.6667	0.3333	5.0000	0.0000	5.0000	0.0000
a2_15	a2_15	17.5556	0.6939	17.0000	0.3333	17.5556	0.5092
a2_15	a2_16	3.2222	0.3849	3.0000	0.0000	3.2222	0.1925
a2_15	a2_19	1.7778	0.1925	2.5556	0.6939	1.8889	0.1925
a2_15	a2_20	3.3333	0.5774	5.8889	3.1681	5.1111	0.7698
a2_15	x2_0	5.8889	0.1925	5.8889	0.1925	5.7778	0.1925
a2_16	a2_16	19.0000	0.6667	18.0000	0.3333	19.5556	0.1925
a2_16	a2_17	4.2222	0.3849	4.2222	0.6939	4.1111	0.1925
a2_16	a2_19	7.2222	1.5031	6.8889	0.6939	7.1111	0.8389
a2_16	a2_20	0.3333	0.3333	0.2222	0.1925	0.2222	0.1925
a2_16	x2_0	5.0000	0.0000	4.8889	0.5092	4.3333	0.0000
a2_17	a2_17	17.3333	0.3333	17.5556	0.5092	17.4444	0.3849
a2_17	a2_18	10.5556	0.8389	11.0000	0.3333	10.2222	1.1706
a2_17	a2_19	1.4444	0.6939	2.0000	0.3333	2.1111	0.1925
a2_17	b1_2	1.3333	0.3333	1.3333	0.3333	1.3333	0.3333
a2_17	b1_3	0.2222	0.3849	0.0000	0.0000	0.1111	0.1925
a2_17	b1_8	0.7778	0.1925	0.4444	0.1925	0.3333	0.5774
a2_17	x2_0	6.0000	0.0000	6.1111	0.1925	6.0000	0.0000
a2_18	a2_18	20.6667	0.8819	20.0000	0.3333	20.0000	0.5774
a2_18	a2_19	3.3333	0.3333	3.1111	0.1925	3.1111	0.1925
a2_18	b1_10	2.5556	0.7698	4.1111	0.1925	4.2222	0.7698
a2_18	b1_2	1.4444	1.0184	1.1111	0.5092	1.1111	0.8389
a2_18	b1_8	0.7778	0.3849	0.5556	0.1925	0.4444	0.5092
a2_18	b1_9	1.0000	0.0000	0.8889	0.1925	1.0000	0.0000
a2_18	x2_0	5.6667	0.0000	5.7778	0.3849	5.6667	0.3333
a2_19	a2_19	16.8889	0.5092	16.6667	0.3333	17.0000	0.3333
a2_19	a2_20	3.0000	0.0000	3.2222	0.1925	3.0000	0.0000
a2_19	b1_1	0.4444	0.5092	0.2222	0.1925	0.4444	0.1925
a2_19	b1_2	0.8889	0.1925	0.7778	0.1925	0.7778	0.3849
a2_19	b2_18	0.0000	0.0000	0.1111	0.1925	0.1111	0.1925
a2_19	x2_0	3.8889	0.6939	3.8889	0.1925	4.1111	0.1925
a2_2	a2_2	17.4444	0.5092	18.1111	0.1925	17.4444	0.1925
a2_2	a2_3	4.8889	0.5092	4.4444	0.6939	4.2222	0.6939
a2_2	a2_5	4.7778	0.9623	4.4444	0.1925	5.2222	1.0715
a2_2	a2_6	1.1111	0.1925	0.6667	0.6667	1.2222	0.5092
a2_2	b2_1	1.0000	1.0000	0.6667	0.6667	0.7778	1.3472
a2_2	b2_18	0.7778	0.3849	0.6667	0.5774	0.8889	0.1925
a2_2	b2_2	1.5556	0.5092	1.4444	0.1925	0.8889	0.8389
a2_2	b2_20	0.2222	0.1925	0.5556	0.3849	0.3333	0.5774
a2_2	b2_8	2.5556	0.3849	3.0000	0.8819	2.3333	0.3333
a2_2	b2_9	0.0000	0.0000	0.1111	0.1925	0.0000	0.0000
a2_2	x2_0	6.0000	0.0000	5.4444	0.3849	6.0000	0.0000
a2_20	a2_20	18.5556	0.3849	18.8889	0.5092	18.0000	0.3333
a2_20	a2_21	3.0000	0.0000	3.0000	0.0000	3.1111	0.1925
a2_20	b2_18	2.6667	0.6667	2.2222	0.6939	2.8889	0.3849
a2_20	b2_19	2.4444	0.3849	2.2222	0.5092	2.3333	0.6667
a2_20	x2_0	4.3333	0.3333	4.0000	0.5774	4.5556	0.1925
a2_21	a2_21	18.1111	0.3849	18.0000	0.5774	18.5556	0.6939
a2_21	a2_22	5.1111	0.1925	5.3333	0.0000	4.7778	0.5092
a2_21	a2_24	1.5556	0.3849	1.8889	0.1925	1.6667	0.3333
a2_21	a2_30	0.6667	0.3333	1.0000	0.0000	0.8889	0.1925
a2_21	x2_0	4.4444	0.3849	4.1111	0.9623	3.6667	0.3333
a2_22	a2_22	18.0000	0.6667	17.4444	0.1925	17.3333	0.3333
a2_22	a2_23	7.4444	0.6939	7.3333	0.3333	6.6667	0.3333
a2_22	a2_24	0.0000	0.0000	0.2222	0.3849	0.0000	0.0000
a2_22	a2_30	1.6667	0.0000	2.0000	0.8819	1.0000	0.3333
a2_22	x2_0	4.7778	0.1925	5.4444	0.3849	5.0000	0.3333
a2_23	a2_23	19.5556	0.5092	18.7778	0.6939	19.3333	0.0000
a2_23	a2_24	3.7778	0.3849	3.8889	0.1925	3.5556	0.3849
a2_23	a2_30	0.8889	0.9623	1.3333	0.3333	0.4444	0.5092
a2_23	a2_31	0.0000	0.0000	0.4444	0.5092	0.4444	0.5092
a2_23	a2_32	0.0000	0.0000	0.1111	0.1925	0.0000	0.0000
a2_23	x2_0	6.0000	0.0000	6.3333	0.5774	6.0000	0.0000
a2_24	a2_24	17.8889	0.1925	17.7778	0.1925	17.7778	0.3849
a2_24	a2_25	3.0000	0.0000	3.1111	0.1925	3.1111	0.1925
a2_24	a2_29	6.6667	0.3333	5.4444	0.5092	5.8889	0.5092
a2_24	a2_30	2.5556	1.3472	2.5556	0.3849	2.8889	0.6939
a2_24	x2_0	4.5556	0.8389	4.7778	0.5092	4.1111	0.6939
a2_25	a2_25	16.2222	0.5092	16.6667	0.6667	16.1111	0.1925
a2_25	a2_26	3.8889	0.8389	3.6667	0.3333	3.6667	0.3333
a2_25	a2_28	5.5556	0.8389	5.1111	1.0715	5.7778	0.8389
a2_25	a2_29	3.7778	0.5092	3.2222	0.9623	3.2222	0.5092
a2_25	x2_0	1.8889	0.8389	2.1111	0.1925	1.8889	0.5092
a2_26	a2_26	17.0000	0.6667	17.3333	0.5774	17.6667	0.3333
a2_26	a2_27	5.0000	1.2019	4.3333	0.8819	4.6667	0.5774
a2_26	a2_28	0.7778	0.1925	0.2222	0.1925	0.5556	0.6939
a2_26	b1_0	1.4444	0.1925	2.1111	0.5092	1.7778	0.5092
a2_26	x2_0	4.7778	0.3849	5.0000	0.3333	5.1111	0.1925
a2_27	a2_27	14.0000	0.0000	14.1111	0.1925	13.8889	0.1925
a2_27	a2_28	5.5556	0.3849	5.1111	0.1925	4.6667	0.3333
a2_27	x2_0	4.8889	0.1925	5.1111	0.1925	5.1111	0.1925
a2_28	a2_28	17.6667	0.5774	18.2222	0.1925	18.4444	0.3849
a2_28	a2_29	3.0000	0.0000	3.2222	0.3849	3.2222	0.3849
a2_28	x2_0	5.7778	0.1925	5.6667	0.5774	5.6667	0.5774
a2_29	a2_29	17.6667	0.0000	17.5556	0.1925	17.4444	0.5092
a2_29	a2_30	4.0000	0.0000	3.8889	0.1925	3.8889	0.1925
a2_29	a2_32	0.0000	0.0000	0.1111	0.1925	0.0000	0.0000
a2_29	x2_0	5.6667	0.0000	5.7778	0.1925	5.8889	0.1925
a2_3	a2_22	2.0000	0.0000	2.5556	0.3849	2.3333	1.0000
a2_3	a2_23	0.3333	0.3333	0.2222	0.1925	0.1111	0.1925
a2_3	a2_3	17.5556	0.1925	17.7778	0.1925	18.2222	0.1925
a2_3	a2_30	2.3333	0.6667	2.3333	0.5774	1.4444	0.3849
a2_3	a2_31	0.0000	0.0000	0.1111	0.1925	0.0000	0.0000
a2_3	a2_4	7.3333	0.5774	7.3333	0.5774	7.5556	0.3849
a2_3	a2_5	0.7778	0.5092	1.0000	0.0000	1.2222	0.1925
a2_3	b2_2	0.6667	0.5774	0.6667	0.3333	0.2222	0.3849
a2_3	b2_8	0.2222	0.3849	0.0000	0.0000	0.0000	0.0000
a2_3	x2_0	6.1111	0.3849	5.6667	0.3333	5.8889	0.6939
a2_30	a2_30	18.7778	0.6939	19.0000	0.3333	18.7778	0.3849
a2_30	a2_31	4.4444	1.9532	4.5556	1.6777	4.4444	1.1706
a2_30	a2_32	0.1111	0.1925	0.7778	1.0715	0.8889	1.5396
a2_30	x2_0	5.7778	0.5092	5.5556	0.1925	5.6667	0.5774
a2_31	a2_31	17.1111	0.1925	16.8889	0.1925	17.0000	0.3333
a2_31	a2_32	3.5556	0.3849	3.8889	0.5092	4.2222	0.7698
a2_31	b2_2	0.2222	0.3849	0.2222	0.3849	0.0000	0.0000
a2_31	b2_22	0.0000	0.0000	0.1111	0.1925	0.2222	0.3849
a2_31	b2_3	3.0000	1.4530	2.2222	0.5092	2.7778	1.5031
a2_31	b2_4	0.0000	0.0000	0.5556	0.6939	0.2222	0.3849
a2_31	b2_5	0.4444	0.7698	0.0000	0.0000	0.4444	0.7698
a2_31	b2_6	0.5556	0.6939	0.2222	0.3849	0.4444	0.7698
a2_31	b2_7	0.0000	0.0000	0.2222	0.3849	0.0000	0.0000
a2_31	x2_0	6.2222	0.1925	5.8889	0.1925	5.7778	0.1925
a2_32	a2_32	3.0000	0.0000	3.0000	0.0000	3.0000	0.0000
a2_32	b2_2	0.1111	0.1925	0.1111	0.1925	0.0000	0.0000
a2_32	b2_21	0.0000	0.0000	0.1111	0.1925	0.0000	0.0000
a2_32	b2_22	0.0000	0.0000	0.2222	0.1925	0.0000	0.0000
a2_32	b2_3	0.2222	0.1925	0.8889	0.6939	0.3333	0.3333
a2_32	b2_4	0.0000	0.0000	0.3333	0.5774	0.0000	0.0000
a2_32	b2_5	2.5556	1.3878	0.6667	1.1547	1.7778	2.2690
a2_32	b2_6	0.0000	0.0000	0.4444	0.5092	0.0000	0.0000
a2_32	x2_0	2.0000	0.0000	2.1111	0.1925	2.0000	0.0000
a2_4	a2_21	0.7778	0.5092	0.6667	0.3333	0.6667	0.5774
a2_4	a2_22	5.0000	1.2019	5.3333	1.1547	5.4444	0.1925
a2_4	a2_23	0.7778	0.5092	0.7778	0.1925	0.5556	0.5092
a2_4	a2_4	18.3333	0.8819	18.6667	0.3333	18.7778	0.5092
a2_4	a2_5	3.8889	0.1925	3.8889	0.5092	3.5556	0.1925
a2_4	b2_1	0.0000	0.0000	0.1111	0.1925	0.0000	0.0000
a2_4	x2_0	6.1111	0.1925	6.1111	0.1925	6.1111	0.1925
a2_5	a2_11	1.5556	0.3849	1.2222	0.1925	1.4444	0.3849
a2_5	a2_20	1.4444	0.1925	1.2222	0.1925	1.5556	0.1925
a2_5	a2_21	10.1111	0.6939	10.6667	1.4530	9.3333	0.3333
a2_5	a2_22	0.3333	0.5774	0.3333	0.3333	0.2222	0.1925
a2_5	a2_24	0.5556	0.5092	0.6667	0.3333	0.8889	0.1925
a2_5	a2_30	0.8889	0.1925	0.8889	0.1925	0.7778	0.3849
a2_5	a2_5	17.4444	0.5092	17.7778	0.1925	17.4444	0.5092
a2_5	a2_6	3.7778	0.6939	3.4444	0.1925	3.3333	0.3333
a2_5	x2_0	3.5556	0.1925	3.1111	0.5092	3.0000	0.5774
a2_6	a2_10	0.3333	0.0000	0.0000	0.0000	0.0000	0.0000
a2_6	a2_11	2.7778	0.3849	2.4444	0.5092	2.4444	0.6939
a2_6	a2_19	2.0000	0.5774	1.7778	0.3849	2.1111	0.1925
a2_6	a2_20	5.7778	0.5092	5.2222	0.3849	5.8889	0.5092
a2_6	a2_25	1.0000	0.0000	1.0000	0.0000	1.1111	0.1925
a2_6	a2_6	15.6667	0.3333	16.4444	0.5092	15.8889	0.1925
a2_6	a2_7	3.8889	0.1925	3.6667	0.5774	4.2222	0.6939
a2_6	b2_18	1.1111	0.3849	1.2222	0.1925	1.1111	0.1925
a2_6	b2_20	0.1111	0.1925	0.0000	0.0000	0.0000	0.0000
a2_6	x2_0	2.0000	0.0000	1.6667	0.0000	2.1111	0.1925
a2_7	a2_10	0.4444	0.5092	0.3333	0.3333	0.5556	0.1925
a2_7	a2_17	2.1111	0.1925	1.8889	0.1925	2.2222	0.3849
a2_7	a2_18	1.6667	0.3333	1.1111	0.1925	1.5556	0.5092
a2_7	a2_19	7.3333	0.6667	7.8889	0.5092	7.1111	0.7698
a2_7	a2_25	0.5556	0.3849	0.7778	0.1925	0.7778	0.1925
a2_7	a2_7	18.4444	0.1925	18.3333	0.3333	17.8889	0.5092
a2_7	a2_8	6.3333	0.3333	6.0000	0.0000	6.4444	0.5092
a2_7	a2_9	0.7778	0.1925	0.6667	0.3333	0.4444	0.3849
a2_7	x2_0	3.0000	0.3333	2.7778	0.3849	3.6667	0.6667
a2_8	a2_16	0.7778	0.3849	0.8889	0.1925	0.8889	0.1925
a2_8	a2_18	2.5556	0.1925	1.8889	0.3849	2.7778	0.1925
a2_8	a2_19	5.5556	0.6939	5.2222	0.3849	5.4444	0.6939
a2_8	a2_26	1.8889	0.3849	2.2222	0.6939	2.1111	0.7698
a2_8	a2_8	18.0000	0.3333	17.2222	0.3849	17.8889	0.1925
a2_8	a2_9	6.8889	1.0184	7.0000	0.5774	6.8889	0.8389
a2_8	b1_0	0.3333	0.0000	0.4444	0.1925	0.2222	0.1925
a2_8	b1_1	0.6667	0.3333	0.6667	0.3333	0.7778	0.1925
a2_8	b1_10	0.4444	0.1925	0.3333	0.0000	0.4444	0.3849
a2_8	x2_0	1.0000	0.0000	1.0000	0.0000	1.0000	0.0000
a2_9	a2_10	3.5556	0.1925	3.3333	0.5774	3.4444	0.3849
a2_9	a2_16	2.5556	1.0184	3.2222	0.6939	2.8889	0.5092
a2_9	a2_19	1.0000	0.0000	0.6667	0.3333	1.0000	0.3333
a2_9	a2_25	0.7778	0.3849	0.7778	0.3849	0.5556	0.1925
a2_9	a2_26	5.5556	1.2620	3.7778	0.5092	5.0000	0.3333
a2_9	a2_9	16.7778	1.3472	18.0000	0.3333	16.5556	0.8389
a2_9	b1_0	0.1111	0.1925	0.3333	0.0000	0.2222	0.1925
a2_9	b1_1	0.6667	0.3333	0.5556	0.1925	0.8889	0.1925
a2_9	x2_0	3.6667	0.3333	3.6667	0.3333	4.1111	0.1925
b1_0	b1_0	18.5556	0.9623	18.8889	0.3849	18.8889	0.5092
b1_0	b1_1	4.2222	0.1925	4.0000	0.6667	3.6667	0.3333
b1_0	x2_0	6.3333	0.8819	5.7778	0.3849	5.7778	0.1925
b1_1	b1_1	17.0000	0.5774	17.3333	0.5774	17.0000	0.8819
b1_1	b1_2	4.2222	0.5092	3.4444	0.3849	3.7778	0.5092
b1_1	b1_8	0.8889	0.1925	0.8889	0.1925	1.0000	0.0000
b1_1	b1_9	8.1111	1.3472	6.7778	0.1925	5.6667	1.7638
b1_1	c2_4	1.0000	0.0000	1.0000	0.0000	1.0000	0.0000
b1_1	x2_0	3.8889	0.5092	4.0000	0.3333	4.0000	0.6667
b1_10	b1_10	17.8889	0.3849	18.0000	0.0000	17.7778	0.5092
b1_10	b1_11	4.7778	0.8389	4.8889	0.3849	4.7778	0.5092
b1_10	b1_15	3.7778	0.8389	2.4444	0.5092	2.4444	0.5092
b1_10	x2_0	6.1111	0.1925	6.0000	0.0000	5.8889	0.1925
b1_11	b1_11	16.5556	0.1925	16.7778	0.6939	16.5556	0.5092
b1_11	b1_12	3.0000	0.0000	3.0000	0.0000	3.0000	0.0000
b1_11	b1_14	4.7778	0.1925	4.8889	0.5092	4.5556	0.3849
b1_11	b1_15	6.2222	0.3849	5.4444	0.6939	5.0000	1.0000
b1_11	b1_16	1.3333	0.3333	2.3333	0.3333	1.5556	0.8389
b1_11	b1_17	0.2222	0.3849	0.1111	0.1925	0.1111	0.1925
b1_11	b1_18	1.1111	0.6939	0.5556	0.3849	0.1111	0.1925
b1_11	b1_19	0.6667	0.0000	0.2222	0.1925	0.5556	0.1925
b1_11	x2_0	3.5556	0.5092	3.8889	0.3849	4.2222	0.5092
b1_12	b1_12	17.2222	0.1925	16.6667	0.3333	18.0000	0.8819
b1_12	b1_13	11.2222	0.6939	11.2222	0.6939	11.3333	0.8819
b1_12	b1_14	2.4444	0.5092	3.2222	0.3849	3.6667	1.5275
b1_12	b1_21	0.1111	0.1925	0.5556	0.1925	0.0000	0.0000
b1_12	b1_22	1.7778	0.8389	1.4444	0.5092	0.2222	0.1925
b1_12	b1_23	0.3333	0.3333	0.5556	0.5092	0.1111	0.1925
b1_12	x2_0	4.7778	0.5092	4.7778	0.5092	5.2222	0.5092
b1_13	b1_13	14.6667	0.6667	14.7778	0.3849	14.8889	0.1925
b1_13	b1_14	3.8889	0.1925	4.2222	0.5092	4.4444	0.1925
b1_13	b1_21	0.4444	0.1925	0.3333	0.5774	0.2222	0.3849
b1_13	b1_22	1.0000	0.0000	0.8889	0.1925	0.3333	0.5774
b1_13	x2_0	5.0000	0.3333	4.7778	0.5092	5.0000	0.0000
b1_14	b1_14	18.6667	0.8819	19.0000	0.3333	18.2222	1.1706
b1_14	b1_15	3.2222	0.1925	3.1111	0.1925	3.0000	0.0000
b1_14	b1_18	1.6667	1.5275	1.1111	0.5092	0.7778	0.1925
b1_14	b1_19	4.7778	0.5092	4.8889	1.3472	2.7778	1.8359
b1_14	b1_20	0.0000	0.0000	0.0000	0.0000	0.2222	0.1925
b1_14	b1_21	0.4444	0.3849	0.6667	0.3333	1.1111	0.5092
b1_14	b1_22	1.1111	0.1925	1.1111	0.1925	1.3333	0.5774
b1_14	b1_23	0.0000	0.0000	0.0000	0.0000	0.1111	0.1925
b1_14	c2_4	1.0000	0.0000	1.0000	0.0000	0.3333	0.5774
b1_14	x2_0	4.4444	0.5092	5.5556	0.3849	5.3333	0.3333
b1_15	b1_15	17.2222	0.5092	17.0000	0.3333	17.2222	0.8389
b1_15	b1_16	5.6667	0.6667	6.8889	0.3849	6.5556	1.3472
b1_15	b1_17	1.1111	0.1925	2.6667	1.2019	1.7778	0.5092
b1_15	b1_18	0.8889	0.5092	0.8889	0.5092	0.5556	0.5092
b1_15	x2_0	5.7778	0.1925	5.4444	0.5092	5.8889	0.1925
b1_16	b1_16	14.8889	0.1925	14.7778	0.3849	14.8889	0.1925
b1_16	b1_17	10.4444	1.0184	9.5556	0.1925	10.1111	0.1925
b1_16	b1_18	1.5556	0.1925	1.0000	0.3333	1.2222	0.5092
b1_16	c2_6	0.2222	0.3849	0.0000	0.0000	0.0000	0.0000
b1_16	x2_0	4.5556	0.6939	4.3333	0.3333	3.8889	0.5092
b1_17	b1_17	19.4444	0.5092	19.7778	0.1925	19.3333	0.3333
b1_17	b1_18	11.5556	0.5092	12.0000	0.5774	12.0000	2.3333
b1_17	b1_19	2.4444	0.5092	2.7778	0.3849	2.6667	0.5774
b1_17	c2_4	1.5556	0.7698	1.8889	0.1925	1.4444	0.5092
b1_17	c2_5	2.5556	1.8359	3.0000	0.0000	3.2222	1.9532
b1_17	c2_6	0.5556	0.9623	0.4444	0.5092	0.0000	0.0000
b1_17	x2_0	4.1111	0.3849	4.8889	0.3849	4.5556	0.5092
b1_18	b1_18	17.3333	0.3333	16.7778	0.1925	17.2222	1.0715
b1_18	b1_19	10.7778	1.8359	11.4444	0.3849	10.6667	0.3333
b1_18	b1_20	2.0000	0.8819	2.0000	0.3333	0.8889	1.5396
b1_18	b1_21	0.0000	0.0000	0.0000	0.0000	0.4444	0.7698
b1_18	c2_4	0.7778	0.5092	0.6667	0.5774	0.1111	0.1925
b1_18	c2_5	1.1111	0.3849	1.3333	0.3333	3.4444	0.5092
b1_18	c2_6	0.4444	0.1925	0.3333	0.3333	0.2222	0.1925
b1_18	x2_0	4.1111	0.9623	4.8889	0.8389	4.7778	0.5092
b1_19	b1_19	17.7778	0.3849	18.0000	0.0000	17.8889	0.1925
b1_19	b1_20	7.7778	1.5396	6.7778	0.3849	5.8889	1.5396
b1_19	b1_21	1.6667	0.3333	1.6667	0.8819	2.1111	2.5240
b1_19	b1_22	0.0000	0.0000	0.0000	0.0000	0.3333	0.5774
b1_19	c2_4	3.1111	0.3849	3.8889	0.7698	2.2222	1.7105
b1_19	c2_5	0.0000	0.0000	0.0000	0.0000	0.4444	0.7698
b1_19	c2_6	0.0000	0.0000	0.0000	0.0000	0.4444	0.5092
b1_19	x2_0	4.7778	0.3849	5.1111	0.1925	5.5556	0.6939
b1_2	b1_2	17.2222	0.1925	17.6667	0.3333	17.4444	0.1925
b1_2	b1_3	4.5556	0.1925	4.5556	0.5092	4.5556	0.1925
b1_2	b1_7	0.0000	0.0000	0.1111	0.1925	0.0000	0.0000
b1_2	b1_8	6.0000	0.5774	5.3333	0.8819	6.3333	0.5774
b1_2	b1_9	2.8889	0.1925	3.0000	0.3333	2.8889	0.6939
b1_2	c2_3	0.8889	0.5092	0.7778	0.1925	0.6667	0.3333
b1_2	x2_0	3.2222	0.1925	3.6667	0.0000	3.2222	0.3849
b1_20	b1_20	18.7778	0.1925	18.3333	0.3333	18.3333	0.3333
b1_20	b1_21	13.3333	0.8819	12.8889	1.1706	13.8889	1.2620
b1_20	b1_22	0.6667	0.5774	1.6667	1.0000	1.6667	0.3333
b1_20	c2_4	0.0000	0.0000	0.0000	0.0000	0.1111	0.1925
b1_20	c2_5	0.0000	0.0000	0.0000	0.0000	0.2222	0.3849
b1_20	c2_6	0.4444	0.7698	0.0000	0.0000	0.0000	0.0000
b1_20	x2_0	5.8889	0.1925	5.8889	0.1925	5.8889	0.5092
b1_21	b1_21	18.6667	0.3333	18.4444	0.1925	18.6667	0.3333
b1_21	b1_22	15.0000	0.6667	15.3333	0.8819	14.8889	0.1925
b1_21	b1_23	1.5556	0.1925	1.5556	0.3849	1.2222	0.7698
b1_21	c2_4	0.2222	0.3849	0.4444	0.1925	0.0000	0.0000
b1_21	c2_5	0.0000	0.0000	0.0000	0.0000	0.7778	0.1925
b1_21	c2_6	0.1111	0.1925	0.0000	0.0000	0.4444	0.3849
b1_21	x2_0	3.5556	0.3849	4.8889	0.5092	5.1111	0.5092
b1_22	b1_22	18.0000	0.0000	18.0000	0.3333	17.8889	0.1925
b1_22	b1_23	10.4444	0.5092	10.1111	1.5753	11.8889	1.6777
b1_22	b1_24	0.0000	0.0000	0.0000	0.0000	2.1111	0.8389
b1_22	c2_3	1.6667	0.3333	1.5556	0.1925	1.0000	1.0000
b1_22	c2_4	1.0000	0.3333	0.8889	0.1925	0.7778	0.1925
b1_22	c2_5	0.0000	0.0000	0.0000	0.0000	0.1111	0.1925
b1_22	c2_6	0.0000	0.0000	0.0000	0.0000	2.2222	2.3413
b1_22	x2_0	5.7778	0.1925	5.6667	0.5774	4.5556	1.0184
b1_23	b1_23	15.2222	0.1925	15.1111	0.1925	14.7778	0.1925
b1_23	b1_24	11.5556	0.6939	9.8889	0.1925	9.1111	1.9532
b1_23	b1_25	4.3333	0.3333	4.3333	0.8819	0.4444	0.7698
b1_23	c2_3	0.0000	0.0000	0.0000	0.0000	1.4444	2.2194
b1_23	c2_6	0.0000	0.0000	0.0000	0.0000	0.3333	0.3333
b1_23	x2_0	4.8889	0.5092	4.5556	1.0184	5.2222	0.3849
b1_24	b1_24	19.0000	0.3333	19.0000	0.0000	18.3333	0.3333
b1_24	b1_25	10.8889	0.6939	8.5556	1.2620	12.4444	0.6939
b1_24	b1_26	2.2222	1.0715	1.7778	0.1925	2.1111	0.5092
b1_24	c2_2	2.6667	0.3333	3.4444	0.1925	3.1111	0.5092
b1_24	c2_3	1.7778	0.3849	0.8889	0.1925	1.6667	0.3333
b1_24	x2_0	4.1111	0.8389	4.7778	0.6939	5.7778	0.3849
b1_25	b1_25	17.2222	0.1925	17.5556	0.1925	16.5556	0.3849
b1_25	b1_26	10.5556	2.1688	9.5556	2.2194	9.5556	1.6777
b1_25	b1_27	1.1111	1.0184	0.8889	1.0184	1.1111	1.0715
b1_25	c2_1	0.4444	0.5092	0.0000	0.0000	0.4444	0.5092
b1_25	c2_2	0.7778	0.3849	0.7778	0.3849	1.0000	0.0000
b1_25	x2_0	4.0000	0.0000	4.4444	0.6939	5.8889	0.1925
b1_26	b1_26	14.8889	0.1925	12.7778	0.1925	13.8889	0.8389
b1_26	b1_27	9.2222	1.2620	8.7778	2.2194	7.1111	2.4570
b1_26	b1_28	0.4444	0.5092	0.4444	0.5092	0.2222	0.3849
b1_26	b1_29	0.6667	0.3333	0.1111	0.1925	0.1111	0.1925
b1_26	c2_2	4.0000	0.6667	1.6667	0.8819	3.8889	0.1925
b1_26	x2_0	3.4444	0.1925	3.5556	0.8389	4.2222	0.6939
b1_27	b1_27	13.2222	0.5092	13.3333	0.3333	13.4444	0.6939
b1_27	b1_28	11.2222	1.6443	10.5556	1.3472	10.0000	1.1547
b1_27	b1_29	3.1111	1.2620	3.6667	1.7638	4.4444	0.3849
b1_27	b2_19	0.0000	0.0000	0.1111	0.1925	0.0000	0.0000
b1_27	c2_1	0.7778	0.3849	0.3333	0.5774	0.3333	0.3333
b1_27	c2_2	0.6667	0.3333	0.2222	0.3849	0.2222	0.3849
b1_27	x2_0	3.6667	0.8819	3.6667	0.6667	3.7778	0.8389
b1_28	b1_28	17.7778	0.6939	17.5556	0.5092	18.3333	0.3333
b1_28	b1_29	6.5556	1.7105	8.5556	2.4570	8.5556	1.8954
b1_28	b2_0	0.0000	0.0000	0.0000	0.0000	0.1111	0.1925
b1_28	b2_19	0.6667	0.5774	0.7778	0.1925	0.7778	0.8389
b1_28	b2_9	0.4444	0.3849	0.7778	0.6939	0.7778	0.5092
b1_28	x2_0	5.0000	0.3333	4.5556	0.3849	4.2222	1.0184
b1_29	b1_29	17.7778	0.3849	17.7778	0.1925	18.4444	0.7698
b1_29	b2_0	3.6667	0.3333	4.1111	0.5092	4.6667	0.8819
b1_29	b2_10	0.3333	0.3333	0.2222	0.1925	0.3333	0.3333
b1_29	b2_19	0.6667	0.5774	0.8889	0.3849	1.1111	0.1925
b1_29	b2_20	0.1111	0.1925	0.1111	0.1925	0.1111	0.1925
b1_29	b2_9	1.4444	0.3849	1.5556	0.1925	1.7778	0.1925
b1_29	x2_0	5.6667	0.3333	5.7778	0.1925	5.4444	0.5092
b1_3	b1_22	0.4444	0.5092	0.4444	0.1925	0.2222	0.3849
b1_3	b1_23	0.1111	0.1925	0.0000	0.0000	0.2222	0.3849
b1_3	b1_24	2.2222	0.3849	0.7778	1.3472	1.3333	0.6667
b1_3	b1_25	2.3333	1.1547	1.0000	0.0000	1.0000	0.0000
b1_3	b1_26	0.0000	0.0000	0.2222	0.3849	0.1111	0.1925
b1_3	b1_3	15.1111	0.5092	15.0000	0.3333	16.2222	1.0715
b1_3	b1_4	5.6667	1.7638	3.7778	0.5092	3.4444	0.5092
b1_3	b1_6	0.3333	0.3333	0.5556	0.1925	0.6667	0.0000
b1_3	b1_7	7.1111	0.5092	7.1111	0.6939	6.6667	1.0000
b1_3	b1_8	1.6667	0.3333	1.6667	0.3333	1.7778	0.3849
b1_3	c2_3	2.6667	0.5774	2.6667	0.3333	2.4444	0.1925
b1_3	x2_0	2.8889	1.3878	4.6667	0.6667	4.4444	0.1925
b1_4	b1_25	0.6667	0.3333	0.1111	0.1925	0.0000	0.0000
b1_4	b1_26	1.0000	0.0000	0.8889	0.1925	1.2222	0.1925
b1_4	b1_27	0.0000	0.0000	0.4444	0.5092	0.0000	0.0000
b1_4	b1_29	0.2222	0.3849	0.2222	0.3849	0.3333	0.3333
b1_4	b1_4	17.8889	0.5092	17.7778	0.1925	17.6667	0.3333
b1_4	b1_5	3.8889	0.9623	4.6667	0.3333	3.7778	0.5092
b1_4	b1_6	4.3333	0.6667	3.4444	0.5092	3.0000	0.6667
b1_4	b1_7	2.4444	1.0715	2.0000	0.5774	2.0000	0.5774
b1_4	x2_0	4.8889	0.5092	5.5556	0.3849	5.3333	0.6667
b1_5	b1_25	0.7778	0.6939	0.3333	0.3333	0.0000	0.0000
b1_5	b1_26	0.8889	0.5092	1.5556	0.8389	2.2222	0.8389
b1_5	b1_27	0.0000	0.0000	0.6667	0.6667	0.5556	0.6939
b1_5	b1_5	15.3333	0.3333	14.8889	0.6939	15.3333	0.6667
b1_5	b1_6	6.5556	1.0184	6.4444	0.1925	6.1111	0.6939
b1_5	x2_0	4.8889	0.5092	5.0000	0.0000	5.0000	0.0000
b1_6	b1_23	1.3333	0.8819	1.6667	0.6667	0.3333	0.5774
b1_6	b1_24	0.0000	0.0000	0.0000	0.0000	0.1111	0.1925
b1_6	b1_25	0.8889	0.1925	1.6667	0.3333	1.2222	0.6939
b1_6	b1_26	0.0000	0.0000	0.7778	0.8389	1.2222	0.1925
b1_6	b1_6	17.7778	0.3849	18.7778	0.7698	18.2222	0.1925
b1_6	b1_7	3.2222	0.3849	3.0000	0.0000	3.4444	0.7698
b1_6	x2_0	5.8889	0.1925	5.8889	0.3849	6.2222	0.6939
b1_7	b1_11	0.5556	0.3849	0.3333	0.3333	0.3333	0.3333
b1_7	b1_12	8.5556	0.7698	7.6667	0.8819	6.2222	1.3472
b1_7	b1_13	0.6667	0.5774	0.7778	0.5092	0.3333	0.0000
b1_7	b1_22	0.1111	0.1925	0.0000	0.0000	0.0000	0.0000
b1_7	b1_23	0.8889	0.8389	2.0000	0.6667	0.8889	0.3849
b1_7	b1_24	0.5556	0.5092	0.5556	0.5092	0.2222	0.1925
b1_7	b1_25	0.5556	0.5092	0.0000	0.0000	0.3333	0.3333
b1_7	b1_7	17.5556	0.9623	17.6667	0.3333	17.4444	0.1925
b1_7	b1_8	3.7778	0.1925	3.4444	0.1925	3.8889	0.3849
b1_7	x2_0	2.8889	0.5092	4.7778	0.5092	5.5556	0.5092
b1_8	b1_10	3.0000	0.0000	2.6667	0.3333	2.4444	0.3849
b1_8	b1_11	7.7778	1.6443	7.8889	0.5092	7.8889	0.8389
b1_8	b1_12	1.5556	0.3849	1.8889	0.1925	1.7778	0.5092
b1_8	b1_14	1.0000	0.0000	0.8889	0.1925	0.8889	0.1925
b1_8	b1_19	0.4444	0.1925	0.4444	0.5092	0.2222	0.3849
b1_8	b1_22	1.0000	0.0000	1.0000	0.0000	1.0000	0.0000
b1_8	b1_23	0.0000	0.0000	0.0000	0.0000	0.1111	0.1925
b1_8	b1_8	15.3333	0.3333	15.7778	0.1925	15.6667	0.5774
b1_8	b1_9	3.4444	0.5092	3.7778	0.6939	3.7778	0.5092
b1_8	c2_4	0.0000	0.0000	0.1111	0.1925	0.0000	0.0000
b1_8	x2_0	2.2222	0.1925	3.6667	0.3333	3.3333	1.2019
b1_9	b1_10	9.2222	0.6939	9.8889	0.8389	8.7778	0.1925
b1_9	b1_11	0.0000	0.0000	0.0000	0.0000	0.4444	0.7698
b1_9	b1_16	0.0000	0.0000	0.4444	0.1925	0.4444	0.3849
b1_9	b1_9	18.4444	0.1925	18.4444	0.1925	18.6667	0.0000
b1_9	x2_0	4.5556	0.5092	5.3333	0.5774	5.1111	0.6939
b2_0	b2_0	17.2222	0.3849	17.2222	0.1925	17.3333	0.3333
b2_0	b2_1	5.1111	0.1925	5.1111	1.0184	5.3333	0.6667
b2_0	b2_10	0.3333	0.3333	0.2222	0.1925	0.3333	0.3333
b2_0	b2_20	0.1111	0.1925	0.3333	0.3333	0.0000	0.0000
b2_0	b2_27	0.8889	0.1925	0.8889	0.1925	0.5556	0.3849
b2_0	b2_28	4.6667	0.3333	5.3333	1.1547	4.8889	0.6939
b2_0	b2_9	6.8889	2.2690	7.4444	0.5092	6.1111	0.1925
b2_0	x2_0	5.6667	0.3333	5.5556	0.1925	5.3333	0.6667
b2_1	b2_1	16.8889	1.0184	17.1111	0.1925	16.3333	0.0000
b2_1	b2_11	0.2222	0.3849	0.0000	0.0000	0.1111	0.1925
b2_1	b2_2	3.2222	0.3849	3.0000	0.0000	3.0000	0.0000
b2_1	b2_26	0.0000	0.0000	0.2222	0.1925	0.0000	0.0000
b2_1	b2_27	1.3333	0.3333	1.5556	0.1925	1.8889	0.1925
b2_1	b2_28	0.3333	0.3333	0.5556	0.3849	0.1111	0.1925
b2_1	b2_30	2.8889	1.0184	2.5556	0.1925	2.5556	0.5092
b2_1	b2_7	0.5556	0.3849	0.7778	0.3849	0.4444	0.1925
b2_1	b2_8	7.1111	0.5092	6.8889	0.5092	7.3333	0.3333
b2_1	b2_9	2.1111	0.8389	1.4444	0.1925	2.3333	0.3333
b2_1	x2_0	4.3333	0.6667	4.5556	0.1925	4.2222	0.1925
b2_10	b2_10	13.1111	0.1925	13.0000	0.3333	12.7778	0.1925
b2_10	b2_11	4.5556	0.5092	4.3333	0.3333	4.4444	0.1925
b2_10	b2_17	0.8889	0.1925	0.7778	0.1925	0.7778	0.1925
b2_10	b2_20	1.6667	0.3333	1.4444	0.1925	1.7778	0.3849
b2_10	b2_27	2.3333	0.3333	2.3333	0.3333	2.6667	0.6667
b2_10	b2_28	1.5556	0.1925	0.8889	0.3849	1.3333	0.3333
b2_10	x2_0	4.4444	0.1925	4.4444	0.1925	4.5556	0.3849
b2_11	b2_11	17.5556	0.5092	17.6667	0.3333	18.2222	0.1925
b2_11	b2_12	3.6667	0.3333	3.5556	0.1925	3.6667	0.0000
b2_11	b2_17	0.3333	0.3333	0.1111	0.1925	0.4444	0.5092
b2_11	b2_21	0.7778	0.3849	1.1111	0.3849	1.3333	0.3333
b2_11	b2_26	1.8889	0.3849	2.2222	0.5092	2.4444	0.5092
b2_11	b2_27	6.3333	0.8819	6.0000	0.6667	5.5556	0.3849
b2_11	x2_0	5.1111	0.8389	5.4444	0.1925	5.3333	0.5774
b2_12	b2_12	18.0000	1.1547	18.1111	0.1925	18.0000	0.3333
b2_12	b2_13	3.4444	0.1925	3.3333	0.5774	3.3333	0.3333
b2_12	b2_14	7.3333	1.4530	8.0000	0.6667	6.7778	0.5092
b2_12	b2_16	0.5556	0.5092	0.7778	0.1925	0.8889	0.1925
b2_12	b2_21	1.4444	0.3849	1.4444	0.1925	1.4444	0.1925
b2_12	b2_22	2.3333	0.3333	1.7778	0.1925	1.8889	0.3849
b2_12	b2_25	1.4444	0.1925	1.1111	0.1925	1.2222	0.1925
b2_12	b2_26	7.8889	0.1925	8.0000	0.6667	8.5556	1.0715
b2_12	b2_27	0.5556	0.5092	0.4444	0.5092	0.2222	0.1925
b2_12	b2_29	0.0000	0.0000	0.0000	0.0000	0.1111	0.1925
b2_12	x2_0	4.7778	0.5092	5.0000	0.3333	4.8889	0.3849
b2_13	b2_13	15.3333	0.0000	15.3333	0.6667	15.3333	0.3333
b2_13	b2_14	5.6667	0.5774	5.6667	0.3333	5.6667	0.3333
b2_13	b2_23	0.8889	1.0184	0.4444	0.5092	0.7778	0.1925
b2_13	b2_24	0.6667	0.3333	0.4444	0.3849	0.7778	0.1925
b2_13	b2_25	6.4444	1.0184	7.0000	1.3333	7.0000	0.3333
b2_13	x2_0	4.8889	0.1925	4.8889	0.1925	4.8889	0.1925
b2_14	b2_14	17.8889	0.5092	17.6667	0.5774	17.6667	0.5774
b2_14	b2_15	4.4444	0.8389	4.5556	0.9623	4.2222	0.7698
b2_14	b2_16	0.3333	0.3333	0.2222	0.1925	0.1111	0.1925
b2_14	b2_22	0.3333	0.3333	0.4444	0.1925	0.6667	0.3333
b2_14	x2_0	5.7778	0.3849	5.5556	0.1925	6.0000	0.5774
b2_15	b2_15	12.4444	0.5092	12.8889	0.5092	12.0000	0.3333
b2_15	b2_16	4.2222	0.1925	4.8889	0.6939	4.3333	0.5774
b2_15	b2_22	3.3333	1.0000	3.4444	1.0184	3.4444	0.1925
b2_15	b2_23	0.0000	0.0000	0.1111	0.1925	0.0000	0.0000
b2_15	x2_0	5.0000	0.0000	5.0000	0.0000	5.0000	0.0000
b2_16	b2_16	16.8889	0.1925	16.8889	0.1925	16.7778	0.1925
b2_16	b2_17	3.8889	1.0184	3.6667	0.5774	4.0000	0.8819
b2_16	b2_21	3.1111	0.5092	2.6667	0.5774	2.8889	0.8389
b2_16	b2_22	3.5556	0.7698	3.4444	0.8389	3.7778	0.1925
b2_16	x2_0	5.5556	0.1925	5.7778	0.1925	6.0000	0.0000
b2_17	b2_17	12.6667	0.3333	13.1111	0.1925	12.4444	0.1925
b2_17	b2_18	3.3333	0.3333	3.4444	0.7698	3.0000	0.0000
b2_17	b2_20	1.6667	0.5774	1.8889	0.6939	2.1111	0.3849
b2_17	b2_21	5.3333	0.6667	4.1111	0.5092	4.6667	0.3333
b2_17	b2_22	0.2222	0.3849	0.1111	0.1925	0.2222	0.3849
b2_17	x2_0	4.8889	0.1925	5.0000	0.0000	5.0000	0.0000
b2_18	b2_18	17.7778	0.5092	17.7778	0.3849	17.5556	0.1925
b2_18	b2_19	7.4444	0.6939	7.3333	0.6667	7.7778	0.5092
b2_18	b2_20	10.1111	0.7698	11.1111	1.3472	10.2222	1.2620
b2_18	x2_0	4.6667	0.3333	4.7778	0.1925	4.8889	0.5092
b2_19	b2_19	14.1111	0.6939	13.6667	0.5774	14.3333	0.5774
b2_19	b2_20	4.0000	0.3333	3.8889	0.3849	3.8889	0.1925
b2_19	x2_0	4.8889	0.1925	4.7778	0.3849	5.1111	0.1925
b2_2	b2_12	0.4444	0.1925	0.3333	0.0000	0.3333	0.0000
b2_2	b2_2	17.6667	0.3333	17.8889	0.6939	18.0000	0.0000
b2_2	b2_21	0.0000	0.0000	0.3333	0.0000	0.2222	0.1925
b2_2	b2_26	0.3333	0.0000	0.3333	0.3333	0.1111	0.1925
b2_2	b2_3	4.2222	0.3849	4.1111	0.1925	4.0000	0.0000
b2_2	b2_30	0.8889	0.5092	1.4444	0.7698	1.4444	0.1925
b2_2	b2_31	1.1111	0.5092	0.8889	0.5092	1.1111	0.5092
b2_2	b2_7	9.0000	0.3333	8.0000	0.0000	8.0000	0.6667
b2_2	b2_8	1.7778	0.3849	1.5556	0.1925	1.8889	0.5092
b2_2	x2_0	4.3333	0.3333	4.3333	1.2019	4.7778	0.1925
b2_20	b2_20	17.1111	0.5092	17.4444	0.5092	17.4444	0.3849
b2_20	b2_21	3.0000	0.0000	3.0000	0.0000	3.2222	0.3849
b2_20	x2_0	3.7778	0.3849	3.6667	0.3333	3.8889	0.6939
b2_21	b2_21	17.4444	0.1925	18.0000	0.0000	17.6667	0.3333
b2_21	b2_22	3.4444	0.1925	3.5556	0.1925	3.6667	0.0000
b2_21	b2_26	0.1111	0.1925	0.0000	0.0000	0.1111	0.1925
b2_21	x2_0	3.4444	0.1925	4.3333	0.3333	4.0000	0.6667
b2_22	b2_22	17.1111	0.1925	17.4444	0.1925	17.1111	0.1925
b2_22	b2_23	3.8889	0.8389	4.0000	0.6667	4.2222	0.3849
b2_22	b2_25	0.5556	0.1925	0.8889	0.1925	0.6667	0.3333
b2_22	x2_0	3.6667	0.5774	4.0000	0.3333	4.1111	0.1925
b2_23	b2_23	18.5556	0.3849	18.7778	0.3849	18.1111	0.3849
b2_23	b2_24	4.4444	0.1925	4.1111	0.8389	4.7778	0.1925
b2_23	b2_25	2.6667	1.2019	3.8889	1.1706	3.6667	0.8819
b2_23	b2_31	0.0000	0.0000	0.2222	0.1925	0.1111	0.1925
b2_23	x2_0	5.8889	0.1925	6.0000	0.0000	6.0000	0.0000
b2_24	b2_24	13.2222	0.3849	13.2222	0.3849	12.7778	0.1925
b2_24	b2_25	4.4444	0.7698	4.6667	0.8819	4.4444	1.0184
b2_24	b2_31	3.2222	0.8389	3.4444	1.3878	2.1111	0.7698
b2_24	x2_0	5.0000	0.0000	5.1111	0.1925	5.0000	0.0000
b2_25	b2_25	19.3333	1.2019	18.5556	0.3849	18.4444	0.1925
b2_25	b2_26	3.0000	0.0000	3.1111	0.1925	3.1111	0.1925
b2_25	b2_31	8.2222	1.8954	9.0000	1.5275	9.5556	1.8359
b2_25	x2_0	4.4444	0.6939	4.7778	0.3849	4.5556	0.6939
b2_26	b2_26	16.1111	0.1925	16.2222	0.3849	16.5556	0.3849
b2_26	b2_27	3.0000	0.0000	3.4444	0.1925	3.0000	0.0000
b2_26	b2_29	0.8889	0.1925	0.7778	0.3849	0.8889	0.1925
b2_26	b2_30	8.1111	1.0184	7.3333	1.1547	7.7778	0.5092
b2_26	b2_31	0.5556	0.1925	0.3333	0.3333	0.5556	0.1925
b2_26	x2_0	2.4444	0.1925	2.7778	0.1925	2.8889	0.5092
b2_27	b2_27	17.5556	0.1925	17.4444	0.3849	17.7778	0.3849
b2_27	b2_28	8.6667	0.3333	8.8889	0.5092	8.8889	0.1925
b2_27	b2_29	2.1111	0.1925	2.1111	0.6939	2.1111	0.5092
b2_27	b2_30	1.8889	0.1925	1.8889	0.5092	1.7778	0.5092
b2_27	x2_0	3.5556	0.6939	3.5556	0.1925	3.5556	0.1925
b2_28	b2_28	17.8889	0.1925	17.7778	0.1925	17.2222	0.1925
b2_28	b2_29	5.0000	0.0000	4.8889	0.1925	4.8889	0.1925
b2_28	b2_30	0.0000	0.0000	0.1111	0.1925	0.3333	0.0000
b2_28	x2_0	5.3333	0.3333	5.3333	0.0000	5.2222	0.1925
b2_29	b2_29	17.6667	0.5774	18.0000	0.0000	17.5556	0.5092
b2_29	b2_30	4.0000	1.4530	3.6667	0.3333	3.5556	0.6939
b2_29	x2_0	5.8889	0.1925	6.0000	0.0000	6.0000	0.0000
b2_3	b2_3	16.4444	0.1925	16.7778	0.5092	16.8889	0.1925
b2_3	b2_31	0.6667	0.3333	0.7778	0.1925	0.7778	0.1925
b2_3	b2_4	4.2222	0.5092	4.6667	1.0000	3.7778	0.5092
b2_3	b2_5	2.0000	0.3333	2.2222	0.6939	1.7778	0.1925
b2_3	b2_6	8.8889	2.6736	7.7778	1.9532	7.7778	0.3849
b2_3	b2_7	1.3333	0.5774	0.8889	0.5092	1.2222	0.1925
b2_3	x2_0	5.6667	0.0000	5.8889	0.1925	5.8889	0.1925
b2_30	b2_30	17.3333	0.5774	16.7778	0.3849	17.7778	0.3849
b2_30	b2_31	3.0000	0.0000	3.0000	0.0000	3.0000	0.0000
b2_30	x2_0	5.4444	0.3849	5.4444	0.6939	5.4444	0.5092
b2_31	b2_31	24.7778	0.8389	25.4444	0.8389	24.7778	0.1925
b2_31	x2_0	8.0000	0.5774	7.5556	0.1925	7.4444	0.1925
b2_4	b2_22	0.2222	0.3849	0.0000	0.0000	0.0000	0.0000
b2_4	b2_4	18.4444	0.5092	18.5556	0.3849	18.4444	0.1925
b2_4	b2_5	7.6667	0.6667	7.5556	0.5092	7.2222	0.8389
b2_4	b2_6	2.2222	0.3849	1.7778	0.8389	3.4444	0.7698
b2_4	x2_0	6.1111	0.1925	5.8889	0.3849	6.0000	0.0000
b2_5	b2_23	0.1111	0.1925	0.0000	0.0000	0.0000	0.0000
b2_5	b2_5	17.5556	0.9623	17.8889	0.6939	18.0000	0.0000
b2_5	b2_6	3.7778	0.5092	4.1111	0.3849	4.2222	0.1925
b2_5	x2_0	6.0000	0.0000	6.1111	0.1925	6.1111	0.1925
b2_6	b2_22	3.8889	0.3849	2.8889	0.7698	3.7778	0.6939
b2_6	b2_23	3.0000	0.8819	2.7778	1.1706	2.2222	0.1925
b2_6	b2_31	0.6667	0.5774	0.5556	0.1925	0.8889	0.1925
b2_6	b2_6	18.6667	0.0000	18.2222	0.6939	18.7778	0.5092
b2_6	b2_7	4.0000	0.8819	3.7778	0.3849	3.6667	0.6667
b2_6	x2_0	4.5556	0.3849	5.1111	0.3849	4.6667	0.6667
b2_7	b2_12	3.6667	0.3333	3.7778	0.1925	3.7778	0.7698
b2_7	b2_21	5.5556	0.5092	5.6667	0.6667	5.3333	0.3333
b2_7	b2_22	3.6667	0.3333	3.3333	0.3333	3.8889	0.5092
b2_7	b2_23	0.4444	0.5092	1.0000	0.3333	0.8889	0.1925
b2_7	b2_25	0.8889	0.1925	0.7778	0.1925	0.8889	0.1925
b2_7	b2_26	1.0000	0.0000	1.0000	0.0000	1.0000	0.0000
b2_7	b2_30	0.0000	0.0000	0.1111	0.1925	0.1111	0.1925
b2_7	b2_31	1.0000	0.0000	0.8889	0.1925	1.0000	0.0000
b2_7	b2_7	16.2222	0.3849	16.3333	0.5774	16.1111	0.1925
b2_7	b2_8	3.1111	0.1925	3.3333	0.5774	3.0000	0.0000
b2_7	x2_0	0.5556	0.6939	0.6667	0.6667	0.4444	0.3849
b2_8	b2_11	0.5556	0.1925	1.3333	0.3333	0.4444	0.5092
b2_8	b2_18	0.0000	0.0000	0.2222	0.1925	0.0000	0.0000
b2_8	b2_20	4.0000	0.5774	3.2222	0.1925	4.8889	0.5092
b2_8	b2_21	3.5556	0.6939	3.7778	0.5092	2.8889	1.0715
b2_8	b2_27	0.4444	0.3849	0.5556	0.5092	0.6667	0.3333
b2_8	b2_8	16.0000	0.0000	16.0000	0.0000	16.0000	0.0000
b2_8	b2_9	5.2222	0.8389	5.4444	0.3849	5.0000	0.0000
b2_8	x2_0	3.6667	0.8819	4.3333	0.0000	3.5556	0.3849
b2_9	b2_10	4.5556	0.1925	4.7778	0.6939	4.4444	0.1925
b2_9	b2_11	0.8889	0.1925	1.0000	0.0000	1.0000	0.0000
b2_9	b2_17	0.6667	0.3333	0.4444	0.5092	0.6667	0.3333
b2_9	b2_18	0.3333	0.3333	0.1111	0.1925	0.1111	0.1925
b2_9	b2_19	1.7778	0.1925	1.8889	0.1925	2.0000	0.0000
b2_9	b2_20	9.5556	0.1925	9.1111	0.3849	9.0000	0.3333
b2_9	b2_21	0.0000	0.0000	0.2222	0.1925	0.4444	0.5092
b2_9	b2_27	1.8889	0.1925	1.7778	0.3849	1.8889	0.1925
b2_9	b2_28	0.5556	0.5092	0.3333	0.3333	0.8889	0.1925
b2_9	b2_9	13.5556	0.5092	13.2222	0.3849	13.6667	0.3333
b2_9	x2_0	2.0000	0.0000	2.0000	0.0000	2.0000	0.0000
c2_0	c2_0	14.3333	0.5774	14.4444	0.1925	15.4444	0.5092
c2_0	c2_1	5.2222	1.3472	4.8889	0.5092	4.5556	0.9623
c2_0	x2_0	5.1111	0.1925	5.3333	0.3333	5.0000	0.3333
c2_1	c2_1	16.6667	0.3333	16.4444	0.1925	16.4444	0.1925
c2_1	c2_2	3.7778	0.5092	3.4444	0.5092	3.7778	0.8389
c2_1	x2_0	6.0000	0.0000	6.2222	0.1925	5.7778	0.1925
c2_2	c2_2	17.6667	0.3333	17.1111	0.1925	17.8889	0.1925
c2_2	c2_3	3.3333	0.3333	3.2222	0.1925	3.3333	0.0000
c2_2	x2_0	5.4444	0.3849	5.7778	0.1925	5.5556	0.5092
c2_3	c2_3	17.3333	0.3333	16.7778	0.5092	16.8889	0.1925
c2_3	c2_4	3.0000	0.0000	3.0000	0.0000	3.2222	0.3849
c2_3	c2_6	0.0000	0.0000	0.0000	0.0000	0.2222	0.1925
c2_3	x2_0	5.6667	0.3333	4.7778	0.6939	4.6667	0.6667
c2_4	c2_4	17.3333	0.3333	17.3333	0.3333	17.7778	0.1925
c2_4	c2_5	3.7778	1.0715	4.1111	0.5092	6.7778	0.3849
c2_4	c2_6	0.0000	0.0000	0.0000	0.0000	1.7778	0.1925
c2_4	x2_0	5.8889	0.1925	5.4444	0.3849	5.6667	0.3333
c2_5	c2_5	17.2222	0.7698	16.8889	0.8389	15.6667	0.3333
c2_5	c2_6	5.5556	0.1925	5.8889	0.6939	5.3333	0.5774
c2_5	x2_0	6.0000	0.0000	6.0000	0.0000	5.7778	0.3849
c2_6	c2_6	12.6667	0.5774	12.6667	0.6667	12.8889	0.6939
c2_6	x2_0	4.8889	0.1925	5.0000	0.0000	4.2222	0.6939
x2_0	x2_0	4.3333	0.3333	4.3333	0.3333	4.6667	0.0000
