rgn1	rgn2	aT41A.pcca1	aT41A.pcca1	WT.pcca2	WT.pcca2	lsdm	sdiff	score	pval
		mf	sf	mf	sf				
a1_12	a1_12	15.0000	0.3333	16.1111	0.3849	1	-0.0928	-2.1822	0.0291
a1_12	a1_16	0.4444	0.1925	1.0000	0.0000	1	-0.1707	-2.8868	0.0039
a1_8	b2_18	1.4444	0.1925	0.8889	0.1925	1	0.0112	2.0412	0.0412
a2_0	a2_29	1.3333	0.3333	2.1111	0.1925	1	-0.0080	-2.0207	0.0433
a2_0	a2_7	3.6667	0.3333	4.6667	0.3333	1	-0.0572	-2.1213	0.0339
a2_12	x2_0	4.7778	0.1925	4.3333	0.0000	1	0.0595	2.3094	0.0209
a2_16	x2_0	4.3333	0.0000	5.0000	0.0000	1	-0.6667	-inf	0.0000
a2_22	a2_30	1.0000	0.3333	1.6667	0.0000	1	-0.0000	-2.0000	0.0455
a2_6	a2_10	0.0000	0.0000	0.3333	0.0000	1	-0.3333	-inf	0.0000
b1_13	b1_14	4.4444	0.1925	3.8889	0.1925	1	0.0112	2.0412	0.0412
b1_18	c2_5	3.4444	0.5092	1.1111	0.3849	1	1.0568	3.6556	0.0003
b1_21	c2_5	0.7778	0.1925	0.0000	0.0000	1	0.3929	4.0415	0.0001
b1_21	x2_0	5.1111	0.5092	3.5556	0.3849	1	0.2790	2.4371	0.0148
b1_22	b1_24	2.1111	0.8389	0.0000	0.0000	1	0.4334	2.5166	0.0118
b1_23	b1_25	0.4444	0.7698	4.3333	0.3333	1	-2.2111	-4.6359	0.0000
b1_24	b1_24	15.4444	0.1925	16.1111	0.1925	1	-0.1223	-2.4495	0.0143
b1_25	x2_0	5.8889	0.1925	4.0000	0.0000	1	1.5040	9.8150	0.0000
b1_6	b1_26	1.2222	0.1925	0.0000	0.0000	1	0.8373	6.3509	0.0000
b1_7	x2_0	5.5556	0.5092	2.8889	0.5092	1	1.2265	3.7033	0.0002
b2_16	x2_0	6.0000	0.0000	5.5556	0.1925	1	0.0595	2.3094	0.0209
b2_28	b2_30	0.3333	0.0000	0.0000	0.0000	1	0.3333	inf	0.0000
c2_4	c2_5	6.7778	0.3849	3.7778	1.0715	1	0.7229	2.6349	0.0084
c2_4	c2_6	1.7778	0.1925	0.0000	0.0000	1	1.3929	9.2376	0.0000
c2_5	c2_5	13.8889	0.1925	15.6667	0.3333	1	-1.0080	-4.6188	0.0000
