rgn1	rgn2	aT41A.pcca1	aT41A.pcca1	bN82A.pcca2	bN82A.pcca2	lsdm	sdiff	score	pval
		mf	sf	mf	sf				
a1_11	a1_17	0.4444	0.1925	1.0000	0.0000	1	-0.1707	-2.8868	0.0039
a1_12	a1_12	15.0000	0.3333	15.7778	0.1925	1	-0.0080	-2.0207	0.0433
a1_21	x2_0	5.0000	0.0000	4.4444	0.1925	1	0.1707	2.8868	0.0039
a1_22	c2_5	0.2222	0.1925	1.3333	0.3333	1	-0.3413	-2.8868	0.0039
a1_23	b1_11	0.6667	0.0000	0.3333	0.0000	1	0.3333	inf	0.0000
a1_24	c2_5	0.3333	0.3333	1.4444	0.1925	1	-0.3413	-2.8868	0.0039
a1_6	b1_24	0.0000	0.0000	0.7778	0.1925	1	-0.3929	-4.0415	0.0001
a2_11	a2_25	2.0000	0.0000	1.4444	0.1925	1	0.1707	2.8868	0.0039
a2_6	x2_0	2.1111	0.1925	1.6667	0.0000	1	0.0595	2.3094	0.0209
a2_8	a2_18	2.7778	0.1925	1.8889	0.3849	1	0.0282	2.0656	0.0389
a2_9	a2_26	5.0000	0.3333	3.7778	0.5092	1	0.0051	2.0083	0.0446
b1_12	b1_12	15.3333	0.5774	14.1111	0.1925	1	0.0051	2.0083	0.0446
b1_12	b1_21	0.0000	0.0000	0.5556	0.1925	1	-0.1707	-2.8868	0.0039
b1_12	b1_22	0.2222	0.1925	1.4444	0.5092	1	-0.1336	-2.2454	0.0247
b1_16	b1_17	10.1111	0.1925	9.5556	0.1925	1	0.0112	2.0412	0.0412
b1_18	c2_5	3.4444	0.5092	1.3333	0.3333	1	0.8939	3.4689	0.0005
b1_21	c2_4	0.0000	0.0000	0.4444	0.1925	1	-0.0595	-2.3094	0.0209
b1_21	c2_5	0.7778	0.1925	0.0000	0.0000	1	0.3929	4.0415	0.0001
b1_22	b1_24	2.1111	0.8389	0.0000	0.0000	1	0.4334	2.5166	0.0118
b1_23	b1_25	0.4444	0.7698	4.3333	0.8819	1	-1.5476	-3.3221	0.0009
b1_24	b1_24	15.4444	0.1925	16.1111	0.1925	1	-0.1223	-2.4495	0.0143
b1_24	b1_25	12.4444	0.6939	8.5556	1.2620	1	1.0086	2.7003	0.0069
b1_24	c2_3	1.6667	0.3333	0.8889	0.1925	1	0.0080	2.0207	0.0433
b1_25	x2_0	5.8889	0.1925	4.4444	0.6939	1	0.0043	2.0059	0.0449
b1_26	c2_2	3.8889	0.1925	1.6667	0.8819	1	0.4169	2.4618	0.0138
b2_0	b2_9	6.1111	0.1925	7.4444	0.5092	1	-0.2447	-2.4495	0.0143
b2_1	b2_9	2.3333	0.3333	1.4444	0.1925	1	0.1191	2.3094	0.0209
b2_23	b2_23	16.0000	0.0000	16.4444	0.1925	1	-0.0595	-2.3094	0.0209
b2_26	b2_27	3.0000	0.0000	3.4444	0.1925	1	-0.0595	-2.3094	0.0209
b2_8	b2_20	4.8889	0.5092	3.2222	0.1925	1	0.5780	3.0619	0.0022
b2_8	x2_0	3.5556	0.3849	4.3333	0.0000	1	-0.0080	-2.0207	0.0433
c2_4	c2_5	6.7778	0.3849	4.1111	0.5092	1	1.3901	4.1779	0.0000
c2_4	c2_6	1.7778	0.1925	0.0000	0.0000	1	1.3929	9.2376	0.0000
