rgn1	rgn2	bN82A.pcca2	bN82A.pcca2	WT.pcca2	WT.pcca2	lsdm	sdiff	score	pval
		mf	sf	mf	sf				
a1_1	a1_9	0.3333	0.0000	0.0000	0.0000	1	0.3333	inf	0.0000
a1_23	x2_0	3.5556	0.1925	4.0000	0.0000	1	-0.0595	-2.3094	0.0209
a1_6	b1_26	0.0000	0.0000	0.4444	0.1925	1	-0.0595	-2.3094	0.0209
a1_7	c2_2	0.0000	0.0000	0.3333	0.0000	1	-0.3333	-inf	0.0000
a1_8	a1_8	13.5556	0.1925	14.0000	0.0000	1	-0.0595	-2.3094	0.0209
a2_0	a2_29	1.5556	0.1925	2.1111	0.1925	1	-0.0112	-2.0412	0.0412
a2_11	a2_21	0.7778	0.1925	1.5556	0.1925	1	-0.2334	-2.8577	0.0043
a2_11	a2_29	0.4444	0.1925	0.0000	0.0000	1	0.0595	2.3094	0.0209
a2_24	a2_29	5.4444	0.5092	6.6667	0.3333	1	-0.0051	-2.0083	0.0446
a2_26	a2_28	0.2222	0.1925	0.7778	0.1925	1	-0.0112	-2.0412	0.0412
a2_6	a2_10	0.0000	0.0000	0.3333	0.0000	1	-0.3333	-inf	0.0000
a2_6	x2_0	1.6667	0.0000	2.0000	0.0000	1	-0.3333	-inf	0.0000
b1_11	b1_16	2.3333	0.3333	1.3333	0.3333	1	0.0572	2.1213	0.0339
b1_11	b1_19	0.2222	0.1925	0.6667	0.0000	1	-0.0595	-2.3094	0.0209
b1_2	x2_0	3.6667	0.0000	3.2222	0.1925	1	0.0595	2.3094	0.0209
b1_21	x2_0	4.8889	0.5092	3.5556	0.3849	1	0.0568	2.0889	0.0367
b1_23	b1_24	9.8889	0.1925	11.5556	0.6939	1	-0.2265	-2.3146	0.0206
b1_24	c2_2	3.4444	0.1925	2.6667	0.3333	1	0.0080	2.0207	0.0433
b1_24	c2_3	0.8889	0.1925	1.7778	0.3849	1	-0.0282	-2.0656	0.0389
b1_26	b1_26	12.7778	0.1925	14.8889	0.1925	1	-1.5668	-7.7567	0.0000
b1_26	c2_2	1.6667	0.8819	4.0000	0.6667	1	-0.1223	-2.1106	0.0348
b1_6	b1_25	1.6667	0.3333	0.8889	0.1925	1	0.0080	2.0207	0.0433
b1_7	x2_0	4.7778	0.5092	2.8889	0.5092	1	0.4487	2.6232	0.0087
b1_8	x2_0	3.6667	0.3333	2.2222	0.1925	1	0.6746	3.7528	0.0002
b1_9	b1_16	0.4444	0.1925	0.0000	0.0000	1	0.0595	2.3094	0.0209
b2_2	b2_21	0.3333	0.0000	0.0000	0.0000	1	0.3333	inf	0.0000
b2_2	b2_7	8.0000	0.0000	9.0000	0.3333	1	-0.3333	-3.0000	0.0027
b2_21	b2_21	18.0000	0.0000	17.4444	0.1925	1	0.1707	2.8868	0.0039
b2_21	x2_0	4.3333	0.3333	3.4444	0.1925	1	0.1191	2.3094	0.0209
b2_26	b2_27	3.4444	0.1925	3.0000	0.0000	1	0.0595	2.3094	0.0209
b2_8	b2_11	1.3333	0.3333	0.5556	0.1925	1	0.0080	2.0207	0.0433
