rgn1	rgn2	bN82A.pcca2	bN82A.pcca2	WT.pcca2	WT.pcca2	lsdm	sdiff	score	pval
		mf	sf	mf	sf				
L113b	A117b	-0.4870	0.3218	0.9650	0.0443	1	-0.8024	-4.4704	0.0000
L113b	A117s	-0.4870	0.3218	0.9650	0.0443	1	-0.8024	-4.4704	0.0000
L113s	A117b	-0.4870	0.3218	0.9650	0.0443	1	-0.8024	-4.4704	0.0000
L113s	A117s	-0.4870	0.3218	0.9650	0.0443	1	-0.8024	-4.4704	0.0000
P103b	P112b	-0.5563	0.2726	0.7655	0.2116	1	-0.6316	-3.8300	0.0001
P103b	P112s	-0.5563	0.2726	0.7655	0.2116	1	-0.6316	-3.8300	0.0001
P103b	P119b	0.8987	0.0878	-0.9840	0.0272	1	1.6989	20.4779	0.0000
P103b	P119s	0.8987	0.0878	-0.9840	0.0272	1	1.6989	20.4779	0.0000
P103s	P112b	-0.5563	0.2726	0.7655	0.2116	1	-0.6316	-3.8300	0.0001
P103s	P112s	-0.5563	0.2726	0.7655	0.2116	1	-0.6316	-3.8300	0.0001
P103s	P119b	0.8987	0.0878	-0.9840	0.0272	1	1.6989	20.4779	0.0000
P103s	P119s	0.8987	0.0878	-0.9840	0.0272	1	1.6989	20.4779	0.0000
S105b	M115b	-0.1980	0.3218	0.9376	0.0934	1	-0.4654	-3.3888	0.0007
S105b	M115s	-0.1980	0.3218	0.9376	0.0934	1	-0.4654	-3.3888	0.0007
S105s	M115b	-0.1980	0.3218	0.9376	0.0934	1	-0.4654	-3.3888	0.0007
S105s	M115s	-0.1980	0.3218	0.9376	0.0934	1	-0.4654	-3.3888	0.0007
