rgn1	rgn2	aT41A.pcca1	aT41A.pcca1	WT.pcca2	WT.pcca2	lsdm	sdiff	score	pval
		mf	sf	mf	sf				
K102b	A117b	0.0000	0.0000	0.8013	0.3420	1	-0.1173	-2.3428	0.0191
K102b	A117s	0.0000	0.0000	0.8013	0.3420	1	-0.1173	-2.3428	0.0191
K102b	W107b	0.0000	0.0000	0.8687	0.1173	1	-0.6340	-7.4039	0.0000
K102b	W107s	0.0000	0.0000	0.8687	0.1173	1	-0.6340	-7.4039	0.0000
K102s	A117b	0.0000	0.0000	0.8013	0.3420	1	-0.1173	-2.3428	0.0191
K102s	A117s	0.0000	0.0000	0.8013	0.3420	1	-0.1173	-2.3428	0.0191
K102s	W107b	0.0000	0.0000	0.8687	0.1173	1	-0.6340	-7.4039	0.0000
K102s	W107s	0.0000	0.0000	0.8687	0.1173	1	-0.6340	-7.4039	0.0000
L113b	L118b	-0.9099	0.0780	0.4510	0.5634	1	-0.2234	-2.3927	0.0167
L113b	L118s	-0.9099	0.0780	0.4510	0.5634	1	-0.2234	-2.3927	0.0167
L113s	L118b	-0.9099	0.0780	0.4510	0.5634	1	-0.2234	-2.3927	0.0167
L113s	L118s	-0.9099	0.0780	0.4510	0.5634	1	-0.2234	-2.3927	0.0167
S105b	K106b	0.8201	0.1994	-0.7903	0.3338	1	0.8329	4.1422	0.0000
S105b	K106s	0.8201	0.1994	-0.7903	0.3338	1	0.8329	4.1422	0.0000
S105s	K106b	0.8201	0.1994	-0.7903	0.3338	1	0.8329	4.1422	0.0000
S105s	K106s	0.8201	0.1994	-0.7903	0.3338	1	0.8329	4.1422	0.0000
V104b	L114b	0.5676	0.3708	-0.6277	0.3509	1	0.1744	2.3415	0.0192
V104b	L114s	0.5676	0.3708	-0.6277	0.3509	1	0.1744	2.3415	0.0192
V104s	L114b	0.5676	0.3708	-0.6277	0.3509	1	0.1744	2.3415	0.0192
V104s	L114s	0.5676	0.3708	-0.6277	0.3509	1	0.1744	2.3415	0.0192
