rgn1	rgn2	aT41A.pcca1	aT41A.pcca1	bN82A.pcca2	bN82A.pcca2	lsdm	sdiff	score	pval
		mf	sf	mf	sf				
K102b	L113b	0.0000	0.0000	0.6480	0.1005	1	-0.4470	-6.4475	0.0000
K102b	L113s	0.0000	0.0000	0.6480	0.1005	1	-0.4470	-6.4475	0.0000
K102b	P103b	0.0000	0.0000	-0.6213	0.2872	1	0.0469	2.1633	0.0305
K102b	P103s	0.0000	0.0000	-0.6213	0.2872	1	0.0469	2.1633	0.0305
K102b	P119b	0.0000	0.0000	-0.7809	0.3660	1	0.0490	2.1338	0.0329
K102b	P119s	0.0000	0.0000	-0.7809	0.3660	1	0.0490	2.1338	0.0329
K102b	W107b	0.0000	0.0000	0.8116	0.2647	1	-0.2823	-3.0665	0.0022
K102b	W107s	0.0000	0.0000	0.8116	0.2647	1	-0.2823	-3.0665	0.0022
K102s	L113b	0.0000	0.0000	0.6480	0.1005	1	-0.4470	-6.4475	0.0000
K102s	L113s	0.0000	0.0000	0.6480	0.1005	1	-0.4470	-6.4475	0.0000
K102s	P103b	0.0000	0.0000	-0.6213	0.2872	1	0.0469	2.1633	0.0305
K102s	P103s	0.0000	0.0000	-0.6213	0.2872	1	0.0469	2.1633	0.0305
K102s	P119b	0.0000	0.0000	-0.7809	0.3660	1	0.0490	2.1338	0.0329
K102s	P119s	0.0000	0.0000	-0.7809	0.3660	1	0.0490	2.1338	0.0329
K102s	W107b	0.0000	0.0000	0.8116	0.2647	1	-0.2823	-3.0665	0.0022
K102s	W107s	0.0000	0.0000	0.8116	0.2647	1	-0.2823	-3.0665	0.0022
L114b	A117b	-0.6932	0.3277	0.7978	0.1362	1	-0.7811	-4.2011	0.0000
L114b	A117s	-0.6932	0.3277	0.7978	0.1362	1	-0.7811	-4.2011	0.0000
L114b	M120b	0.6214	0.2796	-0.2171	0.0357	1	0.2748	2.9749	0.0029
L114b	M120s	0.6214	0.2796	-0.2171	0.0357	1	0.2748	2.9749	0.0029
L114s	A117b	-0.6932	0.3277	0.7978	0.1362	1	-0.7811	-4.2011	0.0000
L114s	A117s	-0.6932	0.3277	0.7978	0.1362	1	-0.7811	-4.2011	0.0000
L114s	M120b	0.6214	0.2796	-0.2171	0.0357	1	0.2748	2.9749	0.0029
L114s	M120s	0.6214	0.2796	-0.2171	0.0357	1	0.2748	2.9749	0.0029
MHCII	V104b	0.0379	0.0266	-0.0347	0.0217	1	0.0040	2.1151	0.0344
MHCII	V104s	0.0379	0.0266	-0.0347	0.0217	1	0.0040	2.1151	0.0344
P103b	P119b	-0.3844	0.5981	0.8987	0.0878	1	-0.0742	-2.1227	0.0338
P103b	P119s	-0.3844	0.5981	0.8987	0.0878	1	-0.0742	-2.1227	0.0338
P103s	P119b	-0.3844	0.5981	0.8987	0.0878	1	-0.0742	-2.1227	0.0338
P103s	P119s	-0.3844	0.5981	0.8987	0.0878	1	-0.0742	-2.1227	0.0338
R108b	M109b	0.9923	0.0074	-0.5454	0.4069	1	0.7238	3.7784	0.0002
R108b	M109s	0.9923	0.0074	-0.5454	0.4069	1	0.7238	3.7784	0.0002
R108s	M109b	0.9923	0.0074	-0.5454	0.4069	1	0.7238	3.7784	0.0002
R108s	M109s	0.9923	0.0074	-0.5454	0.4069	1	0.7238	3.7784	0.0002
T111b	L114b	0.1219	0.2476	0.8602	0.0693	1	-0.2240	-2.8713	0.0041
T111b	L114s	0.1219	0.2476	0.8602	0.0693	1	-0.2240	-2.8713	0.0041
T111b	M115b	0.3877	0.3802	-0.7436	0.2918	1	0.1726	2.3602	0.0183
T111b	M115s	0.3877	0.3802	-0.7436	0.2918	1	0.1726	2.3602	0.0183
T111s	L114b	0.1219	0.2476	0.8602	0.0693	1	-0.2240	-2.8713	0.0041
T111s	L114s	0.1219	0.2476	0.8602	0.0693	1	-0.2240	-2.8713	0.0041
T111s	M115b	0.3877	0.3802	-0.7436	0.2918	1	0.1726	2.3602	0.0183
T111s	M115s	0.3877	0.3802	-0.7436	0.2918	1	0.1726	2.3602	0.0183
