rgn1	rgn2	WT.pcca2	WT.pcca2	bN82A.pcca2	bN82A.pcca2	aT41A.pcca1	aT41A.pcca1
		mf	sf	mf	sf	mf	sf
A110b	A117b	0.5065	0.7683	0.3420	0.4686	0.3601	1.0961
A110b	A117s	0.5065	0.7683	0.3420	0.4686	0.3601	1.0961
A110b	L113b	0.4811	0.8981	0.2267	0.5914	-0.6029	0.2903
A110b	L113s	0.4811	0.8981	0.2267	0.5914	-0.6029	0.2903
A110b	L114b	-0.1186	0.9864	0.3462	1.0040	-0.0825	0.9445
A110b	L114s	-0.1186	0.9864	0.3462	1.0040	-0.0825	0.9445
A110b	L118b	0.4592	0.5429	-0.2303	1.0298	0.4745	0.6416
A110b	L118s	0.4592	0.5429	-0.2303	1.0298	0.4745	0.6416
A110b	M115b	-0.0376	0.9749	-0.4199	0.3645	0.5694	0.6785
A110b	M115s	-0.0376	0.9749	-0.4199	0.3645	0.5694	0.6785
A110b	M120b	0.0667	0.8359	-0.2577	0.3641	0.3595	0.5535
A110b	M120s	0.0667	0.8359	-0.2577	0.3641	0.3595	0.5535
A110b	P112b	0.0424	0.8325	-0.5796	0.4181	0.0337	0.9402
A110b	P112s	0.0424	0.8325	-0.5796	0.4181	0.0337	0.9402
A110b	P119b	-0.4889	0.4616	-0.1437	0.9226	0.3674	0.7208
A110b	P119s	-0.4889	0.4616	-0.1437	0.9226	0.3674	0.7208
A110b	Q116b	-0.2237	0.6750	0.2539	0.5848	0.5519	0.6445
A110b	Q116s	-0.2237	0.6750	0.2539	0.5848	0.5519	0.6445
A110b	T111b	-0.7352	0.4533	0.5591	0.7435	-0.0197	0.6721
A110b	T111s	-0.7352	0.4533	0.5591	0.7435	-0.0197	0.6721
A110s	A117b	0.5065	0.7683	0.3420	0.4686	0.3601	1.0961
A110s	A117s	0.5065	0.7683	0.3420	0.4686	0.3601	1.0961
A110s	L113b	0.4811	0.8981	0.2267	0.5914	-0.6029	0.2903
A110s	L113s	0.4811	0.8981	0.2267	0.5914	-0.6029	0.2903
A110s	L114b	-0.1186	0.9864	0.3462	1.0040	-0.0825	0.9445
A110s	L114s	-0.1186	0.9864	0.3462	1.0040	-0.0825	0.9445
A110s	L118b	0.4592	0.5429	-0.2303	1.0298	0.4745	0.6416
A110s	L118s	0.4592	0.5429	-0.2303	1.0298	0.4745	0.6416
A110s	M115b	-0.0376	0.9749	-0.4199	0.3645	0.5694	0.6785
A110s	M115s	-0.0376	0.9749	-0.4199	0.3645	0.5694	0.6785
A110s	M120b	0.0667	0.8359	-0.2577	0.3641	0.3595	0.5535
A110s	M120s	0.0667	0.8359	-0.2577	0.3641	0.3595	0.5535
A110s	P112b	0.0424	0.8325	-0.5796	0.4181	0.0337	0.9402
A110s	P112s	0.0424	0.8325	-0.5796	0.4181	0.0337	0.9402
A110s	P119b	-0.4889	0.4616	-0.1437	0.9226	0.3674	0.7208
A110s	P119s	-0.4889	0.4616	-0.1437	0.9226	0.3674	0.7208
A110s	Q116b	-0.2237	0.6750	0.2539	0.5848	0.5519	0.6445
A110s	Q116s	-0.2237	0.6750	0.2539	0.5848	0.5519	0.6445
A110s	T111b	-0.7352	0.4533	0.5591	0.7435	-0.0197	0.6721
A110s	T111s	-0.7352	0.4533	0.5591	0.7435	-0.0197	0.6721
A117b	L118b	0.3766	0.7922	-0.2445	0.6337	-0.0399	0.9584
A117b	L118s	0.3766	0.7922	-0.2445	0.6337	-0.0399	0.9584
A117b	M120b	0.2549	0.7496	-0.2772	0.7165	-0.1487	0.8746
A117b	M120s	0.2549	0.7496	-0.2772	0.7165	-0.1487	0.8746
A117b	P119b	-0.1763	1.0455	0.5082	0.5581	-0.0347	0.9377
A117b	P119s	-0.1763	1.0455	0.5082	0.5581	-0.0347	0.9377
A117s	L118b	0.3766	0.7922	-0.2445	0.6337	-0.0399	0.9584
A117s	L118s	0.3766	0.7922	-0.2445	0.6337	-0.0399	0.9584
A117s	M120b	0.2549	0.7496	-0.2772	0.7165	-0.1487	0.8746
A117s	M120s	0.2549	0.7496	-0.2772	0.7165	-0.1487	0.8746
A117s	P119b	-0.1763	1.0455	0.5082	0.5581	-0.0347	0.9377
A117s	P119s	-0.1763	1.0455	0.5082	0.5581	-0.0347	0.9377
K102b	A110b	0.1736	0.7439	0.4841	0.4108	0.0000	0.0000
K102b	A110s	0.1736	0.7439	0.4841	0.4108	0.0000	0.0000
K102b	A117b	0.8013	0.3420	-0.4972	0.6889	0.0000	0.0000
K102b	A117s	0.8013	0.3420	-0.4972	0.6889	0.0000	0.0000
K102b	K106b	-0.0694	0.9289	0.4427	0.5854	0.0000	0.0000
K102b	K106s	-0.0694	0.9289	0.4427	0.5854	0.0000	0.0000
K102b	L113b	0.6651	0.5727	0.6480	0.1005	0.0000	0.0000
K102b	L113s	0.6651	0.5727	0.6480	0.1005	0.0000	0.0000
K102b	L114b	0.0918	1.0085	-0.2247	0.7555	0.0000	0.0000
K102b	L114s	0.0918	1.0085	-0.2247	0.7555	0.0000	0.0000
K102b	L118b	0.1990	1.0521	0.4554	0.4610	0.0000	0.0000
K102b	L118s	0.1990	1.0521	0.4554	0.4610	0.0000	0.0000
K102b	M109b	-0.6160	0.5321	0.2952	0.3562	0.0000	0.0000
K102b	M109s	-0.6160	0.5321	0.2952	0.3562	0.0000	0.0000
K102b	M115b	-0.2342	1.0789	-0.2413	0.9149	0.0000	0.0000
K102b	M115s	-0.2342	1.0789	-0.2413	0.9149	0.0000	0.0000
K102b	M120b	0.5171	0.8264	0.1016	0.8472	0.0000	0.0000
K102b	M120s	0.5171	0.8264	0.1016	0.8472	0.0000	0.0000
K102b	P103b	0.3009	1.1266	-0.6213	0.2872	0.0000	0.0000
K102b	P103s	0.3009	1.1266	-0.6213	0.2872	0.0000	0.0000
K102b	P112b	0.4656	0.8774	0.0989	0.5684	0.0000	0.0000
K102b	P112s	0.4656	0.8774	0.0989	0.5684	0.0000	0.0000
K102b	P119b	-0.3313	1.1498	-0.7809	0.3660	0.0000	0.0000
K102b	P119s	-0.3313	1.1498	-0.7809	0.3660	0.0000	0.0000
K102b	Q116b	-0.3277	1.1415	-0.4731	0.6162	0.0000	0.0000
K102b	Q116s	-0.3277	1.1415	-0.4731	0.6162	0.0000	0.0000
K102b	R108b	0.2808	1.1118	-0.5644	0.7299	0.0000	0.0000
K102b	R108s	0.2808	1.1118	-0.5644	0.7299	0.0000	0.0000
K102b	S105b	-0.2378	0.9628	-0.2793	0.4616	0.0000	0.0000
K102b	S105s	-0.2378	0.9628	-0.2793	0.4616	0.0000	0.0000
K102b	T111b	0.1748	1.0414	0.0370	0.9096	0.0000	0.0000
K102b	T111s	0.1748	1.0414	0.0370	0.9096	0.0000	0.0000
K102b	V104b	-0.0343	0.9790	0.0831	0.9567	0.0000	0.0000
K102b	V104s	-0.0343	0.9790	0.0831	0.9567	0.0000	0.0000
K102b	W107b	0.8687	0.1173	0.8116	0.2647	0.0000	0.0000
K102b	W107s	0.8687	0.1173	0.8116	0.2647	0.0000	0.0000
K102s	A110b	0.1736	0.7439	0.4841	0.4108	0.0000	0.0000
K102s	A110s	0.1736	0.7439	0.4841	0.4108	0.0000	0.0000
K102s	A117b	0.8013	0.3420	-0.4972	0.6889	0.0000	0.0000
K102s	A117s	0.8013	0.3420	-0.4972	0.6889	0.0000	0.0000
K102s	K106b	-0.0694	0.9289	0.4427	0.5854	0.0000	0.0000
K102s	K106s	-0.0694	0.9289	0.4427	0.5854	0.0000	0.0000
K102s	L113b	0.6651	0.5727	0.6480	0.1005	0.0000	0.0000
K102s	L113s	0.6651	0.5727	0.6480	0.1005	0.0000	0.0000
K102s	L114b	0.0918	1.0085	-0.2247	0.7555	0.0000	0.0000
K102s	L114s	0.0918	1.0085	-0.2247	0.7555	0.0000	0.0000
K102s	L118b	0.1990	1.0521	0.4554	0.4610	0.0000	0.0000
K102s	L118s	0.1990	1.0521	0.4554	0.4610	0.0000	0.0000
K102s	M109b	-0.6160	0.5321	0.2952	0.3562	0.0000	0.0000
K102s	M109s	-0.6160	0.5321	0.2952	0.3562	0.0000	0.0000
K102s	M115b	-0.2342	1.0789	-0.2413	0.9149	0.0000	0.0000
K102s	M115s	-0.2342	1.0789	-0.2413	0.9149	0.0000	0.0000
K102s	M120b	0.5171	0.8264	0.1016	0.8472	0.0000	0.0000
K102s	M120s	0.5171	0.8264	0.1016	0.8472	0.0000	0.0000
K102s	P103b	0.3009	1.1266	-0.6213	0.2872	0.0000	0.0000
K102s	P103s	0.3009	1.1266	-0.6213	0.2872	0.0000	0.0000
K102s	P112b	0.4656	0.8774	0.0989	0.5684	0.0000	0.0000
K102s	P112s	0.4656	0.8774	0.0989	0.5684	0.0000	0.0000
K102s	P119b	-0.3313	1.1498	-0.7809	0.3660	0.0000	0.0000
K102s	P119s	-0.3313	1.1498	-0.7809	0.3660	0.0000	0.0000
K102s	Q116b	-0.3277	1.1415	-0.4731	0.6162	0.0000	0.0000
K102s	Q116s	-0.3277	1.1415	-0.4731	0.6162	0.0000	0.0000
K102s	R108b	0.2808	1.1118	-0.5644	0.7299	0.0000	0.0000
K102s	R108s	0.2808	1.1118	-0.5644	0.7299	0.0000	0.0000
K102s	S105b	-0.2378	0.9628	-0.2793	0.4616	0.0000	0.0000
K102s	S105s	-0.2378	0.9628	-0.2793	0.4616	0.0000	0.0000
K102s	T111b	0.1748	1.0414	0.0370	0.9096	0.0000	0.0000
K102s	T111s	0.1748	1.0414	0.0370	0.9096	0.0000	0.0000
K102s	V104b	-0.0343	0.9790	0.0831	0.9567	0.0000	0.0000
K102s	V104s	-0.0343	0.9790	0.0831	0.9567	0.0000	0.0000
K102s	W107b	0.8687	0.1173	0.8116	0.2647	0.0000	0.0000
K102s	W107s	0.8687	0.1173	0.8116	0.2647	0.0000	0.0000
K106b	A110b	-0.0784	0.9387	0.4860	0.4644	-0.3163	0.4432
K106b	A110s	-0.0784	0.9387	0.4860	0.4644	-0.3163	0.4432
K106b	A117b	-0.1796	1.0371	-0.0206	0.8740	-0.1985	0.6699
K106b	A117s	-0.1796	1.0371	-0.0206	0.8740	-0.1985	0.6699
K106b	L113b	-0.0523	0.9255	-0.1828	0.7733	0.3590	0.7217
K106b	L113s	-0.0523	0.9255	-0.1828	0.7733	0.3590	0.7217
K106b	L114b	-0.8512	0.1781	-0.1048	0.7552	-0.0104	0.9357
K106b	L114s	-0.8512	0.1781	-0.1048	0.7552	-0.0104	0.9357
K106b	L118b	0.2543	1.0908	-0.1995	0.4299	-0.3862	0.3818
K106b	L118s	0.2543	1.0908	-0.1995	0.4299	-0.3862	0.3818
K106b	M109b	-0.2747	1.0323	0.8592	0.2226	-0.0928	0.8854
K106b	M109s	-0.2747	1.0323	0.8592	0.2226	-0.0928	0.8854
K106b	M115b	-0.6284	0.3864	-0.0549	0.6859	0.0002	0.9841
K106b	M115s	-0.6284	0.3864	-0.0549	0.6859	0.0002	0.9841
K106b	M120b	0.4791	0.8970	-0.7426	0.2360	-0.2591	0.8910
K106b	M120s	0.4791	0.8970	-0.7426	0.2360	-0.2591	0.8910
K106b	P112b	0.5352	0.8050	-0.5016	0.3958	0.1483	0.4103
K106b	P112s	0.5352	0.8050	-0.5016	0.3958	0.1483	0.4103
K106b	P119b	-0.2772	0.9294	-0.1725	0.4521	-0.8643	0.0339
K106b	P119s	-0.2772	0.9294	-0.1725	0.4521	-0.8643	0.0339
K106b	Q116b	-0.3532	0.9298	0.2758	1.1044	-0.1367	1.0170
K106b	Q116s	-0.3532	0.9298	0.2758	1.1044	-0.1367	1.0170
K106b	R108b	-0.5486	0.4172	-0.7822	0.3637	-0.1380	0.8099
K106b	R108s	-0.5486	0.4172	-0.7822	0.3637	-0.1380	0.8099
K106b	T111b	-0.3702	0.7267	0.1616	0.3476	0.5872	0.3629
K106b	T111s	-0.3702	0.7267	0.1616	0.3476	0.5872	0.3629
K106b	W107b	0.0102	0.9581	0.0175	0.8008	-0.7408	0.3334
K106b	W107s	0.0102	0.9581	0.0175	0.8008	-0.7408	0.3334
K106s	A110b	-0.0784	0.9387	0.4860	0.4644	-0.3163	0.4432
K106s	A110s	-0.0784	0.9387	0.4860	0.4644	-0.3163	0.4432
K106s	A117b	-0.1796	1.0371	-0.0206	0.8740	-0.1985	0.6699
K106s	A117s	-0.1796	1.0371	-0.0206	0.8740	-0.1985	0.6699
K106s	L113b	-0.0523	0.9255	-0.1828	0.7733	0.3590	0.7217
K106s	L113s	-0.0523	0.9255	-0.1828	0.7733	0.3590	0.7217
K106s	L114b	-0.8512	0.1781	-0.1048	0.7552	-0.0104	0.9357
K106s	L114s	-0.8512	0.1781	-0.1048	0.7552	-0.0104	0.9357
K106s	L118b	0.2543	1.0908	-0.1995	0.4299	-0.3862	0.3818
K106s	L118s	0.2543	1.0908	-0.1995	0.4299	-0.3862	0.3818
K106s	M109b	-0.2747	1.0323	0.8592	0.2226	-0.0928	0.8854
K106s	M109s	-0.2747	1.0323	0.8592	0.2226	-0.0928	0.8854
K106s	M115b	-0.6284	0.3864	-0.0549	0.6859	0.0002	0.9841
K106s	M115s	-0.6284	0.3864	-0.0549	0.6859	0.0002	0.9841
K106s	M120b	0.4791	0.8970	-0.7426	0.2360	-0.2591	0.8910
K106s	M120s	0.4791	0.8970	-0.7426	0.2360	-0.2591	0.8910
K106s	P112b	0.5352	0.8050	-0.5016	0.3958	0.1483	0.4103
K106s	P112s	0.5352	0.8050	-0.5016	0.3958	0.1483	0.4103
K106s	P119b	-0.2772	0.9294	-0.1725	0.4521	-0.8643	0.0339
K106s	P119s	-0.2772	0.9294	-0.1725	0.4521	-0.8643	0.0339
K106s	Q116b	-0.3532	0.9298	0.2758	1.1044	-0.1367	1.0170
K106s	Q116s	-0.3532	0.9298	0.2758	1.1044	-0.1367	1.0170
K106s	R108b	-0.5486	0.4172	-0.7822	0.3637	-0.1380	0.8099
K106s	R108s	-0.5486	0.4172	-0.7822	0.3637	-0.1380	0.8099
K106s	T111b	-0.3702	0.7267	0.1616	0.3476	0.5872	0.3629
K106s	T111s	-0.3702	0.7267	0.1616	0.3476	0.5872	0.3629
K106s	W107b	0.0102	0.9581	0.0175	0.8008	-0.7408	0.3334
K106s	W107s	0.0102	0.9581	0.0175	0.8008	-0.7408	0.3334
L113b	A117b	0.9650	0.0443	-0.4870	0.3218	-0.0578	0.8754
L113b	A117s	0.9650	0.0443	-0.4870	0.3218	-0.0578	0.8754
L113b	L114b	0.3065	1.1315	0.0603	0.4010	0.3127	0.9222
L113b	L114s	0.3065	1.1315	0.0603	0.4010	0.3127	0.9222
L113b	L118b	0.4510	0.5634	0.2903	0.8597	-0.9099	0.0780
L113b	L118s	0.4510	0.5634	0.2903	0.8597	-0.9099	0.0780
L113b	M115b	-0.6037	0.5148	-0.3499	1.1109	-0.5321	0.1732
L113b	M115s	-0.6037	0.5148	-0.3499	1.1109	-0.5321	0.1732
L113b	M120b	0.1790	0.7160	0.3506	1.1167	-0.0736	1.0080
L113b	M120s	0.1790	0.7160	0.3506	1.1167	-0.0736	1.0080
L113b	P119b	-0.0551	0.9912	-0.2932	0.6849	-0.1425	0.9145
L113b	P119s	-0.0551	0.9912	-0.2932	0.6849	-0.1425	0.9145
L113b	Q116b	-0.5973	0.6422	-0.7823	0.1788	-0.1299	0.8527
L113b	Q116s	-0.5973	0.6422	-0.7823	0.1788	-0.1299	0.8527
L113s	A117b	0.9650	0.0443	-0.4870	0.3218	-0.0578	0.8754
L113s	A117s	0.9650	0.0443	-0.4870	0.3218	-0.0578	0.8754
L113s	L114b	0.3065	1.1315	0.0603	0.4010	0.3127	0.9222
L113s	L114s	0.3065	1.1315	0.0603	0.4010	0.3127	0.9222
L113s	L118b	0.4510	0.5634	0.2903	0.8597	-0.9099	0.0780
L113s	L118s	0.4510	0.5634	0.2903	0.8597	-0.9099	0.0780
L113s	M115b	-0.6037	0.5148	-0.3499	1.1109	-0.5321	0.1732
L113s	M115s	-0.6037	0.5148	-0.3499	1.1109	-0.5321	0.1732
L113s	M120b	0.1790	0.7160	0.3506	1.1167	-0.0736	1.0080
L113s	M120s	0.1790	0.7160	0.3506	1.1167	-0.0736	1.0080
L113s	P119b	-0.0551	0.9912	-0.2932	0.6849	-0.1425	0.9145
L113s	P119s	-0.0551	0.9912	-0.2932	0.6849	-0.1425	0.9145
L113s	Q116b	-0.5973	0.6422	-0.7823	0.1788	-0.1299	0.8527
L113s	Q116s	-0.5973	0.6422	-0.7823	0.1788	-0.1299	0.8527
L114b	A117b	0.3295	1.1514	0.7978	0.1362	-0.6932	0.3277
L114b	A117s	0.3295	1.1514	0.7978	0.1362	-0.6932	0.3277
L114b	L118b	-0.2324	0.8646	-0.0590	0.8603	-0.0608	0.6974
L114b	L118s	-0.2324	0.8646	-0.0590	0.8603	-0.0608	0.6974
L114b	M115b	0.2250	0.7942	-0.3676	0.2685	-0.2451	1.0708
L114b	M115s	0.2250	0.7942	-0.3676	0.2685	-0.2451	1.0708
L114b	M120b	-0.4763	0.5748	-0.2171	0.0357	0.6214	0.2796
L114b	M120s	-0.4763	0.5748	-0.2171	0.0357	0.6214	0.2796
L114b	P119b	0.5271	0.8172	0.5099	0.8062	0.2799	0.9294
L114b	P119s	0.5271	0.8172	0.5099	0.8062	0.2799	0.9294
L114b	Q116b	0.1402	1.0269	0.0205	0.4820	-0.4587	0.4458
L114b	Q116s	0.1402	1.0269	0.0205	0.4820	-0.4587	0.4458
L114s	A117b	0.3295	1.1514	0.7978	0.1362	-0.6932	0.3277
L114s	A117s	0.3295	1.1514	0.7978	0.1362	-0.6932	0.3277
L114s	L118b	-0.2324	0.8646	-0.0590	0.8603	-0.0608	0.6974
L114s	L118s	-0.2324	0.8646	-0.0590	0.8603	-0.0608	0.6974
L114s	M115b	0.2250	0.7942	-0.3676	0.2685	-0.2451	1.0708
L114s	M115s	0.2250	0.7942	-0.3676	0.2685	-0.2451	1.0708
L114s	M120b	-0.4763	0.5748	-0.2171	0.0357	0.6214	0.2796
L114s	M120s	-0.4763	0.5748	-0.2171	0.0357	0.6214	0.2796
L114s	P119b	0.5271	0.8172	0.5099	0.8062	0.2799	0.9294
L114s	P119s	0.5271	0.8172	0.5099	0.8062	0.2799	0.9294
L114s	Q116b	0.1402	1.0269	0.0205	0.4820	-0.4587	0.4458
L114s	Q116s	0.1402	1.0269	0.0205	0.4820	-0.4587	0.4458
L118b	M120b	-0.3156	1.1394	0.6089	0.3087	0.2708	0.9966
L118b	M120s	-0.3156	1.1394	0.6089	0.3087	0.2708	0.9966
L118b	P119b	0.2187	1.0693	-0.7094	0.4152	0.0972	0.7742
L118b	P119s	0.2187	1.0693	-0.7094	0.4152	0.0972	0.7742
L118s	M120b	-0.3156	1.1394	0.6089	0.3087	0.2708	0.9966
L118s	M120s	-0.3156	1.1394	0.6089	0.3087	0.2708	0.9966
L118s	P119b	0.2187	1.0693	-0.7094	0.4152	0.0972	0.7742
L118s	P119s	0.2187	1.0693	-0.7094	0.4152	0.0972	0.7742
M109b	A110b	-0.0388	1.0020	0.2275	0.8752	-0.4376	0.1878
M109b	A110s	-0.0388	1.0020	0.2275	0.8752	-0.4376	0.1878
M109b	A117b	-0.3217	1.0687	0.0327	0.9330	0.1404	0.6715
M109b	A117s	-0.3217	1.0687	0.0327	0.9330	0.1404	0.6715
M109b	L113b	-0.2537	1.0922	-0.5011	0.2973	0.3268	0.9337
M109b	L113s	-0.2537	1.0922	-0.5011	0.2973	0.3268	0.9337
M109b	L114b	0.3480	1.0910	-0.2585	0.9121	0.0100	0.8669
M109b	L114s	0.3480	1.0910	-0.2585	0.9121	0.0100	0.8669
M109b	L118b	-0.6825	0.4939	0.0477	0.8324	-0.1006	1.0009
M109b	L118s	-0.6825	0.4939	0.0477	0.8324	-0.1006	1.0009
M109b	M115b	0.3894	0.5419	0.1351	0.4391	-0.5099	0.4236
M109b	M115s	0.3894	0.5419	0.1351	0.4391	-0.5099	0.4236
M109b	M120b	-0.1012	0.9293	-0.5433	0.3192	-0.4088	0.8105
M109b	M120s	-0.1012	0.9293	-0.5433	0.3192	-0.4088	0.8105
M109b	P112b	-0.1414	0.9722	-0.2780	0.7623	-0.3943	0.6297
M109b	P112s	-0.1414	0.9722	-0.2780	0.7623	-0.3943	0.6297
M109b	P119b	-0.0041	0.9476	-0.3560	0.5925	-0.1492	1.0196
M109b	P119s	-0.0041	0.9476	-0.3560	0.5925	-0.1492	1.0196
M109b	Q116b	0.6908	0.4857	0.3913	0.8999	0.3217	0.4947
M109b	Q116s	0.6908	0.4857	0.3913	0.8999	0.3217	0.4947
M109b	T111b	0.2733	0.6364	-0.0369	0.5469	-0.2914	0.7597
M109b	T111s	0.2733	0.6364	-0.0369	0.5469	-0.2914	0.7597
M109s	A110b	-0.0388	1.0020	0.2275	0.8752	-0.4376	0.1878
M109s	A110s	-0.0388	1.0020	0.2275	0.8752	-0.4376	0.1878
M109s	A117b	-0.3217	1.0687	0.0327	0.9330	0.1404	0.6715
M109s	A117s	-0.3217	1.0687	0.0327	0.9330	0.1404	0.6715
M109s	L113b	-0.2537	1.0922	-0.5011	0.2973	0.3268	0.9337
M109s	L113s	-0.2537	1.0922	-0.5011	0.2973	0.3268	0.9337
M109s	L114b	0.3480	1.0910	-0.2585	0.9121	0.0100	0.8669
M109s	L114s	0.3480	1.0910	-0.2585	0.9121	0.0100	0.8669
M109s	L118b	-0.6825	0.4939	0.0477	0.8324	-0.1006	1.0009
M109s	L118s	-0.6825	0.4939	0.0477	0.8324	-0.1006	1.0009
M109s	M115b	0.3894	0.5419	0.1351	0.4391	-0.5099	0.4236
M109s	M115s	0.3894	0.5419	0.1351	0.4391	-0.5099	0.4236
M109s	M120b	-0.1012	0.9293	-0.5433	0.3192	-0.4088	0.8105
M109s	M120s	-0.1012	0.9293	-0.5433	0.3192	-0.4088	0.8105
M109s	P112b	-0.1414	0.9722	-0.2780	0.7623	-0.3943	0.6297
M109s	P112s	-0.1414	0.9722	-0.2780	0.7623	-0.3943	0.6297
M109s	P119b	-0.0041	0.9476	-0.3560	0.5925	-0.1492	1.0196
M109s	P119s	-0.0041	0.9476	-0.3560	0.5925	-0.1492	1.0196
M109s	Q116b	0.6908	0.4857	0.3913	0.8999	0.3217	0.4947
M109s	Q116s	0.6908	0.4857	0.3913	0.8999	0.3217	0.4947
M109s	T111b	0.2733	0.6364	-0.0369	0.5469	-0.2914	0.7597
M109s	T111s	0.2733	0.6364	-0.0369	0.5469	-0.2914	0.7597
M115b	A117b	-0.4226	0.7191	-0.1658	0.7040	-0.1004	0.9405
M115b	A117s	-0.4226	0.7191	-0.1658	0.7040	-0.1004	0.9405
M115b	L118b	-0.6093	0.6673	0.2369	0.8415	0.1980	0.4039
M115b	L118s	-0.6093	0.6673	0.2369	0.8415	0.1980	0.4039
M115b	M120b	-0.1138	1.0140	0.3093	1.0898	-0.2867	0.7881
M115b	M120s	-0.1138	1.0140	0.3093	1.0898	-0.2867	0.7881
M115b	P119b	-0.2085	1.0609	-0.0976	0.9065	0.1977	0.8919
M115b	P119s	-0.2085	1.0609	-0.0976	0.9065	0.1977	0.8919
M115b	Q116b	0.8356	0.2730	0.4025	0.7140	0.1025	0.8045
M115b	Q116s	0.8356	0.2730	0.4025	0.7140	0.1025	0.8045
M115s	A117b	-0.4226	0.7191	-0.1658	0.7040	-0.1004	0.9405
M115s	A117s	-0.4226	0.7191	-0.1658	0.7040	-0.1004	0.9405
M115s	L118b	-0.6093	0.6673	0.2369	0.8415	0.1980	0.4039
M115s	L118s	-0.6093	0.6673	0.2369	0.8415	0.1980	0.4039
M115s	M120b	-0.1138	1.0140	0.3093	1.0898	-0.2867	0.7881
M115s	M120s	-0.1138	1.0140	0.3093	1.0898	-0.2867	0.7881
M115s	P119b	-0.2085	1.0609	-0.0976	0.9065	0.1977	0.8919
M115s	P119s	-0.2085	1.0609	-0.0976	0.9065	0.1977	0.8919
M115s	Q116b	0.8356	0.2730	0.4025	0.7140	0.1025	0.8045
M115s	Q116s	0.8356	0.2730	0.4025	0.7140	0.1025	0.8045
MHCII	A110b	-0.0202	0.0538	0.0168	0.0563	-0.0064	0.0734
MHCII	A110s	-0.0202	0.0538	0.0168	0.0563	-0.0064	0.0734
MHCII	A117b	-0.0286	0.0464	0.0007	0.0101	0.0250	0.0642
MHCII	A117s	-0.0286	0.0464	0.0007	0.0101	0.0250	0.0642
MHCII	K102b	-0.0321	0.0432	-0.0040	0.0419	0.0000	0.0000
MHCII	K102s	-0.0321	0.0432	-0.0040	0.0419	0.0000	0.0000
MHCII	K106b	-0.0298	0.0455	0.0412	0.0333	0.0019	0.0361
MHCII	K106s	-0.0298	0.0455	0.0412	0.0333	0.0019	0.0361
MHCII	L113b	-0.0283	0.0469	-0.0296	0.0382	-0.0037	0.0460
MHCII	L113s	-0.0283	0.0469	-0.0296	0.0382	-0.0037	0.0460
MHCII	L114b	0.0269	0.0479	-0.0206	0.0265	-0.0097	0.0469
MHCII	L114s	0.0269	0.0479	-0.0206	0.0265	-0.0097	0.0469
MHCII	L118b	-0.0223	0.0517	-0.0393	0.0320	0.0186	0.0522
MHCII	L118s	-0.0223	0.0517	-0.0393	0.0320	0.0186	0.0522
MHCII	M109b	0.0283	0.0466	0.0367	0.0392	0.0091	0.0105
MHCII	M109s	0.0283	0.0466	0.0367	0.0392	0.0091	0.0105
MHCII	M115b	0.0296	0.0467	0.0052	0.0436	-0.0446	0.0094
MHCII	M115s	0.0296	0.0467	0.0052	0.0436	-0.0446	0.0094
MHCII	M120b	-0.0336	0.0419	-0.0392	0.0199	0.0233	0.0447
MHCII	M120s	-0.0336	0.0419	-0.0392	0.0199	0.0233	0.0447
MHCII	MHCII	-0.0004	0.0038	0.0006	0.0031	0.0012	0.0023
MHCII	P103b	-0.0270	0.0479	-0.0030	0.0571	-0.0198	0.0417
MHCII	P103s	-0.0270	0.0479	-0.0030	0.0571	-0.0198	0.0417
MHCII	P112b	-0.0332	0.0422	-0.0185	0.0121	0.0436	0.0322
MHCII	P112s	-0.0332	0.0422	-0.0185	0.0121	0.0436	0.0322
MHCII	P119b	0.0279	0.0472	0.0088	0.0423	-0.0243	0.0178
MHCII	P119s	0.0279	0.0472	0.0088	0.0423	-0.0243	0.0178
MHCII	Q116b	0.0260	0.0487	0.0378	0.0487	0.0090	0.0641
MHCII	Q116s	0.0260	0.0487	0.0378	0.0487	0.0090	0.0641
MHCII	R108b	0.0217	0.0522	-0.0212	0.0115	0.0084	0.0191
MHCII	R108s	0.0217	0.0522	-0.0212	0.0115	0.0084	0.0191
MHCII	S105b	0.0313	0.0449	0.0327	0.0424	-0.0241	0.0608
MHCII	S105s	0.0313	0.0449	0.0327	0.0424	-0.0241	0.0608
MHCII	T111b	0.0192	0.0545	-0.0079	0.0209	-0.0385	0.0333
MHCII	T111s	0.0192	0.0545	-0.0079	0.0209	-0.0385	0.0333
MHCII	V104b	-0.0299	0.0461	-0.0347	0.0217	0.0379	0.0266
MHCII	V104s	-0.0299	0.0461	-0.0347	0.0217	0.0379	0.0266
MHCII	W107b	-0.0296	0.0458	-0.0320	0.0390	0.0052	0.0209
MHCII	W107s	-0.0296	0.0458	-0.0320	0.0390	0.0052	0.0209
P103b	A110b	0.5988	0.3474	-0.0781	0.9420	-0.3097	0.4582
P103b	A110s	0.5988	0.3474	-0.0781	0.9420	-0.3097	0.4582
P103b	A117b	0.2540	1.0924	0.5711	0.1399	0.0352	0.7912
P103b	A117s	0.2540	1.0924	0.5711	0.1399	0.0352	0.7912
P103b	K106b	0.2155	1.0131	-0.1113	0.8523	0.6909	0.2765
P103b	K106s	0.2155	1.0131	-0.1113	0.8523	0.6909	0.2765
P103b	L113b	0.1509	1.0221	-0.1596	0.7753	0.6861	0.4072
P103b	L113s	0.1509	1.0221	-0.1596	0.7753	0.6861	0.4072
P103b	L114b	-0.4406	0.9646	0.7114	0.4812	-0.1200	0.5231
P103b	L114s	-0.4406	0.9646	0.7114	0.4812	-0.1200	0.5231
P103b	L118b	-0.1924	1.0448	-0.4223	0.6453	-0.8776	0.1770
P103b	L118s	-0.1924	1.0448	-0.4223	0.6453	-0.8776	0.1770
P103b	M109b	0.0969	0.9752	-0.3202	0.9203	-0.1713	1.0157
P103b	M109s	0.0969	0.9752	-0.3202	0.9203	-0.1713	1.0157
P103b	M115b	0.1851	1.0325	0.0365	0.8170	0.0912	0.6617
P103b	M115s	0.1851	1.0325	0.0365	0.8170	0.0912	0.6617
P103b	M120b	0.7692	0.2636	-0.3968	0.5285	-0.3584	1.0787
P103b	M120s	0.7692	0.2636	-0.3968	0.5285	-0.3584	1.0787
P103b	P112b	0.7655	0.2116	-0.5563	0.2726	0.2094	0.7236
P103b	P112s	0.7655	0.2116	-0.5563	0.2726	0.2094	0.7236
P103b	P119b	-0.9840	0.0272	0.8987	0.0878	-0.3844	0.5981
P103b	P119s	-0.9840	0.0272	0.8987	0.0878	-0.3844	0.5981
P103b	Q116b	0.3123	1.1365	0.1971	0.8495	-0.0513	0.9505
P103b	Q116s	0.3123	1.1365	0.1971	0.8495	-0.0513	0.9505
P103b	R108b	-0.4873	0.8814	0.0016	0.8145	-0.1641	0.9751
P103b	R108s	-0.4873	0.8814	0.0016	0.8145	-0.1641	0.9751
P103b	S105b	0.1694	1.0405	0.0766	0.8626	0.6582	0.2963
P103b	S105s	0.1694	1.0405	0.0766	0.8626	0.6582	0.2963
P103b	T111b	-0.2285	0.9349	0.4351	0.5614	0.8891	0.1655
P103b	T111s	-0.2285	0.9349	0.4351	0.5614	0.8891	0.1655
P103b	V104b	0.0711	1.0033	0.0694	0.2374	-0.5480	0.7407
P103b	V104s	0.0711	1.0033	0.0694	0.2374	-0.5480	0.7407
P103b	W107b	0.1883	0.9515	-0.4637	0.4590	-0.7311	0.3044
P103b	W107s	0.1883	0.9515	-0.4637	0.4590	-0.7311	0.3044
P103s	A110b	0.5988	0.3474	-0.0781	0.9420	-0.3097	0.4582
P103s	A110s	0.5988	0.3474	-0.0781	0.9420	-0.3097	0.4582
P103s	A117b	0.2540	1.0924	0.5711	0.1399	0.0352	0.7912
P103s	A117s	0.2540	1.0924	0.5711	0.1399	0.0352	0.7912
P103s	K106b	0.2155	1.0131	-0.1113	0.8523	0.6909	0.2765
P103s	K106s	0.2155	1.0131	-0.1113	0.8523	0.6909	0.2765
P103s	L113b	0.1509	1.0221	-0.1596	0.7753	0.6861	0.4072
P103s	L113s	0.1509	1.0221	-0.1596	0.7753	0.6861	0.4072
P103s	L114b	-0.4406	0.9646	0.7114	0.4812	-0.1200	0.5231
P103s	L114s	-0.4406	0.9646	0.7114	0.4812	-0.1200	0.5231
P103s	L118b	-0.1924	1.0448	-0.4223	0.6453	-0.8776	0.1770
P103s	L118s	-0.1924	1.0448	-0.4223	0.6453	-0.8776	0.1770
P103s	M109b	0.0969	0.9752	-0.3202	0.9203	-0.1713	1.0157
P103s	M109s	0.0969	0.9752	-0.3202	0.9203	-0.1713	1.0157
P103s	M115b	0.1851	1.0325	0.0365	0.8170	0.0912	0.6617
P103s	M115s	0.1851	1.0325	0.0365	0.8170	0.0912	0.6617
P103s	M120b	0.7692	0.2636	-0.3968	0.5285	-0.3584	1.0787
P103s	M120s	0.7692	0.2636	-0.3968	0.5285	-0.3584	1.0787
P103s	P112b	0.7655	0.2116	-0.5563	0.2726	0.2094	0.7236
P103s	P112s	0.7655	0.2116	-0.5563	0.2726	0.2094	0.7236
P103s	P119b	-0.9840	0.0272	0.8987	0.0878	-0.3844	0.5981
P103s	P119s	-0.9840	0.0272	0.8987	0.0878	-0.3844	0.5981
P103s	Q116b	0.3123	1.1365	0.1971	0.8495	-0.0513	0.9505
P103s	Q116s	0.3123	1.1365	0.1971	0.8495	-0.0513	0.9505
P103s	R108b	-0.4873	0.8814	0.0016	0.8145	-0.1641	0.9751
P103s	R108s	-0.4873	0.8814	0.0016	0.8145	-0.1641	0.9751
P103s	S105b	0.1694	1.0405	0.0766	0.8626	0.6582	0.2963
P103s	S105s	0.1694	1.0405	0.0766	0.8626	0.6582	0.2963
P103s	T111b	-0.2285	0.9349	0.4351	0.5614	0.8891	0.1655
P103s	T111s	-0.2285	0.9349	0.4351	0.5614	0.8891	0.1655
P103s	V104b	0.0711	1.0033	0.0694	0.2374	-0.5480	0.7407
P103s	V104s	0.0711	1.0033	0.0694	0.2374	-0.5480	0.7407
P103s	W107b	0.1883	0.9515	-0.4637	0.4590	-0.7311	0.3044
P103s	W107s	0.1883	0.9515	-0.4637	0.4590	-0.7311	0.3044
P112b	A117b	0.1591	0.8050	-0.7110	0.4505	0.5327	0.4505
P112b	A117s	0.1591	0.8050	-0.7110	0.4505	0.5327	0.4505
P112b	L113b	0.0801	0.7984	0.1977	0.9901	0.1049	0.9777
P112b	L113s	0.0801	0.7984	0.1977	0.9901	0.1049	0.9777
P112b	L114b	-0.5709	0.4842	-0.7260	0.2277	-0.3479	0.7961
P112b	L114s	-0.5709	0.4842	-0.7260	0.2277	-0.3479	0.7961
P112b	L118b	-0.2984	1.1256	0.4706	0.7074	-0.1252	0.9909
P112b	L118s	-0.2984	1.1256	0.4706	0.7074	-0.1252	0.9909
P112b	M115b	-0.0866	0.9820	0.5049	0.7737	-0.3819	0.5340
P112b	M115s	-0.0866	0.9820	0.5049	0.7737	-0.3819	0.5340
P112b	M120b	0.9916	0.0085	0.7822	0.1574	0.3443	0.6395
P112b	M120s	0.9916	0.0085	0.7822	0.1574	0.3443	0.6395
P112b	P119b	-0.8352	0.1974	-0.5062	0.4197	-0.2558	0.3946
P112b	P119s	-0.8352	0.1974	-0.5062	0.4197	-0.2558	0.3946
P112b	Q116b	0.2043	1.0462	-0.2915	0.5229	0.0884	0.5910
P112b	Q116s	0.2043	1.0462	-0.2915	0.5229	0.0884	0.5910
P112s	A117b	0.1591	0.8050	-0.7110	0.4505	0.5327	0.4505
P112s	A117s	0.1591	0.8050	-0.7110	0.4505	0.5327	0.4505
P112s	L113b	0.0801	0.7984	0.1977	0.9901	0.1049	0.9777
P112s	L113s	0.0801	0.7984	0.1977	0.9901	0.1049	0.9777
P112s	L114b	-0.5709	0.4842	-0.7260	0.2277	-0.3479	0.7961
P112s	L114s	-0.5709	0.4842	-0.7260	0.2277	-0.3479	0.7961
P112s	L118b	-0.2984	1.1256	0.4706	0.7074	-0.1252	0.9909
P112s	L118s	-0.2984	1.1256	0.4706	0.7074	-0.1252	0.9909
P112s	M115b	-0.0866	0.9820	0.5049	0.7737	-0.3819	0.5340
P112s	M115s	-0.0866	0.9820	0.5049	0.7737	-0.3819	0.5340
P112s	M120b	0.9916	0.0085	0.7822	0.1574	0.3443	0.6395
P112s	M120s	0.9916	0.0085	0.7822	0.1574	0.3443	0.6395
P112s	P119b	-0.8352	0.1974	-0.5062	0.4197	-0.2558	0.3946
P112s	P119s	-0.8352	0.1974	-0.5062	0.4197	-0.2558	0.3946
P112s	Q116b	0.2043	1.0462	-0.2915	0.5229	0.0884	0.5910
P112s	Q116s	0.2043	1.0462	-0.2915	0.5229	0.0884	0.5910
P119b	M120b	-0.8234	0.2704	-0.4658	0.3147	0.3559	0.6298
P119b	M120s	-0.8234	0.2704	-0.4658	0.3147	0.3559	0.6298
P119s	M120b	-0.8234	0.2704	-0.4658	0.3147	0.3559	0.6298
P119s	M120s	-0.8234	0.2704	-0.4658	0.3147	0.3559	0.6298
Q116b	A117b	-0.4857	0.8796	0.5499	0.3330	0.8354	0.2130
Q116b	A117s	-0.4857	0.8796	0.5499	0.3330	0.8354	0.2130
Q116b	L118b	-0.9196	0.1392	-0.4829	0.3864	0.0751	0.8936
Q116b	L118s	-0.9196	0.1392	-0.4829	0.3864	0.0751	0.8936
Q116b	M120b	0.1964	1.0489	-0.2825	1.0103	-0.1978	0.9681
Q116b	M120s	0.1964	1.0489	-0.2825	1.0103	-0.1978	0.9681
Q116b	P119b	-0.3298	1.1517	0.2857	0.5035	-0.0271	0.9269
Q116b	P119s	-0.3298	1.1517	0.2857	0.5035	-0.0271	0.9269
Q116s	A117b	-0.4857	0.8796	0.5499	0.3330	0.8354	0.2130
Q116s	A117s	-0.4857	0.8796	0.5499	0.3330	0.8354	0.2130
Q116s	L118b	-0.9196	0.1392	-0.4829	0.3864	0.0751	0.8936
Q116s	L118s	-0.9196	0.1392	-0.4829	0.3864	0.0751	0.8936
Q116s	M120b	0.1964	1.0489	-0.2825	1.0103	-0.1978	0.9681
Q116s	M120s	0.1964	1.0489	-0.2825	1.0103	-0.1978	0.9681
Q116s	P119b	-0.3298	1.1517	0.2857	0.5035	-0.0271	0.9269
Q116s	P119s	-0.3298	1.1517	0.2857	0.5035	-0.0271	0.9269
R108b	A110b	-0.6909	0.2692	-0.3042	0.1066	-0.4959	0.2249
R108b	A110s	-0.6909	0.2692	-0.3042	0.1066	-0.4959	0.2249
R108b	A117b	-0.0518	0.9981	0.3009	0.9873	0.1455	0.7100
R108b	A117s	-0.0518	0.9981	0.3009	0.9873	0.1455	0.7100
R108b	L113b	-0.1776	1.0451	-0.1995	0.9087	0.3353	0.9688
R108b	L113s	-0.1776	1.0451	-0.1995	0.9087	0.3353	0.9688
R108b	L114b	0.5683	0.7260	0.1221	0.7524	-0.0404	0.9326
R108b	L114s	0.5683	0.7260	0.1221	0.7524	-0.0404	0.9326
R108b	L118b	-0.4152	0.8247	-0.0886	0.2849	-0.1276	1.0140
R108b	L118s	-0.4152	0.8247	-0.0886	0.2849	-0.1276	1.0140
R108b	M109b	-0.1129	0.9722	-0.5454	0.4069	0.9923	0.0074
R108b	M109s	-0.1129	0.9722	-0.5454	0.4069	0.9923	0.0074
R108b	M115b	0.3686	0.9738	-0.2741	0.9355	-0.5185	0.4559
R108b	M115s	0.3686	0.9738	-0.2741	0.9355	-0.5185	0.4559
R108b	M120b	-0.1511	0.9766	0.4030	0.9136	-0.4490	0.7630
R108b	M120s	-0.1511	0.9766	0.4030	0.9136	-0.4490	0.7630
R108b	P112b	-0.1698	1.0239	0.1818	0.9106	-0.3736	0.7420
R108b	P112s	-0.1698	1.0239	0.1818	0.9106	-0.3736	0.7420
R108b	P119b	0.4081	1.0143	0.2411	0.7108	-0.1144	1.0033
R108b	P119s	0.4081	1.0143	0.2411	0.7108	-0.1144	1.0033
R108b	Q116b	0.2695	1.0661	0.0007	0.9546	0.2742	0.4457
R108b	Q116s	0.2695	1.0661	0.0007	0.9546	0.2742	0.4457
R108b	T111b	0.8422	0.2125	0.0837	0.7873	-0.3129	0.6757
R108b	T111s	0.8422	0.2125	0.0837	0.7873	-0.3129	0.6757
R108s	A110b	-0.6909	0.2692	-0.3042	0.1066	-0.4959	0.2249
R108s	A110s	-0.6909	0.2692	-0.3042	0.1066	-0.4959	0.2249
R108s	A117b	-0.0518	0.9981	0.3009	0.9873	0.1455	0.7100
R108s	A117s	-0.0518	0.9981	0.3009	0.9873	0.1455	0.7100
R108s	L113b	-0.1776	1.0451	-0.1995	0.9087	0.3353	0.9688
R108s	L113s	-0.1776	1.0451	-0.1995	0.9087	0.3353	0.9688
R108s	L114b	0.5683	0.7260	0.1221	0.7524	-0.0404	0.9326
R108s	L114s	0.5683	0.7260	0.1221	0.7524	-0.0404	0.9326
R108s	L118b	-0.4152	0.8247	-0.0886	0.2849	-0.1276	1.0140
R108s	L118s	-0.4152	0.8247	-0.0886	0.2849	-0.1276	1.0140
R108s	M109b	-0.1129	0.9722	-0.5454	0.4069	0.9923	0.0074
R108s	M109s	-0.1129	0.9722	-0.5454	0.4069	0.9923	0.0074
R108s	M115b	0.3686	0.9738	-0.2741	0.9355	-0.5185	0.4559
R108s	M115s	0.3686	0.9738	-0.2741	0.9355	-0.5185	0.4559
R108s	M120b	-0.1511	0.9766	0.4030	0.9136	-0.4490	0.7630
R108s	M120s	-0.1511	0.9766	0.4030	0.9136	-0.4490	0.7630
R108s	P112b	-0.1698	1.0239	0.1818	0.9106	-0.3736	0.7420
R108s	P112s	-0.1698	1.0239	0.1818	0.9106	-0.3736	0.7420
R108s	P119b	0.4081	1.0143	0.2411	0.7108	-0.1144	1.0033
R108s	P119s	0.4081	1.0143	0.2411	0.7108	-0.1144	1.0033
R108s	Q116b	0.2695	1.0661	0.0007	0.9546	0.2742	0.4457
R108s	Q116s	0.2695	1.0661	0.0007	0.9546	0.2742	0.4457
R108s	T111b	0.8422	0.2125	0.0837	0.7873	-0.3129	0.6757
R108s	T111s	0.8422	0.2125	0.0837	0.7873	-0.3129	0.6757
S105b	A110b	0.1653	1.0381	0.2923	1.0795	-0.3962	0.7461
S105b	A110s	0.1653	1.0381	0.2923	1.0795	-0.3962	0.7461
S105b	A117b	-0.2218	0.9471	0.0227	0.8686	-0.6032	0.4833
S105b	A117s	-0.2218	0.9471	0.0227	0.8686	-0.6032	0.4833
S105b	K106b	-0.7903	0.3338	-0.0129	0.8527	0.8201	0.1994
S105b	K106s	-0.7903	0.3338	-0.0129	0.8527	0.8201	0.1994
S105b	L113b	-0.3741	0.8088	-0.0861	0.5594	0.5100	0.2340
S105b	L113s	-0.3741	0.8088	-0.0861	0.5594	0.5100	0.2340
S105b	L114b	0.4430	0.7629	-0.1872	1.0450	0.4188	0.5524
S105b	L114s	0.4430	0.7629	-0.1872	1.0450	0.4188	0.5524
S105b	L118b	-0.5206	0.7483	-0.8727	0.0762	-0.5050	0.2655
S105b	L118s	-0.5206	0.7483	-0.8727	0.0762	-0.5050	0.2655
S105b	M109b	0.5152	0.4917	-0.2237	1.0647	-0.0280	0.3805
S105b	M109s	0.5152	0.4917	-0.2237	1.0647	-0.0280	0.3805
S105b	M115b	0.9376	0.0934	-0.1980	0.3218	0.0854	0.9275
S105b	M115s	0.9376	0.0934	-0.1980	0.3218	0.0854	0.9275
S105b	M120b	-0.2497	0.9038	-0.2113	0.4374	-0.1890	0.8894
S105b	M120s	-0.2497	0.9038	-0.2113	0.4374	-0.1890	0.8894
S105b	P112b	-0.2566	0.8181	-0.1229	0.8457	-0.2899	0.6839
S105b	P112s	-0.2566	0.8181	-0.1229	0.8457	-0.2899	0.6839
S105b	P119b	-0.1318	1.0029	0.4131	0.6465	-0.4987	0.3305
S105b	P119s	-0.1318	1.0029	0.4131	0.6465	-0.4987	0.3305
S105b	Q116b	0.7545	0.3507	0.4129	0.5882	-0.3929	1.0150
S105b	Q116s	0.7545	0.3507	0.4129	0.5882	-0.3929	1.0150
S105b	R108b	0.2698	0.8202	0.2303	0.3129	-0.0703	0.2597
S105b	R108s	0.2698	0.8202	0.2303	0.3129	-0.0703	0.2597
S105b	T111b	0.2457	1.0866	-0.0472	0.8786	0.7312	0.4572
S105b	T111s	0.2457	1.0866	-0.0472	0.8786	0.7312	0.4572
S105b	W107b	-0.2297	0.6858	-0.6166	0.1324	-0.5105	0.4004
S105b	W107s	-0.2297	0.6858	-0.6166	0.1324	-0.5105	0.4004
S105s	A110b	0.1653	1.0381	0.2923	1.0795	-0.3962	0.7461
S105s	A110s	0.1653	1.0381	0.2923	1.0795	-0.3962	0.7461
S105s	A117b	-0.2218	0.9471	0.0227	0.8686	-0.6032	0.4833
S105s	A117s	-0.2218	0.9471	0.0227	0.8686	-0.6032	0.4833
S105s	K106b	-0.7903	0.3338	-0.0129	0.8527	0.8201	0.1994
S105s	K106s	-0.7903	0.3338	-0.0129	0.8527	0.8201	0.1994
S105s	L113b	-0.3741	0.8088	-0.0861	0.5594	0.5100	0.2340
S105s	L113s	-0.3741	0.8088	-0.0861	0.5594	0.5100	0.2340
S105s	L114b	0.4430	0.7629	-0.1872	1.0450	0.4188	0.5524
S105s	L114s	0.4430	0.7629	-0.1872	1.0450	0.4188	0.5524
S105s	L118b	-0.5206	0.7483	-0.8727	0.0762	-0.5050	0.2655
S105s	L118s	-0.5206	0.7483	-0.8727	0.0762	-0.5050	0.2655
S105s	M109b	0.5152	0.4917	-0.2237	1.0647	-0.0280	0.3805
S105s	M109s	0.5152	0.4917	-0.2237	1.0647	-0.0280	0.3805
S105s	M115b	0.9376	0.0934	-0.1980	0.3218	0.0854	0.9275
S105s	M115s	0.9376	0.0934	-0.1980	0.3218	0.0854	0.9275
S105s	M120b	-0.2497	0.9038	-0.2113	0.4374	-0.1890	0.8894
S105s	M120s	-0.2497	0.9038	-0.2113	0.4374	-0.1890	0.8894
S105s	P112b	-0.2566	0.8181	-0.1229	0.8457	-0.2899	0.6839
S105s	P112s	-0.2566	0.8181	-0.1229	0.8457	-0.2899	0.6839
S105s	P119b	-0.1318	1.0029	0.4131	0.6465	-0.4987	0.3305
S105s	P119s	-0.1318	1.0029	0.4131	0.6465	-0.4987	0.3305
S105s	Q116b	0.7545	0.3507	0.4129	0.5882	-0.3929	1.0150
S105s	Q116s	0.7545	0.3507	0.4129	0.5882	-0.3929	1.0150
S105s	R108b	0.2698	0.8202	0.2303	0.3129	-0.0703	0.2597
S105s	R108s	0.2698	0.8202	0.2303	0.3129	-0.0703	0.2597
S105s	T111b	0.2457	1.0866	-0.0472	0.8786	0.7312	0.4572
S105s	T111s	0.2457	1.0866	-0.0472	0.8786	0.7312	0.4572
S105s	W107b	-0.2297	0.6858	-0.6166	0.1324	-0.5105	0.4004
S105s	W107s	-0.2297	0.6858	-0.6166	0.1324	-0.5105	0.4004
T111b	A117b	-0.0937	0.7940	0.6761	0.3834	-0.1560	0.6403
T111b	A117s	-0.0937	0.7940	0.6761	0.3834	-0.1560	0.6403
T111b	L113b	-0.1757	0.8226	0.1236	0.8327	0.5299	0.2174
T111b	L113s	-0.1757	0.8226	0.1236	0.8327	0.5299	0.2174
T111b	L114b	0.5069	0.4516	0.8602	0.0693	0.1219	0.2476
T111b	L114s	0.5069	0.4516	0.8602	0.0693	0.1219	0.2476
T111b	L118b	-0.7724	0.3564	-0.1836	0.9773	-0.7438	0.2616
T111b	L118s	-0.7724	0.3564	-0.1836	0.9773	-0.7438	0.2616
T111b	M115b	0.3367	1.1390	-0.7436	0.2918	0.3877	0.3802
T111b	M115s	0.3367	1.1390	-0.7436	0.2918	0.3877	0.3802
T111b	M120b	0.1736	1.0441	-0.4451	0.4731	-0.2297	0.9090
T111b	M120s	0.1736	1.0441	-0.4451	0.4731	-0.2297	0.9090
T111b	P112b	0.1322	1.0222	-0.8623	0.1617	-0.0921	0.9053
T111b	P112s	0.1322	1.0222	-0.8623	0.1617	-0.0921	0.9053
T111b	P119b	0.1719	1.0080	0.3487	0.9228	-0.1486	0.5092
T111b	P119s	0.1719	1.0080	0.3487	0.9228	-0.1486	0.5092
T111b	Q116b	0.5391	0.7555	-0.0781	0.1627	-0.0409	0.9073
T111b	Q116s	0.5391	0.7555	-0.0781	0.1627	-0.0409	0.9073
T111s	A117b	-0.0937	0.7940	0.6761	0.3834	-0.1560	0.6403
T111s	A117s	-0.0937	0.7940	0.6761	0.3834	-0.1560	0.6403
T111s	L113b	-0.1757	0.8226	0.1236	0.8327	0.5299	0.2174
T111s	L113s	-0.1757	0.8226	0.1236	0.8327	0.5299	0.2174
T111s	L114b	0.5069	0.4516	0.8602	0.0693	0.1219	0.2476
T111s	L114s	0.5069	0.4516	0.8602	0.0693	0.1219	0.2476
T111s	L118b	-0.7724	0.3564	-0.1836	0.9773	-0.7438	0.2616
T111s	L118s	-0.7724	0.3564	-0.1836	0.9773	-0.7438	0.2616
T111s	M115b	0.3367	1.1390	-0.7436	0.2918	0.3877	0.3802
T111s	M115s	0.3367	1.1390	-0.7436	0.2918	0.3877	0.3802
T111s	M120b	0.1736	1.0441	-0.4451	0.4731	-0.2297	0.9090
T111s	M120s	0.1736	1.0441	-0.4451	0.4731	-0.2297	0.9090
T111s	P112b	0.1322	1.0222	-0.8623	0.1617	-0.0921	0.9053
T111s	P112s	0.1322	1.0222	-0.8623	0.1617	-0.0921	0.9053
T111s	P119b	0.1719	1.0080	0.3487	0.9228	-0.1486	0.5092
T111s	P119s	0.1719	1.0080	0.3487	0.9228	-0.1486	0.5092
T111s	Q116b	0.5391	0.7555	-0.0781	0.1627	-0.0409	0.9073
T111s	Q116s	0.5391	0.7555	-0.0781	0.1627	-0.0409	0.9073
V104b	A110b	-0.0347	0.9343	0.1435	0.7722	-0.0417	0.7497
V104b	A110s	-0.0347	0.9343	0.1435	0.7722	-0.0417	0.7497
V104b	A117b	0.0319	0.8686	0.3001	0.9224	-0.2550	0.8466
V104b	A117s	0.0319	0.8686	0.3001	0.9224	-0.2550	0.8466
V104b	K106b	0.9322	0.0624	-0.3759	0.7362	-0.2813	1.1089
V104b	K106s	0.9322	0.0624	-0.3759	0.7362	-0.2813	1.1089
V104b	L113b	0.2161	0.6953	0.1813	0.8304	-0.0646	0.7775
V104b	L113s	0.2161	0.6953	0.1813	0.8304	-0.0646	0.7775
V104b	L114b	-0.6277	0.3509	0.3796	0.5217	0.5676	0.3708
V104b	L114s	-0.6277	0.3509	0.3796	0.5217	0.5676	0.3708
V104b	L118b	0.3630	1.0852	0.6029	0.6027	0.3800	0.5755
V104b	L118s	0.3630	1.0852	0.6029	0.6027	0.3800	0.5755
V104b	M109b	-0.2153	0.8385	-0.2738	0.6910	-0.0967	0.7572
V104b	M109s	-0.2153	0.8385	-0.2738	0.6910	-0.0967	0.7572
V104b	M115b	-0.8439	0.2190	0.3927	0.6882	-0.6003	0.6170
V104b	M115s	-0.8439	0.2190	0.3927	0.6882	-0.6003	0.6170
V104b	M120b	0.3565	1.0772	0.6539	0.4961	0.8507	0.1382
V104b	M120s	0.3565	1.0772	0.6539	0.4961	0.8507	0.1382
V104b	P112b	0.3751	1.0074	0.1837	0.8176	0.3038	0.1031
V104b	P112s	0.3751	1.0074	0.1837	0.8176	0.3038	0.1031
V104b	P119b	-0.0859	1.0000	-0.2513	0.5362	0.1844	0.9390
V104b	P119s	-0.0859	1.0000	-0.2513	0.5362	0.1844	0.9390
V104b	Q116b	-0.5347	0.7908	0.0514	0.9006	-0.3853	1.0602
V104b	Q116s	-0.5347	0.7908	0.0514	0.9006	-0.3853	1.0602
V104b	R108b	-0.5702	0.4613	0.0298	0.8364	-0.1100	0.6646
V104b	R108s	-0.5702	0.4613	0.0298	0.8364	-0.1100	0.6646
V104b	S105b	-0.9015	0.1469	-0.4500	0.7399	-0.2458	1.0775
V104b	S105s	-0.9015	0.1469	-0.4500	0.7399	-0.2458	1.0775
V104b	T111b	-0.3761	0.9746	0.0209	0.8717	-0.5703	0.5921
V104b	T111s	-0.3761	0.9746	0.0209	0.8717	-0.5703	0.5921
V104b	W107b	-0.0690	0.9288	0.2346	1.0400	0.3954	0.6142
V104b	W107s	-0.0690	0.9288	0.2346	1.0400	0.3954	0.6142
V104s	A110b	-0.0347	0.9343	0.1435	0.7722	-0.0417	0.7497
V104s	A110s	-0.0347	0.9343	0.1435	0.7722	-0.0417	0.7497
V104s	A117b	0.0319	0.8686	0.3001	0.9224	-0.2550	0.8466
V104s	A117s	0.0319	0.8686	0.3001	0.9224	-0.2550	0.8466
V104s	K106b	0.9322	0.0624	-0.3759	0.7362	-0.2813	1.1089
V104s	K106s	0.9322	0.0624	-0.3759	0.7362	-0.2813	1.1089
V104s	L113b	0.2161	0.6953	0.1813	0.8304	-0.0646	0.7775
V104s	L113s	0.2161	0.6953	0.1813	0.8304	-0.0646	0.7775
V104s	L114b	-0.6277	0.3509	0.3796	0.5217	0.5676	0.3708
V104s	L114s	-0.6277	0.3509	0.3796	0.5217	0.5676	0.3708
V104s	L118b	0.3630	1.0852	0.6029	0.6027	0.3800	0.5755
V104s	L118s	0.3630	1.0852	0.6029	0.6027	0.3800	0.5755
V104s	M109b	-0.2153	0.8385	-0.2738	0.6910	-0.0967	0.7572
V104s	M109s	-0.2153	0.8385	-0.2738	0.6910	-0.0967	0.7572
V104s	M115b	-0.8439	0.2190	0.3927	0.6882	-0.6003	0.6170
V104s	M115s	-0.8439	0.2190	0.3927	0.6882	-0.6003	0.6170
V104s	M120b	0.3565	1.0772	0.6539	0.4961	0.8507	0.1382
V104s	M120s	0.3565	1.0772	0.6539	0.4961	0.8507	0.1382
V104s	P112b	0.3751	1.0074	0.1837	0.8176	0.3038	0.1031
V104s	P112s	0.3751	1.0074	0.1837	0.8176	0.3038	0.1031
V104s	P119b	-0.0859	1.0000	-0.2513	0.5362	0.1844	0.9390
V104s	P119s	-0.0859	1.0000	-0.2513	0.5362	0.1844	0.9390
V104s	Q116b	-0.5347	0.7908	0.0514	0.9006	-0.3853	1.0602
V104s	Q116s	-0.5347	0.7908	0.0514	0.9006	-0.3853	1.0602
V104s	R108b	-0.5702	0.4613	0.0298	0.8364	-0.1100	0.6646
V104s	R108s	-0.5702	0.4613	0.0298	0.8364	-0.1100	0.6646
V104s	S105b	-0.9015	0.1469	-0.4500	0.7399	-0.2458	1.0775
V104s	S105s	-0.9015	0.1469	-0.4500	0.7399	-0.2458	1.0775
V104s	T111b	-0.3761	0.9746	0.0209	0.8717	-0.5703	0.5921
V104s	T111s	-0.3761	0.9746	0.0209	0.8717	-0.5703	0.5921
V104s	W107b	-0.0690	0.9288	0.2346	1.0400	0.3954	0.6142
V104s	W107s	-0.0690	0.9288	0.2346	1.0400	0.3954	0.6142
W107b	A110b	0.1562	0.8307	0.0073	0.6160	-0.2719	0.0913
W107b	A110s	0.1562	0.8307	0.0073	0.6160	-0.2719	0.0913
W107b	A117b	0.5350	0.6948	-0.5745	0.5637	-0.2064	0.0319
W107b	A117s	0.5350	0.6948	-0.5745	0.5637	-0.2064	0.0319
W107b	L113b	0.3741	0.8784	0.7602	0.3158	-0.2138	0.8961
W107b	L113s	0.3741	0.8784	0.7602	0.3158	-0.2138	0.8961
W107b	L114b	-0.1595	0.9727	-0.1267	0.4692	0.1506	0.7507
W107b	L114s	-0.1595	0.9727	-0.1267	0.4692	0.1506	0.7507
W107b	L118b	0.4158	0.9592	0.7573	0.3132	0.3944	0.7232
W107b	L118s	0.4158	0.9592	0.7573	0.3132	0.3944	0.7232
W107b	M109b	-0.8799	0.2080	-0.0399	0.7815	0.4457	0.9314
W107b	M109s	-0.8799	0.2080	-0.0399	0.7815	0.4457	0.9314
W107b	M115b	-0.1330	0.8964	-0.1564	0.9639	-0.3079	0.4967
W107b	M115s	-0.1330	0.8964	-0.1564	0.9639	-0.3079	0.4967
W107b	M120b	0.3327	1.0376	0.3711	0.9265	0.0412	0.7967
W107b	M120s	0.3327	1.0376	0.3711	0.9265	0.0412	0.7967
W107b	P112b	0.3400	1.0913	0.3415	0.5298	-0.3629	0.8117
W107b	P112s	0.3400	1.0913	0.3415	0.5298	-0.3629	0.8117
W107b	P119b	-0.2677	1.0035	-0.6931	0.2749	0.4972	0.6469
W107b	P119s	-0.2677	1.0035	-0.6931	0.2749	0.4972	0.6469
W107b	Q116b	-0.4195	0.9513	-0.8283	0.1136	-0.2506	0.5866
W107b	Q116s	-0.4195	0.9513	-0.8283	0.1136	-0.2506	0.5866
W107b	R108b	0.2604	1.0963	-0.3406	0.7331	0.5015	0.8515
W107b	R108s	0.2604	1.0963	-0.3406	0.7331	0.5015	0.8515
W107b	T111b	-0.0482	0.9371	-0.0358	0.6988	-0.7457	0.4193
W107b	T111s	-0.0482	0.9371	-0.0358	0.6988	-0.7457	0.4193
W107s	A110b	0.1562	0.8307	0.0073	0.6160	-0.2719	0.0913
W107s	A110s	0.1562	0.8307	0.0073	0.6160	-0.2719	0.0913
W107s	A117b	0.5350	0.6948	-0.5745	0.5637	-0.2064	0.0319
W107s	A117s	0.5350	0.6948	-0.5745	0.5637	-0.2064	0.0319
W107s	L113b	0.3741	0.8784	0.7602	0.3158	-0.2138	0.8961
W107s	L113s	0.3741	0.8784	0.7602	0.3158	-0.2138	0.8961
W107s	L114b	-0.1595	0.9727	-0.1267	0.4692	0.1506	0.7507
W107s	L114s	-0.1595	0.9727	-0.1267	0.4692	0.1506	0.7507
W107s	L118b	0.4158	0.9592	0.7573	0.3132	0.3944	0.7232
W107s	L118s	0.4158	0.9592	0.7573	0.3132	0.3944	0.7232
W107s	M109b	-0.8799	0.2080	-0.0399	0.7815	0.4457	0.9314
W107s	M109s	-0.8799	0.2080	-0.0399	0.7815	0.4457	0.9314
W107s	M115b	-0.1330	0.8964	-0.1564	0.9639	-0.3079	0.4967
W107s	M115s	-0.1330	0.8964	-0.1564	0.9639	-0.3079	0.4967
W107s	M120b	0.3327	1.0376	0.3711	0.9265	0.0412	0.7967
W107s	M120s	0.3327	1.0376	0.3711	0.9265	0.0412	0.7967
W107s	P112b	0.3400	1.0913	0.3415	0.5298	-0.3629	0.8117
W107s	P112s	0.3400	1.0913	0.3415	0.5298	-0.3629	0.8117
W107s	P119b	-0.2677	1.0035	-0.6931	0.2749	0.4972	0.6469
W107s	P119s	-0.2677	1.0035	-0.6931	0.2749	0.4972	0.6469
W107s	Q116b	-0.4195	0.9513	-0.8283	0.1136	-0.2506	0.5866
W107s	Q116s	-0.4195	0.9513	-0.8283	0.1136	-0.2506	0.5866
W107s	R108b	0.2604	1.0963	-0.3406	0.7331	0.5015	0.8515
W107s	R108s	0.2604	1.0963	-0.3406	0.7331	0.5015	0.8515
W107s	T111b	-0.0482	0.9371	-0.0358	0.6988	-0.7457	0.4193
W107s	T111s	-0.0482	0.9371	-0.0358	0.6988	-0.7457	0.4193
