bspair1	bspair2	aT41A.pcca1	aT41A.pcca1	WT.pcca2	WT.pcca2	lsdm	sdiff	score	pval
		mf	sf	mf	sf				
A_156_0_A_158_0	A_156_0_A_158_0	0.0000	0.0000	-1.0000	0.0000	1	1.0000	5696652996790543.0000	0.0000
A_30_1_A_29_0	B_123_1_B_95_1	1.0934	0.5530	-0.0243	0.0384	1	0.0089	2.0161	0.0438
A_50_0_A_47_0	B_157_0_B_146_1	-0.9769	0.2405	0.0000	0.0000	1	-0.4959	-4.0619	0.0000
A_59_1_A_56_1	A_59_1_A_56_1	-1.0000	0.0000	0.0000	0.0000	1	-1.0000	-4503599627370496.0000	0.0000
A_5_0_A_27_0	A_59_1_A_56_1	1.1977	0.4905	0.0000	0.0000	1	0.2167	2.4417	0.0146
A_62_1_A_58_1	B_180_1_B_177_1	0.0000	0.0000	-1.1284	0.4240	1	0.2805	2.6616	0.0078
B_111_0_A_184_0	B_111_0_A_184_0	0.0000	0.0000	-1.0000	0.0000	1	1.0000	5696652996790543.0000	0.0000
B_111_0_A_184_0	B_60_1_B_57_1	0.0000	0.0000	0.8287	0.3072	1	-0.2143	-2.6974	0.0070
B_145_1_B_158_1	A_59_1_A_56_1	0.5454	0.2657	0.0000	0.0000	1	0.0141	2.0530	0.0401
B_157_0_B_146_1	A_50_0_A_47_0	-1.0693	0.2806	0.0000	0.0000	1	-0.5082	-3.8112	0.0001
B_157_0_B_146_1	B_157_0_B_146_1	-1.0000	0.0000	0.0000	0.0000	1	-1.0000	-6369051672525772.0000	0.0000
B_157_0_B_146_1	B_93_0_A_47_0	1.1049	0.1816	0.0000	0.0000	1	0.7416	6.0835	0.0000
B_157_0_B_146_1	B_98_0_B_96_1	0.8664	0.2315	0.0000	0.0000	1	0.4034	3.7429	0.0002
B_168_1_B_190_1	B_168_1_B_190_1	-1.0000	0.0000	0.0000	0.0000	1	-1.0000	-inf	0.0000
B_60_1_B_57_1	B_111_0_A_184_0	0.0000	0.0000	1.6146	0.6953	1	-0.2240	-2.3222	0.0202
B_6_0_B_4_1	B_6_0_B_4_1	-1.0000	0.0000	0.0000	0.0000	1	-1.0000	-9007199254740991.0000	0.0000
B_83_0_B_87_0	B_83_0_B_87_0	0.0000	0.0000	-1.0000	0.0000	1	1.0000	5696652996790543.0000	0.0000
B_89_1_B_86_1	A_38_1_A_35_1	0.6674	0.3338	-0.1004	0.1739	1	0.0150	2.0397	0.0414
B_93_0_A_47_0	A_50_0_A_47_0	0.9594	0.1147	0.1460	0.2308	1	0.2978	3.1553	0.0016
B_93_0_A_47_0	B_123_1_B_95_1	-0.7817	0.3782	0.1460	0.2529	1	-0.0178	-2.0391	0.0414
B_93_0_A_47_0	B_157_0_B_146_1	0.9202	0.1382	0.0000	0.0000	1	0.6439	6.6609	0.0000
B_96_1_B_96_0	B_60_1_B_57_1	-0.6207	0.3179	0.0657	0.1137	1	-0.0110	-2.0327	0.0421
