seg	res	rnm	bN82A.pcca2	bN82A.pcca2	WT.pcca2	WT.pcca2	lsdm	sdiff	score	pval
			mf	sf	mf	sf				
A	44	ARG	-0.7006	0.0289	-0.5126	0.0669	1	-0.0422	-2.5787	0.0099
A	85	VAL	2.1080	0.0501	1.8963	0.0698	1	0.0399	2.4639	0.0137
A	86	PRO	2.8010	0.0472	2.5956	0.0717	1	0.0337	2.3926	0.0167
A	96	PRO	2.1887	0.0396	2.4474	0.1003	1	-0.0429	-2.3981	0.0165
A	127	PRO	2.7619	0.1059	2.4708	0.0358	1	0.0675	2.6036	0.0092
A	133	SER	2.3787	0.4150	0.4908	0.1660	1	0.9938	4.2232	0.0000
A	134	GLU	1.9240	0.0157	0.7431	0.2158	1	0.7481	5.4573	0.0000
B	77	THR	-0.5492	0.0595	-0.2499	0.0708	1	-0.1143	-3.2362	0.0012
B	80	ARG	-0.3639	0.0825	-0.6172	0.0678	1	0.0396	2.3704	0.0178
B	163	THR	2.5684	0.0189	2.7417	0.0208	1	-0.1171	-6.1737	0.0000
