seg	res	rnm	aT41A.pcca1	aT41A.pcca1	WT.pcca2	WT.pcca2	lsdm	sdiff	score	pval
			mf	sf	mf	sf				
A	92	LEU	2.8880	0.1145	0.3305	1.1644	1	0.2174	2.1858	0.0288
A	182	ALA	2.5858	0.0850	2.7917	0.0235	1	-0.0295	-2.3350	0.0195
B	13	PHE	2.1850	0.0129	1.9922	0.0613	1	0.0674	3.0755	0.0021
B	76	ASP	-0.4919	0.2326	-1.0473	0.0678	1	0.0708	2.2922	0.0219
B	77	THR	-0.6273	0.0635	-0.2499	0.0708	1	-0.1871	-3.9670	0.0001
B	89	PHE	-0.3268	0.1373	-0.6267	0.0314	1	0.0182	2.1289	0.0333
B	90	THR	-0.9063	0.1311	-0.4677	0.0503	1	-0.1578	-3.1241	0.0018
B	135	GLY	-0.1340	0.1201	0.1433	0.0585	1	-0.0100	-2.0749	0.0380
B	157	THR	2.6021	0.0225	2.8607	0.1071	1	-0.0397	-2.3632	0.0181
C	115	MET	2.4108	0.1608	2.7846	0.0230	1	-0.0490	-2.3017	0.0214
C	116	GLN	0.1962	0.2368	2.1021	0.2605	1	-1.2017	-5.4134	0.0000
C	120	MET	0.0000	0.0000	1.7852	0.6773	1	-0.4306	-2.6358	0.0084
