seg	res	rnm	aT41A.pcca1	aT41A.pcca1	bN82A.pcca2	bN82A.pcca2	lsdm	sdiff	score	pval
			mf	sf	mf	sf				
A	85	VAL	1.8018	0.0731	2.1080	0.0501	1	-0.1289	-3.4542	0.0006
A	96	PRO	2.3777	0.0560	2.1887	0.0396	1	0.0518	2.7548	0.0059
A	132	VAL	1.7357	0.0404	2.6274	0.0487	1	-0.7652	-14.0895	0.0000
A	171	ASP	-0.4417	0.0851	-0.1655	0.0184	1	-0.1022	-3.1737	0.0015
B	4	ARG	2.0726	0.1668	2.4403	0.0663	1	-0.0088	-2.0489	0.0405
B	53	LEU	-0.5164	0.0380	-0.3922	0.0387	1	-0.0158	-2.2917	0.0219
B	157	THR	2.6021	0.0225	2.7180	0.0527	1	-0.0013	-2.0224	0.0431
C	116	GLN	0.1962	0.2368	2.1144	0.2633	1	-1.2098	-5.4158	0.0000
C	120	MET	0.0000	0.0000	1.1981	0.4282	1	-0.3418	-2.7981	0.0051
