seg	res	rnm	WT.pcca2	WT.pcca2	bN82A.pcca2	bN82A.pcca2	aT41A.pcca1	aT41A.pcca1
			mf	sf	mf	sf	mf	sf
A	4	GLU	2.5810	0.1766	2.5902	0.2310	1.8345	0.9761
A	5	HIP	2.7517	0.2118	2.5970	0.3852	2.7236	0.1833
A	6	VAL	2.4636	0.1485	2.5654	0.1071	2.5800	0.1185
A	7	ILE	2.2926	0.0859	2.4262	0.0445	2.4425	0.0072
A	8	ILE	2.2565	0.0587	2.3471	0.1160	2.3793	0.0637
A	9	GLN	2.2024	0.0615	2.2512	0.1584	2.1440	0.2375
A	10	ALA	2.4022	0.0443	2.3745	0.1501	2.4092	0.0938
A	11	GLH	2.6013	0.0152	2.5955	0.0924	2.5727	0.0557
A	12	PHE	2.8345	0.0329	2.8223	0.0398	2.7916	0.0551
A	13	TYR	2.4317	0.1594	2.5493	0.0585	2.4929	0.0240
A	14	LEU	2.2371	0.1334	2.3112	0.0659	2.3360	0.0423
A	15	ASN	2.4346	0.1068	2.5390	0.0295	2.5642	0.1172
A	16	PRO	0.0279	0.1065	0.0080	0.0475	0.1143	0.0261
A	17	ASP	-0.2408	0.1020	-0.2336	0.0170	-0.2495	0.0973
A	18	GLN	0.6136	0.1531	0.7113	0.1205	0.7469	0.0548
A	19	SER	2.6126	0.0323	2.4849	0.1245	2.4059	0.1046
A	20	GLY	2.6569	0.1427	2.0948	1.1367	2.0280	1.0957
A	21	GLH	2.7545	0.0127	2.7266	0.0788	2.7852	0.0895
A	22	PHE	2.2819	0.0876	2.2455	0.0370	2.2738	0.0910
A	23	MET	2.6970	0.1801	2.7207	0.0926	2.6854	0.1788
A	24	PHE	2.3209	0.0838	2.4565	0.0780	2.5611	0.0896
A	25	ASH	2.4792	0.0368	2.4946	0.1023	2.4197	0.0890
A	26	PHE	2.1168	0.1033	2.1633	0.0965	2.0806	0.1681
A	27	ASP	0.8384	0.2368	0.3785	0.1161	0.5366	0.2421
A	28	GLY	0.2565	0.0839	0.1374	0.2239	0.1391	0.2542
A	29	ASH	2.5801	0.0719	2.6838	0.0991	2.6517	0.0866
A	30	GLU	2.3401	0.0795	2.4940	0.1412	2.3923	0.1646
A	31	ILE	-0.8111	0.1943	-0.8967	0.1500	-0.8506	0.1901
A	32	PHE	2.8446	0.0105	2.8106	0.0819	2.8561	0.0463
A	33	HIP	1.4912	1.2031	2.8296	0.0837	2.8327	0.0875
A	34	VAL	2.2707	0.1056	2.3520	0.0647	2.3129	0.0590
A	35	ASP	2.2388	0.1193	2.0625	0.1090	2.2580	0.1828
A	36	MET	-0.2715	0.2140	-0.2609	0.0881	-0.2441	0.2277
A	37	ALA	-0.5385	0.1765	-0.5745	0.1474	-0.4421	0.1327
A	38	LYS	-0.3105	0.1085	-0.3138	0.1802	-0.3773	0.1993
A	39	LYS	0.7561	0.0330	0.6952	0.1495	0.5494	0.1397
A	40	GLU	2.6146	0.1446	2.6772	0.1118	2.6102	0.0532
A	41	MTS	2.2790	0.0077	2.2044	0.1051	2.2039	0.2283
A	42	VAL	2.1852	0.1721	2.0878	0.2188	2.0674	0.1196
A	43	TRP	2.5216	0.1391	2.4436	0.0685	2.4228	0.1528
A	44	ARG	-0.5126	0.0669	-0.7006	0.0289	-0.6316	0.0250
A	45	LEU	1.5305	0.1775	1.3949	0.4442	1.6639	0.2299
A	46	GLU	-0.6088	0.0785	-0.4683	0.1423	-0.4244	0.1462
A	47	GLU	-0.5079	0.0788	-0.5883	0.0624	-0.5315	0.0953
A	48	PHE	-0.6408	0.0658	-0.6660	0.0853	-0.6590	0.0168
A	49	GLY	-0.2165	0.0479	-0.2838	0.0924	-0.2705	0.0634
A	50	ARG	-0.1705	0.0935	0.0598	0.1079	-0.0187	0.0988
A	51	PHE	-0.6768	0.0679	-0.6288	0.2143	-0.6774	0.1186
A	52	ALA	2.7248	0.1630	2.8479	0.1554	1.8441	1.0407
A	53	SER	2.6029	0.0816	2.7038	0.0593	2.7358	0.1109
A	54	PHE	2.5351	0.1645	2.5405	0.0788	2.4994	0.1282
A	55	GLU	1.9025	0.2102	2.0246	0.1808	1.6727	0.3540
A	56	ALA	-0.2555	0.2109	-0.5720	0.0425	-0.5297	0.0353
A	57	GLN	-0.1523	0.6067	-0.5020	0.0419	-0.4119	0.0813
A	58	GLY	-0.7656	0.1692	-0.7080	0.0893	-0.7240	0.0405
A	59	ALA	-0.6487	0.0449	-0.6178	0.0669	-0.6173	0.0709
A	60	LEU	-0.4678	0.1567	-0.7032	0.1016	-0.6554	0.1132
A	61	ALA	-0.2596	0.4229	-0.4827	0.1433	-0.3690	0.2048
A	62	ASN	-0.5020	0.5871	-0.8226	0.0700	-0.8941	0.1104
A	63	ILE	-0.3395	0.1409	-0.2841	0.1328	-0.3041	0.0515
A	64	ALA	-0.5294	0.0573	-0.5580	0.1305	-0.4773	0.0744
A	65	VAL	-0.6214	0.0706	-0.6658	0.0871	-0.5804	0.0505
A	66	ASP	-0.6755	0.0522	-0.7026	0.0563	-0.6797	0.1180
A	67	LYS	-0.7339	0.1878	-0.6660	0.0889	-0.7276	0.0543
A	68	ALA	-0.5922	0.1338	-0.5641	0.0479	-0.6348	0.0524
A	69	ASN	-0.6929	0.0605	-0.6674	0.1102	-0.5780	0.0566
A	70	LEU	-0.7355	0.0096	-0.6166	0.0851	-0.7404	0.0848
A	71	GLU	-0.4752	0.2207	-0.4186	0.1089	-0.4523	0.0870
A	72	ILE	-0.7777	0.1906	-0.6858	0.1747	-0.7453	0.0703
A	73	MET	-0.5668	0.0713	-0.5610	0.0870	-0.5860	0.0118
A	74	THR	-0.6427	0.1122	-0.7181	0.0502	-0.8147	0.1067
A	75	LYS	-0.6214	0.0753	-0.6973	0.0642	-0.6371	0.0601
A	76	ARG	-0.6558	0.0854	-0.6527	0.0940	-0.7160	0.0337
A	77	SER	0.0658	0.0179	0.0837	0.0989	0.1553	0.0740
A	78	ASN	0.8012	0.1947	0.7964	0.0448	0.8287	0.0134
A	79	TYR	0.8119	0.1300	0.7093	0.1047	0.6243	0.0939
A	80	THR	2.1559	0.0758	2.1914	0.0816	2.1107	0.0719
A	81	PRO	2.2110	1.1282	2.1862	1.0007	1.5082	1.2024
A	82	ILE	2.5812	0.1069	2.5074	0.0510	2.5154	0.1627
A	83	THR	2.2336	0.1711	2.2720	0.2300	2.1412	0.1479
A	84	ASN	2.4572	0.0296	2.3680	0.1248	2.4096	0.0800
A	85	VAL	1.8963	0.0698	2.1080	0.0501	1.8018	0.0731
A	86	PRO	2.5956	0.0717	2.8010	0.0472	2.6778	0.0995
A	87	PRO	2.7091	0.0506	2.6840	0.1462	2.7124	0.1315
A	88	GLU	2.4516	0.0328	2.2755	0.1388	2.4125	0.1611
A	89	VAL	2.4143	0.0492	2.3729	0.0306	2.3103	0.0679
A	90	THR	2.5251	0.0448	2.4762	0.1534	2.5659	0.0666
A	91	VAL	2.4439	0.1883	2.3301	0.1901	2.3601	0.0602
A	92	LEU	0.3305	1.1644	1.5693	1.0969	2.8880	0.1145
A	93	THR	2.7766	0.1129	2.6707	0.1372	2.6272	0.0586
A	94	ASN	-0.6873	0.0680	-0.6057	0.1028	-0.4920	0.2800
A	95	SER	2.7369	0.0813	2.7993	0.1468	2.7940	0.0085
A	96	PRO	2.4474	0.1003	2.1887	0.0396	2.3777	0.0560
A	97	VAL	2.1996	0.1356	2.4439	0.1906	2.4100	0.1859
A	98	GLU	2.4017	0.1122	2.5989	0.0408	2.5495	0.0323
A	99	LEU	2.1023	0.0482	1.9624	0.2790	2.1714	0.0347
A	100	ARG	0.3793	0.1929	0.3207	0.0691	0.3759	0.1098
A	101	GLU	2.2163	0.1097	2.2790	0.1154	2.2988	0.1569
A	102	PRO	2.4483	0.1000	2.3408	0.1437	2.4883	0.1086
A	103	ASN	1.6312	2.2986	0.3483	1.1342	2.2736	1.1389
A	104	VAL	2.1195	0.0818	2.2509	0.0945	2.2319	0.1157
A	105	LEU	2.4266	0.0865	2.3994	0.1164	2.2839	0.1137
A	106	ILE	2.2632	0.1664	2.3472	0.0504	2.2207	0.0801
A	107	CYX	2.2919	0.0995	2.2203	0.1230	2.1916	0.0752
A	108	PHE	2.1997	0.1073	2.2040	0.0842	2.1905	0.0404
A	109	ILE	2.5012	0.0669	2.3687	0.1150	2.3148	0.1121
A	110	ASP	2.8391	0.0747	2.9220	0.1142	2.8560	0.1300
A	111	LYS	0.8096	0.1589	0.5783	0.1729	0.8842	0.1893
A	112	PHE	2.6514	0.1144	2.6659	0.0907	2.6934	0.0777
A	113	THR	2.6121	0.0668	2.5992	0.0274	2.6078	0.0376
A	114	PRO	2.8444	0.0593	2.9349	0.0612	2.9016	0.0633
A	115	PRO	1.1288	0.0406	1.2398	0.1480	1.3149	0.1820
A	116	VAL	0.8024	0.7351	0.1867	0.1966	0.6216	0.6800
A	117	VAL	2.5042	0.1006	2.3374	0.1719	2.3400	0.1566
A	118	ASN	2.5059	0.2123	2.5019	0.1864	2.4783	0.1313
A	119	VAL	2.2816	0.1490	2.3617	0.1037	2.2020	0.0316
A	120	THR	1.8941	1.0360	2.6768	0.1633	1.9639	1.1442
A	121	TRP	2.5160	0.1057	2.6012	0.1046	2.4911	0.0850
A	122	LEU	2.5540	0.1122	2.5047	0.0806	2.4680	0.0990
A	123	ARG	2.1177	0.0923	2.2265	0.0551	2.1510	0.1283
A	124	ASN	0.6892	0.0772	0.7810	0.1111	0.6722	0.0526
A	125	GLY	0.0162	0.1023	0.0822	0.1777	0.0813	0.1933
A	126	LYS	2.4938	0.1100	2.6110	0.0539	2.4942	0.0880
A	127	PRO	2.4708	0.0358	2.7619	0.1059	2.5312	0.0831
A	128	VAL	2.6327	0.1722	2.3841	0.1324	2.0345	0.7261
A	129	THR	0.5725	1.9282	0.8219	0.8259	0.8832	1.0438
A	130	THR	1.8867	0.0108	1.1236	1.5203	1.9316	0.4864
A	131	GLY	0.2116	0.8186	1.1257	1.1041	0.9121	1.0323
A	132	VAL	2.2694	0.3300	2.6274	0.0487	1.7357	0.0404
A	133	SER	0.4908	0.1660	2.3787	0.4150	1.8358	0.8512
A	134	GLU	0.7431	0.2158	1.9240	0.0157	1.3745	1.0856
A	135	THR	2.5312	0.1857	2.1728	1.1196	2.6728	0.1924
A	136	VAL	2.9249	0.0751	1.6100	1.1949	0.9395	1.9466
A	137	PHE	1.7082	0.0812	2.0462	0.1687	1.8958	0.2313
A	138	LEU	2.5026	0.0431	2.3878	0.2608	2.4352	0.1250
A	139	PRO	2.8365	0.1106	2.7809	0.0586	2.8126	0.1370
A	140	ARG	2.1249	1.2140	2.8560	0.0638	2.8186	0.0632
A	141	GLU	-0.2540	0.0827	-0.2824	0.0728	-0.3854	0.1389
A	142	ASP	0.1244	0.0849	0.2617	0.0571	0.2648	0.0800
A	143	HIE	0.1414	0.0682	0.1052	0.1665	0.1964	0.2233
A	144	LEU	-0.3622	2.3724	0.3442	3.0584	-0.3787	3.0495
A	145	PHE	2.8158	0.0745	2.7721	0.1344	2.7916	0.0238
A	146	ARG	2.6881	0.1166	2.7692	0.1511	2.7843	0.2124
A	147	LYS	2.5694	0.0912	2.6430	0.1051	2.5152	0.0844
A	148	PHE	2.6420	0.1423	2.7189	0.0346	2.5826	0.0910
A	149	HIE	2.6690	0.0765	2.5458	0.0913	2.6194	0.1055
A	150	TYR	2.6699	0.1058	2.4199	0.2000	2.4541	0.1478
A	151	LEU	1.9800	0.0889	1.9931	0.2556	1.9830	0.0801
A	152	PRO	2.2709	0.0897	2.2480	0.0917	2.3092	0.0562
A	153	PHE	1.5147	1.0708	2.1736	1.1809	0.9723	1.9670
A	154	LEU	2.0587	0.1352	1.8918	0.0974	1.8876	0.1405
A	155	PRO	2.2847	0.0449	2.2863	0.0663	2.2005	0.2498
A	156	SER	2.0435	1.0558	2.0834	1.0432	2.8220	0.0692
A	157	THR	-0.1158	0.0840	-0.0865	0.3020	-0.2256	0.1019
A	158	GLU	-0.1151	0.2234	0.0294	0.5677	0.1297	0.1515
A	159	ASP	2.6318	0.1026	2.3761	0.0854	2.3681	0.1748
A	160	VAL	2.4980	0.0922	2.5196	0.1230	2.6167	0.0612
A	161	TYR	2.6823	0.0646	2.7031	0.1127	2.6117	0.0401
A	162	ASP	2.4888	0.0293	2.5084	0.0837	2.4794	0.0286
A	163	CYX	2.2655	0.0875	2.2360	0.0326	2.2101	0.0332
A	164	ARG	2.2698	0.0902	2.2757	0.1289	2.2379	0.0189
A	165	VAL	2.2608	0.0688	2.2881	0.1508	2.2185	0.1555
A	166	GLU	2.1668	0.2827	2.3430	0.1079	2.2632	0.4233
A	167	HIE	2.0995	1.2115	2.1845	1.0493	2.7738	0.0328
A	168	TRP	1.7762	1.1906	2.5093	0.1225	2.5226	0.1723
A	169	GLY	0.0520	0.1895	0.0044	0.2757	-0.0805	0.1399
A	170	LEU	2.3808	0.1904	2.4944	0.1188	2.4237	0.3810
A	171	ASP	-0.3192	0.2498	-0.1655	0.0184	-0.4417	0.0851
A	172	GLU	2.4545	0.1874	2.6863	0.0646	2.4643	0.1016
A	173	PRO	2.6884	0.0841	2.7308	0.1353	2.6190	0.1633
A	174	LEU	2.6039	0.0928	2.4397	0.1276	2.5740	0.2876
A	175	LEU	2.3712	0.1332	2.3954	0.0758	2.4996	0.2284
A	176	LYS	2.2405	0.2600	2.3090	0.1509	2.2712	0.2871
A	177	HIP	2.6155	0.0672	2.6399	0.0962	2.7322	0.0144
A	178	TRP	2.5404	0.1147	2.4356	0.0493	2.4225	0.0111
A	179	GLU	2.7057	0.0672	2.7529	0.0382	2.7749	0.0275
A	180	PHE	2.4098	0.3827	2.3777	0.4345	1.1772	1.4580
A	181	ASP	2.0101	0.3641	1.6191	1.1871	1.7627	1.1270
A	182	ALA	2.7917	0.0235	2.6955	0.1442	2.5858	0.0850
A	183	PRO	2.6677	0.1579	2.1802	0.4063	2.1270	0.6490
B	4	ARG	2.2404	0.1029	2.4403	0.0663	2.0726	0.1668
B	5	PRO	2.7363	0.0918	1.9856	1.0939	2.1584	1.1518
B	6	ARG	2.5522	0.0570	2.5209	0.0710	2.5677	0.0630
B	7	PHE	2.2512	0.0659	2.2260	0.1098	2.3836	0.0971
B	8	LEU	2.1759	0.2050	2.2153	0.0855	2.2364	0.0294
B	9	TRP	2.4465	0.0712	2.4142	0.0709	2.4019	0.0344
B	10	GLN	2.4499	0.0979	2.5284	0.0755	2.3957	0.1135
B	11	LEU	2.4282	0.1327	2.3495	0.0912	2.3552	0.0595
B	12	LYS	2.4261	0.1410	2.3619	0.1021	2.4839	0.1109
B	13	PHE	1.9922	0.0613	2.0715	0.2021	2.1850	0.0129
B	14	GLU	2.0455	0.1288	2.0427	0.2041	2.3328	0.0874
B	15	CYX	1.9582	0.2367	2.2194	0.0852	2.2617	0.1154
B	16	HIP	2.2453	0.1006	2.4403	0.1254	2.4880	0.0853
B	17	PHE	2.6886	0.0806	2.0434	1.0198	2.8519	0.1623
B	18	PHE	0.0809	0.5164	-0.4977	0.1329	-0.6857	0.0701
B	19	ASN	2.2390	0.6956	2.1789	0.6046	2.4488	0.0487
B	20	GLY	-0.8227	0.5480	-0.2323	0.0726	-0.2365	0.1568
B	21	THR	-0.4178	0.2850	-0.1310	0.0219	0.0491	0.4225
B	22	GLU	1.2931	1.4900	2.1862	1.2785	1.4857	1.1996
B	23	ARG	0.9337	1.1616	2.3344	0.4094	2.5969	0.0426
B	24	VAL	2.4188	0.1377	2.6727	0.0492	2.7372	0.1181
B	25	ARG	2.3920	0.1268	2.4503	0.0893	2.3731	0.0675
B	26	LEU	2.2999	0.1445	2.4505	0.0716	2.4959	0.0843
B	27	LEU	2.3319	0.1589	2.4303	0.2063	2.6462	0.1490
B	28	GLU	2.2223	0.1596	2.3067	0.1006	2.4318	0.0695
B	29	ARG	2.1641	0.0554	2.2953	0.0435	2.3090	0.0729
B	30	CYS	2.3080	0.1045	2.3848	0.0566	2.4262	0.0877
B	31	ILE	2.2791	0.1559	2.2487	0.0706	2.1672	0.1680
B	32	TYR	2.3326	0.0510	2.2528	0.0108	2.3324	0.1618
B	33	ASN	0.9695	0.1217	0.8976	0.1082	1.0035	0.1135
B	34	GLN	0.0978	0.2087	0.2969	0.0927	0.1428	0.1791
B	35	GLU	2.2723	0.1661	2.2341	0.1085	2.3605	0.1255
B	36	GLU	2.2493	0.1016	2.2742	0.1991	2.4280	0.1850
B	37	SER	-0.7895	0.1946	-0.7695	0.1524	-0.7894	0.0435
B	38	VAL	2.5175	0.0863	2.5238	0.0840	2.5893	0.1284
B	39	ARG	2.5920	0.1948	2.5337	0.0795	2.5752	0.0695
B	40	PHE	2.5161	0.0697	2.4270	0.1079	2.4935	0.1639
B	41	ASP	2.1985	0.0375	2.3491	0.0752	2.1461	0.1712
B	42	SER	-0.3534	0.1374	-0.2662	0.1466	-0.3316	0.1230
B	43	ASP	-0.3418	0.2682	-0.4786	0.0093	-0.5042	0.1470
B	44	VAL	-0.5174	0.1230	-0.3390	0.1290	-0.4616	0.0069
B	45	GLY	0.3256	0.1623	0.5397	0.1410	0.4841	0.2316
B	46	GLU	2.6562	0.0940	2.5904	0.0845	2.6996	0.1294
B	47	TYR	2.3595	0.1704	2.3640	0.1506	2.3974	0.1586
B	48	ARG	2.5652	0.0485	2.4653	0.1790	2.5806	0.1447
B	49	ALA	2.5022	0.0501	2.4307	0.0159	2.5905	0.0929
B	50	VAL	-0.5947	0.1631	-0.2344	0.2534	-0.4075	0.2369
B	51	THR	2.0962	1.1935	2.7849	0.0391	2.6660	0.1265
B	52	GLU	-0.3730	0.2062	-0.4886	0.0479	-0.4237	0.1079
B	53	LEU	-0.3416	0.1322	-0.3922	0.0387	-0.5164	0.0380
B	54	GLY	-0.0412	0.1660	-0.3425	0.1451	-0.2762	0.1786
B	55	ARG	-0.7576	0.0322	-0.7958	0.0597	-0.7649	0.0365
B	56	PRO	-0.4381	0.1019	-0.6290	0.1064	-0.4369	0.2064
B	57	ASP	-0.6960	0.0515	-0.6513	0.0952	-0.6251	0.1352
B	58	ALA	-0.6222	0.1628	-0.5309	0.1165	-0.4709	0.2124
B	59	GLU	-0.5910	0.2207	-0.4550	0.1064	-0.3810	0.1104
B	60	TYR	-0.8780	0.1892	-0.7516	0.0306	-0.8142	0.1447
B	61	TRP	-0.4883	0.1606	-0.5583	0.1574	-0.5209	0.1696
B	62	ASN	-0.3869	0.1213	-0.3008	0.0876	0.0136	0.3427
B	63	SER	-0.3262	0.1060	-0.1508	0.2323	-0.3109	0.2093
B	64	GLN	1.2404	0.1063	1.5064	0.1395	1.7683	0.7674
B	65	LYS	-0.5343	0.1121	-0.5885	0.1428	-0.5421	0.0688
B	66	ASP	-0.4527	0.1887	-0.6529	0.0884	-0.5972	0.1209
B	67	LEU	-0.5964	0.0460	-0.6261	0.0907	-0.5472	0.0883
B	68	LEU	-0.5791	0.1390	-0.6599	0.1084	-0.5882	0.1179
B	69	GLU	-0.4932	0.0716	-0.5749	0.0197	-0.4844	0.1794
B	70	GLN	-0.6402	0.0067	-0.5647	0.0509	-0.5900	0.1903
B	71	ARG	-0.5592	0.0672	-0.6353	0.0578	-0.5194	0.1856
B	72	ARG	-0.5446	0.2446	-0.5602	0.2204	-0.5094	0.2517
B	73	ALA	-0.4280	0.1347	-0.4017	0.1859	-0.4656	0.1485
B	74	ALA	-0.4927	0.1320	-0.1474	0.2480	-0.5956	0.2074
B	75	VAL	-0.4919	0.0847	-0.7086	0.1080	-0.3724	0.2558
B	76	ASP	-1.0473	0.0678	-0.5879	0.4095	-0.4919	0.2326
B	77	THR	-0.2499	0.0708	-0.5492	0.0595	-0.6273	0.0635
B	78	TYR	-0.9820	0.1596	-1.0926	0.2343	-0.8562	0.0360
B	79	CYX	-0.9242	0.1160	-0.8313	0.1939	-0.6299	0.1487
B	80	ARG	-0.6172	0.0678	-0.3639	0.0825	-0.4190	0.2243
B	81	HIP	-0.7344	0.2704	-0.3157	0.3343	-0.4195	0.5931
B	82	MTS	-0.5797	0.1169	-0.5922	0.1584	-0.5454	0.0861
B	83	TYR	-0.7668	0.1656	-0.5432	0.0575	0.8199	1.7113
B	84	GLY	-0.6974	0.1781	-0.5096	0.1540	-0.4353	0.4575
B	85	VAL	-0.5247	0.0926	-0.3927	0.1549	0.6031	1.0483
B	86	GLY	-0.3156	0.1936	-0.3113	0.2631	-0.1958	0.5149
B	87	GLU	-0.7358	0.0978	-0.4628	0.4476	-0.7031	0.1837
B	88	SER	-0.2010	0.2909	-0.5862	0.1463	-0.4265	0.3574
B	89	PHE	-0.6267	0.0314	-0.3313	0.2243	-0.3268	0.1373
B	90	THR	-0.4677	0.0503	-0.9261	0.6034	-0.9063	0.1311
B	91	VAL	0.6175	1.3418	-0.3474	0.0671	-0.5257	0.1108
B	92	GLN	0.2452	0.2278	-0.1128	0.2794	0.0700	0.5443
B	93	ARG	2.1723	0.1605	2.1886	0.3269	2.0185	0.3534
B	94	ARG	2.1548	0.1732	2.3448	0.1627	2.2734	0.1160
B	95	VAL	2.4496	0.0286	2.4978	0.1158	2.4291	0.0719
B	96	GLU	2.6056	0.1225	2.5428	0.1434	2.6319	0.0752
B	97	PRO	2.6797	0.0958	2.4815	0.0670	2.5082	0.1457
B	98	LYS	2.3785	0.1228	2.4857	0.0218	2.4454	0.0790
B	99	VAL	2.5207	0.1669	2.5273	0.1333	2.4790	0.0924
B	100	THR	2.6132	0.1897	2.6720	0.1540	2.6592	0.1103
B	101	VAL	2.4389	0.0651	2.3623	0.0455	2.3718	0.0663
B	102	TYR	2.6432	0.0972	2.5325	0.0735	2.6037	0.0419
B	103	PRO	2.6670	0.0193	2.6679	0.0853	2.6914	0.0728
B	104	SER	0.2795	3.0304	1.1158	0.5766	2.0583	1.1596
B	105	LYS	1.5088	1.2642	2.6470	0.0262	2.6188	0.1887
B	106	THR	-0.4148	0.0774	-0.2650	0.1834	-0.4287	0.1401
B	107	GLN	2.6393	0.0788	2.6805	0.1656	2.6003	0.0623
B	108	PRO	2.2855	0.4300	2.6637	0.1118	2.4930	0.1374
B	109	LEU	0.1923	0.1073	0.5112	0.3571	0.4481	0.1617
B	110	GLN	2.3943	0.4633	2.1720	0.5190	2.5751	0.1068
B	111	HIP	1.7364	1.6733	0.8601	1.7906	0.9132	1.6594
B	112	HIE	2.3384	0.2030	2.3592	0.2792	2.0801	0.3892
B	113	ASN	-0.0883	0.3276	-0.1825	0.0472	-0.1566	0.1455
B	114	LEU	2.1762	0.1064	2.2305	0.1036	2.4000	0.1886
B	115	LEU	2.3234	0.0763	2.4127	0.0949	2.3802	0.1674
B	116	VAL	2.3148	0.1503	2.4600	0.0610	2.3915	0.0747
B	117	CYX	2.3012	0.0336	2.3353	0.0653	2.2996	0.0637
B	118	SER	2.2756	0.0830	2.3052	0.1816	2.3374	0.0520
B	119	VAL	2.2205	0.0841	2.3727	0.1015	2.3417	0.0149
B	120	SER	2.7110	0.1429	2.8381	0.1088	0.9334	1.9817
B	121	GLY	0.2229	0.1180	0.2272	0.0544	0.1859	0.1365
B	122	PHE	2.7128	0.1260	2.7181	0.0546	2.7005	0.0406
B	123	TYR	2.4194	0.0154	2.4154	0.0751	2.3697	0.0280
B	124	PRO	-1.0199	2.0284	0.9764	0.0280	-0.9571	2.0608
B	125	GLY	0.1985	0.2010	0.1352	0.2760	-0.0809	0.0579
B	126	SER	1.7669	0.2698	1.4803	0.2787	1.7011	0.1434
B	127	ILE	2.5909	0.0583	2.7119	0.0535	2.6628	0.1432
B	128	GLU	2.1753	0.1115	2.2803	0.1354	2.3166	0.1117
B	129	VAL	2.3692	0.1237	2.2730	0.0518	2.3641	0.0672
B	130	ARG	2.5585	0.2198	2.6003	0.1251	2.5836	0.0891
B	131	TRP	2.5036	0.0704	2.4387	0.1748	2.5492	0.0763
B	132	PHE	2.5992	0.1014	2.5369	0.0095	2.6058	0.0512
B	133	ARG	2.3357	0.0273	2.2420	0.0675	2.2964	0.0774
B	134	ASN	0.6399	0.0986	0.5831	0.1711	0.7927	0.1454
B	135	GLY	0.1433	0.0585	-0.0214	0.1384	-0.1340	0.1201
B	136	GLN	2.7495	0.1136	2.6970	0.0729	2.6431	0.0682
B	137	GLU	2.4227	0.0485	2.3952	0.1147	2.4138	0.0733
B	138	GLU	2.4709	0.1581	2.4099	0.0887	2.4788	0.1591
B	139	LYS	-0.3261	0.0431	-0.2876	0.1433	-0.3618	0.0891
B	140	ALA	2.5065	0.0522	2.5338	0.1635	2.3936	0.2213
B	141	GLY	0.2743	0.2074	0.2384	0.0911	0.2543	0.1680
B	142	VAL	2.4587	0.1705	2.2210	0.2819	2.3815	0.0591
B	143	VAL	2.5618	0.3605	2.5250	0.1574	2.5578	0.1501
B	144	SER	2.0939	1.2056	2.5974	0.2046	2.7854	0.1522
B	145	THR	0.3513	0.5441	0.4875	0.3459	-0.1768	0.3756
B	146	GLY	1.0751	1.5920	0.2155	1.0662	0.9329	1.9162
B	147	LEU	2.3888	0.0441	2.2495	0.2001	2.3098	0.0860
B	148	ILE	2.0787	1.1982	2.7112	0.0914	2.7556	0.1083
B	149	GLN	2.6834	0.1710	2.6618	0.1813	2.5930	0.1556
B	150	ASN	-0.0637	0.0433	0.0669	0.0734	0.0626	0.0561
B	151	GLY	0.0886	0.3161	0.2062	0.0705	0.0306	0.1752
B	152	ASP	0.6834	0.0621	0.7953	0.1343	0.6215	0.2169
B	153	TRP	0.4292	0.0630	0.4715	0.0522	0.6201	0.0782
B	154	THR	2.5970	0.1395	2.7065	0.0382	2.0034	1.1441
B	155	PHE	2.7643	0.0708	2.7990	0.0824	2.8381	0.0602
B	156	GLN	2.7774	0.1305	2.6833	0.1119	2.5890	0.0126
B	157	THR	2.8607	0.1071	2.7180	0.0527	2.6021	0.0225
B	158	LEU	2.4679	0.1028	2.3408	0.0781	2.3114	0.0318
B	159	VAL	2.6078	0.0999	2.6062	0.1678	2.6006	0.0512
B	160	MET	2.6592	0.1130	2.8085	0.0619	2.7200	0.1239
B	161	LEU	2.2524	0.1416	2.2525	0.2436	2.2233	0.0460
B	162	GLU	2.1530	0.3205	1.7455	0.4130	2.0579	0.0344
B	163	THR	2.7417	0.0208	2.5684	0.0189	1.9699	1.0346
B	164	VAL	2.5536	0.0740	2.5092	0.0510	2.5002	0.0316
B	165	PRO	0.7185	0.3090	1.0499	0.4666	0.4524	0.0609
B	166	ARG	2.6517	0.1359	2.5586	0.2170	2.5780	0.0727
B	167	SER	2.8251	0.0620	2.7029	0.1216	2.0412	1.1068
B	168	GLY	-0.0826	0.3352	-0.0936	0.2954	0.2354	0.2013
B	169	GLU	2.6200	0.1230	2.6303	0.0628	2.6213	0.0641
B	170	VAL	2.2884	0.1683	2.1219	0.1288	2.2636	0.2322
B	171	TYR	2.5497	0.0804	2.4554	0.1043	2.5593	0.0676
B	172	THR	2.3430	0.0882	2.2857	0.0718	2.3997	0.0682
B	173	CYX	2.3570	0.1133	2.2180	0.0602	2.3832	0.0609
B	174	GLN	2.4047	0.0927	2.4072	0.0539	2.3546	0.0841
B	175	VAL	2.4411	0.2723	2.3673	0.0989	2.3348	0.0436
B	176	GLU	2.1986	0.0631	2.3412	0.0953	2.2760	0.0722
B	177	HIE	2.4579	0.0515	2.5299	0.0816	2.4914	0.0624
B	178	PRO	-0.3104	0.0168	-0.3534	0.0982	-0.2916	0.0045
B	179	SER	-0.1466	0.1033	-0.2471	0.0927	-0.1484	0.1558
B	180	VAL	2.4397	0.1939	2.5076	0.0701	2.5867	0.1686
B	181	THR	-0.2077	0.2367	-0.3953	0.1469	-0.1587	0.1441
B	182	SER	2.5073	0.1202	2.7566	0.0687	2.7886	0.1765
B	183	PRO	2.4939	0.3692	2.5668	0.0406	2.5972	0.2445
B	184	LEU	2.3048	0.3235	2.3317	0.0948	2.4260	0.2319
B	185	THR	2.5227	0.1890	2.5642	0.0937	2.5573	0.1522
B	186	VAL	2.5011	0.1178	2.4480	0.1573	2.6263	0.0198
B	187	GLU	2.6205	0.0347	2.6502	0.0632	2.5952	0.1054
B	188	TRP	2.5909	0.0685	2.6242	0.0802	2.5931	0.1792
B	189	ARG	2.4676	0.2604	2.4598	0.0433	2.1530	0.6328
C	102	LYS	2.2242	0.6126	2.4546	0.1670	2.0612	0.7371
C	103	PRO	2.1923	0.5834	2.3655	0.0623	2.2374	0.5852
C	104	VAL	-0.3102	0.2050	0.3110	0.5517	-0.2104	0.1481
C	105	SER	1.0133	1.8760	1.8881	1.1075	2.4714	0.5340
C	106	LYS	2.3053	0.3271	2.3873	0.1463	2.3601	0.2080
C	107	TRP	2.3573	0.0512	2.0059	1.2201	2.4358	0.0376
C	108	ARG	2.6526	0.0186	2.0720	1.1344	2.6734	0.0451
C	109	MET	2.6157	0.1732	2.6297	0.1702	2.6858	0.0391
C	110	ALA	2.5692	0.0329	2.6717	0.1327	2.6913	0.2281
C	111	THR	2.5189	0.0510	2.3870	0.0768	2.3062	0.1547
C	112	PRO	2.7418	0.1300	2.7794	0.1173	2.1432	1.0665
C	113	LEU	2.5910	0.0564	2.6008	0.0277	2.5962	0.0899
C	114	LEU	2.2904	0.0321	2.3494	0.1039	2.3868	0.0715
C	115	MET	2.7846	0.0230	2.6746	0.2791	2.4108	0.1608
C	116	GLN	2.1021	0.2605	2.1144	0.2633	0.1962	0.2368
C	117	ALA	0.4446	0.7422	0.6072	1.6652	2.0323	1.1287
C	118	LEU	2.5048	0.0746	2.2766	0.1340	2.3919	0.2772
C	119	PRO	1.8708	0.5978	2.3325	0.3238	1.3983	0.9106
C	120	MET	1.7852	0.6773	1.1981	0.4282	0.0000	0.0000
