seg	res	rnm	WT.pcca2	WT.pcca2	bN82A.pcca2	bN82A.pcca2	aT41A.pcca1	aT41A.pcca1
			mf	sf	mf	sf	mf	sf
A	38	LYS	0.0005	1.1658	0.7926	2.0916	0.6413	1.7760
A	39	LYS	-0.9191	1.1861	0.2620	1.1944	0.0882	2.3860
A	44	ARG	-1.7916	1.7420	-0.7328	1.6169	-0.6963	0.2351
A	50	ARG	-1.4307	0.8725	-0.1395	1.2395	-0.9304	0.4912
A	67	LYS	-1.5735	0.1590	0.3742	0.7117	-1.5012	0.6313
A	75	LYS	0.8258	0.3340	0.1978	1.5272	0.1820	2.5002
A	76	ARG	1.4508	1.2864	0.2672	2.3095	1.3303	1.4175
A	100	ARG	-0.6685	0.2692	-0.1411	1.3689	1.0842	0.6913
A	111	LYS	0.7312	1.9874	-0.1577	2.3477	-2.6101	0.4234
A	123	ARG	0.1005	1.8341	-0.9250	2.0076	-0.6603	1.7996
A	126	LYS	-0.5986	2.2685	-2.4405	0.6387	-0.1472	0.8075
A	140	ARG	1.9940	0.1263	1.9586	0.0438	1.9170	0.1443
A	146	ARG	-0.3880	3.0550	1.5921	1.1190	0.2453	1.1563
A	147	LYS	1.6241	1.1521	0.3412	1.8348	2.0100	1.0181
A	164	ARG	0.6209	1.9729	-0.7208	1.3703	0.7360	0.2641
A	176	LYS	-1.1430	0.1555	-2.1861	0.9942	-0.6964	2.8074
B	4	ARG	-0.0644	1.3348	0.6233	1.6476	0.1506	2.3682
B	6	ARG	-0.8360	1.8325	-1.0253	1.8477	1.0199	1.6297
B	12	LYS	-0.2667	2.2895	0.3831	1.2203	-0.7436	0.2846
B	23	ARG	0.0712	2.7236	1.0771	0.4849	0.0463	1.1039
B	25	ARG	-0.6503	1.8227	0.7212	2.5569	-0.9737	1.3216
B	29	ARG	-0.9203	1.9909	0.5629	2.0669	-0.2831	2.7731
B	39	ARG	1.5285	1.1706	1.4052	0.9614	0.6248	1.8235
B	48	ARG	-1.8417	0.1230	-0.0851	1.3441	0.1354	2.3752
B	55	ARG	-0.2395	1.2692	-1.0067	1.4626	0.0590	2.0937
B	65	LYS	-0.1289	2.3721	0.8270	0.1516	-0.8553	0.4074
B	71	ARG	-0.5107	1.3460	-1.0515	1.8011	0.8479	1.5635
B	72	ARG	-0.1278	0.9664	0.9737	1.9634	0.2556	0.5010
B	80	ARG	0.7830	1.6365	1.0309	0.8814	-0.2024	1.7767
B	93	ARG	1.0294	0.4784	1.2631	0.7723	0.6874	1.0580
B	94	ARG	1.0606	0.2101	-0.2684	0.9855	0.5461	0.8619
B	98	LYS	0.6603	0.4695	0.6025	0.2390	-1.1820	1.5513
B	105	LYS	-0.5292	2.6483	-0.9058	1.2963	-0.1012	0.1579
B	130	ARG	0.8582	1.1431	-0.3366	1.9625	-1.9229	0.8911
B	133	ARG	0.0418	2.5282	1.2159	1.1643	1.0490	0.7632
B	139	LYS	-0.1813	1.7305	0.6072	0.4053	0.5167	0.7782
B	166	ARG	-0.3567	1.9433	-0.0732	1.1111	-0.4658	2.5112
B	189	ARG	-2.3096	0.2500	-1.5046	0.7859	-2.0967	0.7119
C	102	LYS	-0.3921	1.3375	0.1041	2.7839	1.0847	1.9129
C	106	LYS	-0.4171	1.1982	0.0127	0.8680	-0.5651	2.1835
C	108	ARG	0.8325	1.9786	-0.0815	0.5308	0.5674	1.8275
