feature1	feature2	bN82A.pcca2	bN82A.pcca2	WT.pcca2	WT.pcca2	lsdm	sdiff	score	pval
		mf	sf	mf	sf				
f1_A_101_1_A_98_1	f1_A_19_0_A_17_1	0.5000	0.0000	0.0000	0.0000	1	0.5000	inf	0.0000
f1_A_101_1_A_98_1	f1_A_59_1_A_56_1	-0.8333	0.2887	0.0000	0.0000	1	-0.2560	-2.8868	0.0039
f1_A_101_1_A_98_1	f1_B_130_0_B_128_0	0.6667	0.2887	-0.1667	0.2887	1	0.0168	2.0412	0.0412
f1_A_101_1_A_98_1	f1_B_145_0_B_158_1	-0.5000	0.0000	0.0000	0.0000	1	-0.5000	-inf	0.0000
f1_A_101_1_A_98_1	f1_B_44_1_B_41_1	1.0000	0.0000	-0.1667	0.2887	1	0.5893	4.0415	0.0001
f1_A_101_1_A_98_1	f1_B_62_1_B_58_1	-0.6667	0.2887	0.3333	0.2887	1	-0.1835	-2.4495	0.0143
f1_A_101_1_A_98_1	f1_B_6_0_B_4_1	0.8333	0.2887	0.0000	0.0000	1	0.2560	2.8868	0.0039
f1_A_101_1_A_98_1	f1_B_71_0_B_47_0	0.8333	0.2887	-0.1667	0.2887	1	0.1835	2.4495	0.0143
f1_A_101_1_A_98_1	f1_B_76_1_B_73_1	0.8333	0.2887	0.0000	0.0000	1	0.2560	2.8868	0.0039
f1_A_101_1_A_98_1	f1_B_80_0_B_76_0	0.6667	0.2887	0.0000	0.0000	1	0.0893	2.3094	0.0209
f1_A_119_1_A_118_0	f1_A_144_1_A_142_1	-0.5000	0.0000	0.0000	0.0000	1	-0.5000	-inf	0.0000
f1_A_119_1_A_118_0	f1_B_130_0_B_128_0	-0.8333	0.2887	0.1667	0.2887	1	-0.1835	-2.4495	0.0143
f1_A_119_1_A_118_0	f1_B_130_0_B_137_0	0.5000	0.0000	-0.1667	0.2887	1	0.0893	2.3094	0.0209
f1_A_119_1_A_118_0	f1_B_131_0_B_160_1	0.6667	0.2887	-0.1667	0.2887	1	0.0168	2.0412	0.0412
f1_A_119_1_A_118_0	f1_B_179_0_B_177_0	-0.5000	0.0000	0.0000	0.0000	1	-0.5000	-inf	0.0000
f1_A_119_1_A_118_0	f1_B_63_1_B_59_1	-0.5000	0.0000	0.1667	0.2887	1	-0.0893	-2.3094	0.0209
f1_A_119_1_A_118_0	f1_B_89_1_B_86_1	1.0000	0.0000	-0.5000	0.5000	1	0.5000	3.0000	0.0027
f1_A_121_0_A_149_0	f1_A_130_0_A_150_1	0.0000	0.0000	-0.8333	0.2887	1	0.2560	2.8868	0.0039
f1_A_121_0_A_149_0	f1_A_156_0_A_158_0	0.0000	0.0000	0.8333	0.2887	1	-0.2560	-2.8868	0.0039
f1_A_121_0_A_149_0	f1_A_30_1_A_29_0	0.0000	0.0000	-0.8333	0.2887	1	0.2560	2.8868	0.0039
f1_A_121_0_A_149_0	f1_A_44_0_A_133_1	0.0000	0.0000	-0.8333	0.2887	1	0.2560	2.8868	0.0039
f1_A_121_0_A_149_0	f1_A_49_1_A_45_1	0.0000	0.0000	-0.8333	0.2887	1	0.2560	2.8868	0.0039
f1_A_121_0_A_149_0	f1_A_62_1_A_58_1	-0.1667	0.2887	-1.0000	0.0000	1	0.2560	2.8868	0.0039
f1_A_121_0_A_149_0	f1_B_105_0_A_182_1	0.0000	0.0000	-0.6667	0.2887	1	0.0893	2.3094	0.0209
f1_A_121_0_A_149_0	f1_B_111_0_A_184_0	0.0000	0.0000	-0.8333	0.2887	1	0.2560	2.8868	0.0039
f1_A_121_0_A_149_0	f1_B_48_0_B_47_1	0.0000	0.0000	-0.6667	0.2887	1	0.0893	2.3094	0.0209
f1_A_121_0_A_149_0	f1_B_51_1_B_37_1	0.1667	0.2887	-0.6667	0.2887	1	0.0168	2.0412	0.0412
f1_A_121_0_A_149_0	f1_B_70_1_B_67_1	-0.3333	0.5774	1.0000	0.0000	1	-0.1786	-2.3094	0.0209
f1_A_121_0_A_149_0	f1_B_71_1_B_67_1	0.0000	0.0000	0.8333	0.2887	1	-0.2560	-2.8868	0.0039
f1_A_121_0_A_149_0	f1_B_93_0_B_89_1	0.1667	0.2887	-0.6667	0.2887	1	0.0168	2.0412	0.0412
f1_A_124_0_A_159_0	f1_A_124_0_A_159_0	1.0000	0.0000	0.0000	0.0000	1	1.0000	inf	0.0000
f1_A_124_0_A_159_0	f1_A_17_1_A_17_0	0.6667	0.2887	0.0000	0.0000	1	0.0893	2.3094	0.0209
f1_A_124_0_A_159_0	f1_A_50_1_A_46_1	0.6667	0.2887	0.0000	0.0000	1	0.0893	2.3094	0.0209
f1_A_124_0_A_159_0	f1_A_50_1_A_47_1	-0.5000	0.0000	0.0000	0.0000	1	-0.5000	-inf	0.0000
f1_A_124_0_A_159_0	f1_A_53_1_C_105_1	-0.8333	0.2887	0.0000	0.0000	1	-0.2560	-2.8868	0.0039
f1_A_124_0_A_159_0	f1_A_64_1_A_60_1	0.6667	0.2887	0.0000	0.0000	1	0.0893	2.3094	0.0209
f1_A_124_0_A_159_0	f1_A_68_1_A_64_1	-0.6667	0.2887	0.0000	0.0000	1	-0.0893	-2.3094	0.0209
f1_A_124_0_A_159_0	f1_A_71_1_A_67_1	-0.5000	0.0000	0.0000	0.0000	1	-0.5000	-inf	0.0000
f1_A_124_0_A_159_0	f1_A_72_1_A_69_1	-0.6667	0.2887	0.0000	0.0000	1	-0.0893	-2.3094	0.0209
f1_A_124_0_A_159_0	f1_A_95_1_A_103_0	-0.6667	0.2887	0.0000	0.0000	1	-0.0893	-2.3094	0.0209
f1_A_124_0_A_159_0	f1_B_106_1_B_110_0	1.0000	0.0000	0.0000	0.0000	1	1.0000	inf	0.0000
f1_A_124_0_A_159_0	f1_B_106_1_B_113_0	-0.8333	0.2887	0.0000	0.0000	1	-0.2560	-2.8868	0.0039
f1_A_124_0_A_159_0	f1_B_107_1_B_110_0	1.0000	0.0000	0.0000	0.0000	1	1.0000	inf	0.0000
f1_A_124_0_A_159_0	f1_B_168_1_B_190_0	-0.5000	0.0000	0.0000	0.0000	1	-0.5000	-inf	0.0000
f1_A_124_0_A_159_0	f1_B_180_1_B_177_1	-0.6667	0.2887	0.0000	0.0000	1	-0.0893	-2.3094	0.0209
f1_A_124_0_A_159_0	f1_B_58_1_B_54_1	-0.5000	0.0000	0.0000	0.0000	1	-0.5000	-inf	0.0000
f1_A_124_0_A_159_0	f1_B_72_0_B_69_0	-0.6667	0.2887	0.0000	0.0000	1	-0.0893	-2.3094	0.0209
f1_A_124_0_A_159_0	f1_B_78_1_B_74_1	-0.5000	0.0000	0.0000	0.0000	1	-0.5000	-inf	0.0000
f1_A_124_0_A_159_0	f2_MHCII	-0.7332	0.2806	0.0000	0.0000	1	-0.1721	-2.6134	0.0090
f1_A_130_0_A_150_1	f1_A_121_0_A_149_0	0.0000	0.0000	-0.8333	0.2887	1	0.2560	2.8868	0.0039
f1_A_130_0_A_150_1	f1_A_144_1_A_142_0	0.0000	0.0000	0.8333	0.2887	1	-0.2560	-2.8868	0.0039
f1_A_130_0_A_150_1	f1_A_156_0_A_158_0	0.0000	0.0000	-1.0000	0.0000	1	1.0000	inf	0.0000
f1_A_130_0_A_150_1	f1_A_38_0_A_134_0	-0.1667	0.2887	0.6667	0.2887	1	-0.0168	-2.0412	0.0412
f1_A_130_0_A_150_1	f1_A_44_0_A_133_1	0.0000	0.0000	1.0000	0.0000	1	-1.0000	-inf	0.0000
f1_A_130_0_A_150_1	f1_A_75_1_A_72_1	-0.1667	0.2887	0.6667	0.2887	1	-0.0168	-2.0412	0.0412
f1_A_130_0_A_150_1	f1_B_114_1_B_104_1	0.1667	0.2887	-0.8333	0.2887	1	0.1835	2.4495	0.0143
f1_A_130_0_A_150_1	f1_B_48_0_B_47_1	0.0000	0.0000	0.8333	0.2887	1	-0.2560	-2.8868	0.0039
f1_A_130_0_A_150_1	f1_B_51_1_B_37_1	0.0000	0.0000	0.8333	0.2887	1	-0.2560	-2.8868	0.0039
f1_A_130_0_A_150_1	f1_B_70_1_B_67_1	0.1667	0.2887	-0.8333	0.2887	1	0.1835	2.4495	0.0143
f1_A_130_0_A_150_1	f1_B_71_1_B_67_1	0.1667	0.2887	-0.6667	0.2887	1	0.0168	2.0412	0.0412
f1_A_130_0_A_150_1	f1_B_83_0_B_87_0	0.0000	0.0000	0.6667	0.2887	1	-0.0893	-2.3094	0.0209
f1_A_130_0_A_150_1	f1_B_94_0_B_178_1	-0.1667	0.2887	0.6667	0.2887	1	-0.0168	-2.0412	0.0412
f1_A_140_1_A_144_1	f1_A_30_1_A_29_0	0.1667	0.2887	-0.6667	0.2887	1	0.0168	2.0412	0.0412
f1_A_140_1_A_144_1	f1_B_48_0_B_47_1	0.0000	0.0000	-0.8333	0.2887	1	0.2560	2.8868	0.0039
f1_A_140_1_A_144_1	f1_B_73_1_B_69_1	0.1667	0.2887	-0.8333	0.2887	1	0.1835	2.4495	0.0143
f1_A_140_1_A_144_1	f1_B_83_0_B_87_0	0.0000	0.0000	-0.6667	0.2887	1	0.0893	2.3094	0.0209
f1_A_140_1_A_144_1	f1_B_86_1_B_82_1	0.0000	0.0000	0.6667	0.2887	1	-0.0893	-2.3094	0.0209
f1_A_140_1_A_144_1	f1_B_86_1_B_83_1	0.3333	0.2887	-0.6667	0.2887	1	0.1835	2.4495	0.0143
f1_A_144_1_A_142_0	f1_A_130_0_A_150_1	0.0000	0.0000	0.8333	0.2887	1	-0.2560	-2.8868	0.0039
f1_A_144_1_A_142_0	f1_A_44_0_A_133_1	0.0000	0.0000	0.8333	0.2887	1	-0.2560	-2.8868	0.0039
f1_A_144_1_A_142_0	f1_A_71_1_A_67_1	0.3333	0.2887	1.0000	0.0000	1	-0.0893	-2.3094	0.0209
f1_A_144_1_A_142_0	f1_A_80_1_A_77_1	0.1667	0.2887	1.0000	0.0000	1	-0.2560	-2.8868	0.0039
f1_A_144_1_A_142_0	f1_B_105_0_A_182_1	0.0000	0.0000	0.6667	0.2887	1	-0.0893	-2.3094	0.0209
f1_A_144_1_A_142_0	f1_B_83_0_B_87_0	0.0000	0.0000	0.8333	0.2887	1	-0.2560	-2.8868	0.0039
f1_A_144_1_A_142_0	f1_B_94_0_B_178_1	-0.1667	0.2887	0.8333	0.2887	1	-0.1835	-2.4495	0.0143
f1_A_144_1_A_142_1	f1_A_119_1_A_118_0	-0.5000	0.0000	0.0000	0.0000	1	-0.5000	-inf	0.0000
f1_A_144_1_A_142_1	f1_A_144_1_A_142_1	1.0000	0.0000	0.0000	0.0000	1	1.0000	inf	0.0000
f1_A_144_1_A_142_1	f1_A_150_1_A_133_0	-0.5000	0.0000	0.0000	0.0000	1	-0.5000	-inf	0.0000
f1_A_144_1_A_142_1	f1_A_19_1_A_14_1	0.6667	0.2887	0.0000	0.0000	1	0.0893	2.3094	0.0209
f1_A_144_1_A_142_1	f1_A_46_1_A_44_1	-0.8333	0.2887	0.0000	0.0000	1	-0.2560	-2.8868	0.0039
f1_A_144_1_A_142_1	f1_A_64_1_A_60_1	0.6667	0.2887	0.0000	0.0000	1	0.0893	2.3094	0.0209
f1_A_144_1_A_142_1	f1_A_6_1_A_27_0	-0.5000	0.0000	0.0000	0.0000	1	-0.5000	-inf	0.0000
f1_A_144_1_A_142_1	f1_A_72_1_A_69_1	-0.6667	0.2887	0.0000	0.0000	1	-0.0893	-2.3094	0.0209
f1_A_144_1_A_142_1	f1_A_95_1_A_103_0	0.5000	0.0000	0.0000	0.0000	1	0.5000	inf	0.0000
f1_A_144_1_A_142_1	f1_B_106_1_B_113_0	-0.5000	0.0000	0.0000	0.0000	1	-0.5000	-inf	0.0000
f1_A_144_1_A_142_1	f1_B_153_1_A_29_0	0.5000	0.0000	0.0000	0.0000	1	0.5000	inf	0.0000
f1_A_144_1_A_142_1	f1_B_157_0_B_146_1	0.6667	0.2887	0.0000	0.0000	1	0.0893	2.3094	0.0209
f1_A_144_1_A_142_1	f1_B_55_1_B_52_1	0.8333	0.2887	0.0000	0.0000	1	0.2560	2.8868	0.0039
f1_A_144_1_A_142_1	f1_B_58_1_B_54_1	-0.8333	0.2887	0.0000	0.0000	1	-0.2560	-2.8868	0.0039
f1_A_144_1_A_142_1	f1_B_63_1_B_59_1	-0.5000	0.0000	0.0000	0.0000	1	-0.5000	-inf	0.0000
f1_A_144_1_A_142_1	f1_B_89_1_B_86_1	-0.5000	0.0000	0.0000	0.0000	1	-0.5000	-inf	0.0000
f1_A_150_1_A_133_0	f1_A_144_1_A_142_1	-0.5000	0.0000	0.0000	0.0000	1	-0.5000	-inf	0.0000
f1_A_150_1_A_133_0	f1_B_131_0_B_160_1	0.6667	0.2887	0.0000	0.0000	1	0.0893	2.3094	0.0209
f1_A_150_1_A_133_0	f1_B_179_0_B_177_0	-0.5000	0.0000	0.0000	0.0000	1	-0.5000	-inf	0.0000
f1_A_150_1_A_133_0	f1_B_32_0_A_77_0	-0.6667	0.2887	0.0000	0.0000	1	-0.0893	-2.3094	0.0209
f1_A_150_1_A_133_0	f1_B_58_1_B_54_1	0.6667	0.2887	0.0000	0.0000	1	0.0893	2.3094	0.0209
f1_A_150_1_A_133_0	f1_B_6_0_B_4_1	0.5000	0.0000	0.0000	0.0000	1	0.5000	inf	0.0000
f1_A_150_1_A_133_0	f1_B_71_0_B_47_0	0.5000	0.0000	-0.6667	0.5774	1	0.0120	2.0207	0.0433
f1_A_150_1_A_133_0	f1_B_76_1_B_73_1	0.5000	0.0000	0.0000	0.0000	1	0.5000	inf	0.0000
f1_A_156_0_A_158_0	f1_A_121_0_A_149_0	0.0000	0.0000	0.8333	0.2887	1	-0.2560	-2.8868	0.0039
f1_A_156_0_A_158_0	f1_A_130_0_A_150_1	0.0000	0.0000	-1.0000	0.0000	1	1.0000	inf	0.0000
f1_A_156_0_A_158_0	f1_A_30_1_A_29_0	0.1667	0.2887	-0.6667	0.2887	1	0.0168	2.0412	0.0412
f1_A_156_0_A_158_0	f1_A_38_0_A_134_0	0.0000	0.0000	-0.6667	0.2887	1	0.0893	2.3094	0.0209
f1_A_156_0_A_158_0	f1_A_44_0_A_133_1	0.0000	0.0000	-1.0000	0.0000	1	1.0000	inf	0.0000
f1_A_156_0_A_158_0	f1_A_62_1_A_58_1	0.0000	0.0000	-0.8333	0.2887	1	0.2560	2.8868	0.0039
f1_A_156_0_A_158_0	f1_A_80_1_A_77_1	0.0000	0.0000	-0.8333	0.2887	1	0.2560	2.8868	0.0039
f1_A_156_0_A_158_0	f1_B_105_0_A_182_1	0.0000	0.0000	-0.8333	0.2887	1	0.2560	2.8868	0.0039
f1_A_156_0_A_158_0	f1_B_114_1_B_104_1	0.0000	0.0000	0.8333	0.2887	1	-0.2560	-2.8868	0.0039
f1_A_156_0_A_158_0	f1_B_70_1_B_67_1	0.0000	0.0000	0.8333	0.2887	1	-0.2560	-2.8868	0.0039
f1_A_156_0_A_158_0	f1_B_83_0_B_87_0	0.0000	0.0000	-0.6667	0.2887	1	0.0893	2.3094	0.0209
f1_A_156_0_A_158_0	f1_B_91_1_B_87_1	-0.1667	0.2887	0.6667	0.2887	1	-0.0168	-2.0412	0.0412
f1_A_156_0_A_159_0	f1_A_19_0_A_17_1	0.8333	0.2887	0.0000	0.0000	1	0.2560	2.8868	0.0039
f1_A_156_0_A_159_0	f1_B_6_0_B_4_1	0.5000	0.0000	0.0000	0.0000	1	0.5000	inf	0.0000
f1_A_156_0_A_159_0	f1_B_76_1_B_73_1	0.5000	0.0000	0.0000	0.0000	1	0.5000	inf	0.0000
f1_A_156_0_A_159_0	f1_B_80_0_B_76_0	0.6667	0.2887	0.0000	0.0000	1	0.0893	2.3094	0.0209
f1_A_158_1_A_156_0	f1_B_12_0_A_140_1	-0.6667	0.2887	0.1667	0.2887	1	-0.0168	-2.0412	0.0412
f1_A_158_1_A_156_0	f1_B_145_0_B_158_1	0.5000	0.0000	0.0000	0.0000	1	0.5000	inf	0.0000
f1_A_158_1_A_156_0	f1_B_157_0_B_146_1	-0.6667	0.2887	0.0000	0.0000	1	-0.0893	-2.3094	0.0209
f1_A_158_1_A_156_0	f1_B_16_0_A_4_0	-0.8333	0.2887	0.0000	0.0000	1	-0.2560	-2.8868	0.0039
f1_A_158_1_A_156_0	f1_B_32_0_A_77_0	0.6667	0.2887	-0.1667	0.2887	1	0.0168	2.0412	0.0412
f1_A_17_1_A_17_0	f1_A_124_0_A_159_0	0.6667	0.2887	0.0000	0.0000	1	0.0893	2.3094	0.0209
f1_A_17_1_A_17_0	f1_A_30_1_A_29_0	0.3333	0.2887	-0.6667	0.2887	1	0.1835	2.4495	0.0143
f1_A_17_1_A_17_0	f1_A_50_1_A_46_1	0.6667	0.2887	-0.6667	0.2887	1	0.5168	3.2660	0.0011
f1_A_17_1_A_17_0	f1_A_53_1_C_105_1	-0.5000	0.0000	0.0000	0.0000	1	-0.5000	-inf	0.0000
f1_A_17_1_A_17_0	f1_A_68_1_A_64_1	-0.6667	0.2887	0.8333	0.2887	1	-0.6835	-3.6742	0.0002
f1_A_17_1_A_17_0	f1_B_16_0_A_4_0	0.5000	0.0000	0.0000	0.0000	1	0.5000	inf	0.0000
f1_A_17_1_A_17_0	f1_B_81_0_C_106_1	0.0000	0.0000	0.8333	0.2887	1	-0.2560	-2.8868	0.0039
f1_A_19_0_A_17_1	f1_A_101_1_A_98_1	0.5000	0.0000	0.0000	0.0000	1	0.5000	inf	0.0000
f1_A_19_0_A_17_1	f1_A_156_0_A_159_0	0.8333	0.2887	0.0000	0.0000	1	0.2560	2.8868	0.0039
f1_A_19_0_A_17_1	f1_A_19_0_A_17_1	1.0000	0.0000	0.0000	0.0000	1	1.0000	inf	0.0000
f1_A_19_0_A_17_1	f1_A_50_0_A_47_0	0.6667	0.2887	0.0000	0.0000	1	0.0893	2.3094	0.0209
f1_A_19_0_A_17_1	f1_A_50_1_A_46_1	-0.6667	0.2887	0.0000	0.0000	1	-0.0893	-2.3094	0.0209
f1_A_19_0_A_17_1	f1_A_50_1_A_47_1	0.5000	0.0000	0.0000	0.0000	1	0.5000	inf	0.0000
f1_A_19_0_A_17_1	f1_A_68_1_A_64_1	0.6667	0.2887	0.0000	0.0000	1	0.0893	2.3094	0.0209
f1_A_19_0_A_17_1	f1_A_71_1_A_67_1	0.5000	0.0000	0.0000	0.0000	1	0.5000	inf	0.0000
f1_A_19_0_A_17_1	f1_A_95_1_A_103_0	0.6667	0.2887	0.0000	0.0000	1	0.0893	2.3094	0.0209
f1_A_19_0_A_17_1	f1_B_44_1_B_41_1	0.5000	0.0000	0.0000	0.0000	1	0.5000	inf	0.0000
f1_A_19_0_A_17_1	f1_B_62_1_B_58_1	-0.8333	0.2887	0.0000	0.0000	1	-0.2560	-2.8868	0.0039
f1_A_19_0_A_17_1	f1_B_6_0_B_4_1	0.6667	0.2887	0.0000	0.0000	1	0.0893	2.3094	0.0209
f1_A_19_0_A_17_1	f1_B_71_0_B_47_0	0.6667	0.2887	0.0000	0.0000	1	0.0893	2.3094	0.0209
f1_A_19_0_A_17_1	f1_B_72_0_B_69_0	0.6667	0.2887	0.0000	0.0000	1	0.0893	2.3094	0.0209
f1_A_19_0_A_17_1	f1_B_76_1_B_73_1	0.6667	0.2887	0.0000	0.0000	1	0.0893	2.3094	0.0209
f1_A_19_0_A_17_1	f1_B_80_0_B_76_0	0.8333	0.2887	0.0000	0.0000	1	0.2560	2.8868	0.0039
f1_A_19_0_A_17_1	f1_B_86_1_B_83_1	1.0000	0.0000	0.0000	0.0000	1	1.0000	inf	0.0000
f1_A_19_0_A_17_1	f1_B_91_1_B_87_1	0.8333	0.2887	0.0000	0.0000	1	0.2560	2.8868	0.0039
f1_A_19_1_A_14_1	f1_A_144_1_A_142_1	0.6667	0.2887	0.0000	0.0000	1	0.0893	2.3094	0.0209
f1_A_19_1_A_14_1	f1_B_157_0_B_146_1	1.0000	0.0000	0.0000	0.0000	1	1.0000	inf	0.0000
f1_A_19_1_A_14_1	f1_B_16_0_A_4_0	0.5000	0.0000	0.0000	0.0000	1	0.5000	inf	0.0000
f1_A_19_1_A_14_1	f1_B_29_0_A_141_0	0.5000	0.0000	-0.1667	0.2887	1	0.0893	2.3094	0.0209
f1_A_19_1_A_14_1	f1_B_32_0_A_77_0	-0.6667	0.2887	0.1667	0.2887	1	-0.0168	-2.0412	0.0412
f1_A_27_1_A_6_1	f1_A_28_1_A_25_0	1.0000	0.0000	-0.1667	0.2887	1	0.5893	4.0415	0.0001
f1_A_27_1_A_6_1	f1_A_64_1_A_60_1	-0.6667	0.2887	0.0000	0.0000	1	-0.0893	-2.3094	0.0209
f1_A_27_1_A_6_1	f1_A_68_1_A_64_1	-0.5000	0.0000	0.1667	0.2887	1	-0.0893	-2.3094	0.0209
f1_A_27_1_A_6_1	f1_A_6_1_A_27_0	0.5000	0.0000	0.0000	0.0000	1	0.5000	inf	0.0000
f1_A_27_1_A_6_1	f1_A_72_1_A_69_1	0.6667	0.2887	0.0000	0.0000	1	0.0893	2.3094	0.0209
f1_A_27_1_A_6_1	f1_B_106_1_B_113_0	0.5000	0.0000	0.0000	0.0000	1	0.5000	inf	0.0000
f1_A_27_1_A_6_1	f1_B_145_0_B_158_1	0.8333	0.2887	0.0000	0.0000	1	0.2560	2.8868	0.0039
f1_A_27_1_A_6_1	f1_B_29_0_A_141_0	0.6667	0.2887	0.0000	0.0000	1	0.0893	2.3094	0.0209
f1_A_27_1_A_6_1	f1_B_44_1_B_41_1	-0.6667	0.2887	0.0000	0.0000	1	-0.0893	-2.3094	0.0209
f1_A_27_1_A_6_1	f1_B_6_0_B_4_1	-0.5000	0.0000	0.0000	0.0000	1	-0.5000	-inf	0.0000
f1_A_27_1_A_6_1	f1_B_71_0_B_47_0	-0.5000	0.0000	0.0000	0.0000	1	-0.5000	-inf	0.0000
f1_A_27_1_A_6_1	f1_B_74_1_B_70_1	0.5000	0.0000	0.0000	0.0000	1	0.5000	inf	0.0000
f1_A_27_1_A_6_1	f1_B_76_1_B_73_1	-0.5000	0.0000	0.0000	0.0000	1	-0.5000	-inf	0.0000
f1_A_28_1_A_25_0	f1_A_27_1_A_6_1	1.0000	0.0000	-0.1667	0.2887	1	0.5893	4.0415	0.0001
f1_A_28_1_A_25_0	f1_A_64_1_A_60_1	-0.6667	0.2887	0.1667	0.2887	1	-0.0168	-2.0412	0.0412
f1_A_28_1_A_25_0	f1_A_72_1_A_69_1	0.6667	0.2887	0.0000	0.0000	1	0.0893	2.3094	0.0209
f1_A_28_1_A_25_0	f1_B_145_0_B_158_1	0.8333	0.2887	0.0000	0.0000	1	0.2560	2.8868	0.0039
f1_A_28_1_A_25_0	f1_B_153_1_A_29_0	-0.5000	0.0000	0.3333	0.2887	1	-0.2560	-2.8868	0.0039
f1_A_28_1_A_25_0	f1_B_63_1_B_59_1	0.5000	0.0000	-0.1667	0.2887	1	0.0893	2.3094	0.0209
f1_A_28_1_A_25_0	f1_B_6_0_B_4_1	-0.5000	0.0000	0.0000	0.0000	1	-0.5000	-inf	0.0000
f1_A_28_1_A_25_0	f1_B_74_1_B_70_1	0.5000	0.0000	-0.1667	0.2887	1	0.0893	2.3094	0.0209
f1_A_28_1_A_25_0	f1_B_76_1_B_73_1	-0.5000	0.0000	0.0000	0.0000	1	-0.5000	-inf	0.0000
f1_A_30_1_A_29_0	f1_A_121_0_A_149_0	0.0000	0.0000	-0.8333	0.2887	1	0.2560	2.8868	0.0039
f1_A_30_1_A_29_0	f1_A_140_1_A_144_1	0.1667	0.2887	-0.6667	0.2887	1	0.0168	2.0412	0.0412
f1_A_30_1_A_29_0	f1_A_156_0_A_158_0	0.1667	0.2887	-0.6667	0.2887	1	0.0168	2.0412	0.0412
f1_A_30_1_A_29_0	f1_A_17_1_A_17_0	0.3333	0.2887	-0.6667	0.2887	1	0.1835	2.4495	0.0143
f1_A_30_1_A_29_0	f1_A_44_0_A_133_1	0.0000	0.0000	0.6667	0.2887	1	-0.0893	-2.3094	0.0209
f1_A_30_1_A_29_0	f1_B_114_1_B_104_1	0.1667	0.2887	-0.8333	0.2887	1	0.1835	2.4495	0.0143
f1_A_30_1_A_29_0	f1_B_180_1_B_177_1	-0.5000	0.5000	0.6667	0.2887	1	-0.0120	-2.0207	0.0433
f1_A_30_1_A_29_0	f1_B_70_1_B_67_1	0.1667	0.2887	-0.8333	0.2887	1	0.1835	2.4495	0.0143
f1_A_30_1_A_29_0	f1_B_71_1_B_67_1	0.3333	0.2887	-1.0000	0.0000	1	0.7560	4.6188	0.0000
f1_A_30_1_A_29_0	f1_C_106_0_A_55_0	0.1667	0.2887	-0.6667	0.2887	1	0.0168	2.0412	0.0412
f1_A_38_0_A_134_0	f1_A_130_0_A_150_1	-0.1667	0.2887	0.6667	0.2887	1	-0.0168	-2.0412	0.0412
f1_A_38_0_A_134_0	f1_A_156_0_A_158_0	0.0000	0.0000	-0.6667	0.2887	1	0.0893	2.3094	0.0209
f1_A_38_0_A_134_0	f1_A_44_0_A_133_1	0.0000	0.0000	0.6667	0.2887	1	-0.0893	-2.3094	0.0209
f1_A_38_0_A_134_0	f1_A_71_1_A_67_1	-0.5000	0.5000	0.8333	0.2887	1	-0.1786	-2.3094	0.0209
f1_A_38_0_A_134_0	f1_A_75_1_A_72_1	-0.3333	0.2887	1.0000	0.0000	1	-0.7560	-4.6188	0.0000
f1_A_41_0_A_54_1	f1_A_50_0_A_47_0	0.6667	0.2887	-0.1667	0.2887	1	0.0168	2.0412	0.0412
f1_A_41_0_A_54_1	f1_A_6_1_A_27_0	0.5000	0.0000	0.0000	0.0000	1	0.5000	inf	0.0000
f1_A_41_0_A_54_1	f1_B_104_0_B_114_1	0.5000	0.0000	0.0000	0.0000	1	0.5000	inf	0.0000
f1_A_41_0_A_54_1	f1_B_12_0_A_140_1	0.5000	0.0000	0.0000	0.0000	1	0.5000	inf	0.0000
f1_A_41_0_A_54_1	f1_B_130_0_B_137_0	-0.5000	0.0000	0.1667	0.2887	1	-0.0893	-2.3094	0.0209
f1_A_41_0_A_54_1	f1_B_131_0_B_160_1	-0.6667	0.2887	0.1667	0.2887	1	-0.0168	-2.0412	0.0412
f1_A_41_0_A_54_1	f1_B_153_1_A_29_0	-0.5000	0.0000	0.1667	0.2887	1	-0.0893	-2.3094	0.0209
f1_A_41_0_A_54_1	f1_B_168_1_B_190_0	-0.6667	0.2887	0.1667	0.2887	1	-0.0168	-2.0412	0.0412
f1_A_41_0_A_54_1	f1_B_179_0_B_177_0	0.5000	0.0000	0.0000	0.0000	1	0.5000	inf	0.0000
f1_A_41_0_A_54_1	f1_B_29_0_A_141_0	0.6667	0.2887	0.0000	0.0000	1	0.0893	2.3094	0.0209
f1_A_41_0_A_54_1	f1_B_59_1_B_55_1	-0.6667	0.2887	0.0000	0.0000	1	-0.0893	-2.3094	0.0209
f1_A_41_0_A_54_1	f1_B_63_1_B_59_1	0.5000	0.0000	-0.1667	0.2887	1	0.0893	2.3094	0.0209
f1_A_41_0_A_54_1	f1_B_74_1_B_70_1	0.5000	0.0000	0.0000	0.0000	1	0.5000	inf	0.0000
f1_A_41_0_A_54_1	f1_C_104_1_A_51_1	1.0000	0.0000	-0.1667	0.2887	1	0.5893	4.0415	0.0001
f1_A_44_0_A_133_1	f1_A_121_0_A_149_0	0.0000	0.0000	-0.8333	0.2887	1	0.2560	2.8868	0.0039
f1_A_44_0_A_133_1	f1_A_130_0_A_150_1	0.0000	0.0000	1.0000	0.0000	1	-1.0000	-inf	0.0000
f1_A_44_0_A_133_1	f1_A_144_1_A_142_0	0.0000	0.0000	0.8333	0.2887	1	-0.2560	-2.8868	0.0039
f1_A_44_0_A_133_1	f1_A_156_0_A_158_0	0.0000	0.0000	-1.0000	0.0000	1	1.0000	inf	0.0000
f1_A_44_0_A_133_1	f1_A_30_1_A_29_0	0.0000	0.0000	0.6667	0.2887	1	-0.0893	-2.3094	0.0209
f1_A_44_0_A_133_1	f1_A_38_0_A_134_0	0.0000	0.0000	0.6667	0.2887	1	-0.0893	-2.3094	0.0209
f1_A_44_0_A_133_1	f1_A_44_0_A_133_1	0.0000	0.0000	1.0000	0.0000	1	-1.0000	-inf	0.0000
f1_A_44_0_A_133_1	f1_A_62_1_A_58_1	0.0000	0.0000	0.8333	0.2887	1	-0.2560	-2.8868	0.0039
f1_A_44_0_A_133_1	f1_A_71_1_A_67_1	0.0000	0.0000	0.8333	0.2887	1	-0.2560	-2.8868	0.0039
f1_A_44_0_A_133_1	f1_A_75_1_A_72_1	0.0000	0.0000	0.6667	0.2887	1	-0.0893	-2.3094	0.0209
f1_A_44_0_A_133_1	f1_A_80_1_A_77_1	0.0000	0.0000	0.8333	0.2887	1	-0.2560	-2.8868	0.0039
f1_A_44_0_A_133_1	f1_B_105_0_A_182_1	0.0000	0.0000	0.8333	0.2887	1	-0.2560	-2.8868	0.0039
f1_A_44_0_A_133_1	f1_B_114_1_B_104_1	0.0000	0.0000	-0.8333	0.2887	1	0.2560	2.8868	0.0039
f1_A_44_0_A_133_1	f1_B_48_0_B_47_1	0.0000	0.0000	0.8333	0.2887	1	-0.2560	-2.8868	0.0039
f1_A_44_0_A_133_1	f1_B_51_1_B_37_1	0.0000	0.0000	0.8333	0.2887	1	-0.2560	-2.8868	0.0039
f1_A_44_0_A_133_1	f1_B_70_1_B_67_1	0.0000	0.0000	-0.8333	0.2887	1	0.2560	2.8868	0.0039
f1_A_44_0_A_133_1	f1_B_71_1_B_67_1	0.0000	0.0000	-0.6667	0.2887	1	0.0893	2.3094	0.0209
f1_A_44_0_A_133_1	f1_B_83_0_B_87_0	0.0000	0.0000	0.6667	0.2887	1	-0.0893	-2.3094	0.0209
f1_A_44_0_A_133_1	f1_B_91_1_B_87_1	0.0000	0.0000	-0.6667	0.2887	1	0.0893	2.3094	0.0209
f1_A_44_0_A_133_1	f1_B_94_0_B_178_1	0.0000	0.0000	0.6667	0.2887	1	-0.0893	-2.3094	0.0209
f1_A_46_1_A_44_1	f1_A_144_1_A_142_1	-0.8333	0.2887	0.0000	0.0000	1	-0.2560	-2.8868	0.0039
f1_A_46_1_A_44_1	f1_A_5_0_A_27_0	0.5000	0.0000	-0.1667	0.2887	1	0.0893	2.3094	0.0209
f1_A_46_1_A_44_1	f1_A_6_1_A_27_0	0.6667	0.2887	0.0000	0.0000	1	0.0893	2.3094	0.0209
f1_A_46_1_A_44_1	f1_B_157_0_B_146_1	-0.5000	0.0000	0.0000	0.0000	1	-0.5000	-inf	0.0000
f1_A_46_1_A_44_1	f1_B_29_0_A_141_0	0.5000	0.0000	0.0000	0.0000	1	0.5000	inf	0.0000
f1_A_46_1_A_44_1	f1_B_55_1_B_52_1	-0.6667	0.2887	0.5000	0.5000	1	-0.0120	-2.0207	0.0433
f1_A_49_1_A_45_1	f1_A_121_0_A_149_0	0.0000	0.0000	-0.8333	0.2887	1	0.2560	2.8868	0.0039
f1_A_49_1_A_45_1	f1_A_62_1_A_58_1	0.0000	0.0000	0.8333	0.2887	1	-0.2560	-2.8868	0.0039
f1_A_49_1_A_45_1	f1_B_111_0_A_184_0	0.0000	0.0000	1.0000	0.0000	1	-1.0000	-inf	0.0000
f1_A_49_1_A_45_1	f1_B_180_1_B_177_1	-0.1667	0.2887	1.0000	0.0000	1	-0.5893	-4.0415	0.0001
f1_A_49_1_A_45_1	f1_B_70_1_B_67_1	0.0000	0.0000	-0.8333	0.2887	1	0.2560	2.8868	0.0039
f1_A_49_1_A_45_1	f1_B_71_1_B_67_1	0.1667	0.2887	-0.6667	0.2887	1	0.0168	2.0412	0.0412
f1_A_49_1_A_45_1	f1_B_93_0_B_89_1	0.0000	0.0000	0.8333	0.2887	1	-0.2560	-2.8868	0.0039
f1_A_50_0_A_47_0	f1_A_19_0_A_17_1	0.6667	0.2887	0.0000	0.0000	1	0.0893	2.3094	0.0209
f1_A_50_0_A_47_0	f1_A_41_0_A_54_1	0.6667	0.2887	-0.1667	0.2887	1	0.0168	2.0412	0.0412
f1_A_50_0_A_47_0	f1_A_59_1_A_56_1	0.5000	0.0000	0.0000	0.0000	1	0.5000	inf	0.0000
f1_A_50_0_A_47_0	f1_B_12_0_A_140_1	0.8333	0.2887	-0.1667	0.2887	1	0.1835	2.4495	0.0143
f1_A_50_0_A_47_0	f1_B_157_0_B_146_1	0.5000	0.0000	0.0000	0.0000	1	0.5000	inf	0.0000
f1_A_50_0_A_47_0	f1_B_168_1_B_190_0	-0.6667	0.2887	0.1667	0.2887	1	-0.0168	-2.0412	0.0412
f1_A_50_0_A_47_0	f1_B_59_1_B_55_1	-0.6667	0.2887	0.1667	0.2887	1	-0.0168	-2.0412	0.0412
f1_A_50_0_A_47_0	f1_B_78_1_B_74_1	-0.6667	0.2887	0.6667	0.5774	1	-0.0423	-2.0656	0.0389
f1_A_50_0_A_47_0	f1_B_80_0_B_76_0	0.5000	0.0000	0.0000	0.0000	1	0.5000	inf	0.0000
f1_A_50_0_A_47_0	f1_B_91_1_B_87_1	0.8333	0.2887	-0.5000	0.5000	1	0.1786	2.3094	0.0209
f1_A_50_0_A_47_0	f1_C_104_1_A_51_1	0.6667	0.2887	-0.1667	0.2887	1	0.0168	2.0412	0.0412
f1_A_50_1_A_46_1	f1_A_124_0_A_159_0	0.6667	0.2887	0.0000	0.0000	1	0.0893	2.3094	0.0209
f1_A_50_1_A_46_1	f1_A_17_1_A_17_0	0.6667	0.2887	-0.6667	0.2887	1	0.5168	3.2660	0.0011
f1_A_50_1_A_46_1	f1_A_19_0_A_17_1	-0.6667	0.2887	0.0000	0.0000	1	-0.0893	-2.3094	0.0209
f1_A_50_1_A_46_1	f1_A_5_0_A_27_0	0.8333	0.2887	-0.1667	0.2887	1	0.1835	2.4495	0.0143
f1_A_50_1_A_46_1	f1_B_106_1_B_110_0	0.6667	0.2887	-0.5000	0.5000	1	0.0120	2.0207	0.0433
f1_A_50_1_A_46_1	f1_B_106_1_B_113_0	-0.5000	0.0000	0.6667	0.5774	1	-0.0120	-2.0207	0.0433
f1_A_50_1_A_46_1	f1_B_107_1_B_110_0	0.6667	0.2887	-0.5000	0.5000	1	0.0120	2.0207	0.0433
f1_A_50_1_A_46_1	f1_B_72_0_B_69_0	-0.6667	0.2887	0.6667	0.2887	1	-0.5168	-3.2660	0.0011
f1_A_50_1_A_46_1	f1_B_81_0_C_106_1	0.0000	0.0000	-0.8333	0.2887	1	0.2560	2.8868	0.0039
f1_A_50_1_A_47_1	f1_A_124_0_A_159_0	-0.5000	0.0000	0.0000	0.0000	1	-0.5000	-inf	0.0000
f1_A_50_1_A_47_1	f1_A_19_0_A_17_1	0.5000	0.0000	0.0000	0.0000	1	0.5000	inf	0.0000
f1_A_50_1_A_47_1	f1_A_5_0_A_27_0	-0.6667	0.2887	0.1667	0.2887	1	-0.0168	-2.0412	0.0412
f1_A_50_1_A_47_1	f1_B_106_1_B_113_0	0.6667	0.2887	0.0000	0.0000	1	0.0893	2.3094	0.0209
f1_A_50_1_A_47_1	f1_B_145_0_B_158_1	-0.5000	0.0000	0.0000	0.0000	1	-0.5000	-inf	0.0000
f1_A_50_1_A_47_1	f1_B_59_1_B_55_1	-0.5000	0.0000	0.0000	0.0000	1	-0.5000	-inf	0.0000
f1_A_50_1_A_47_1	f1_B_67_1_B_64_1	-0.6667	0.2887	0.0000	0.0000	1	-0.0893	-2.3094	0.0209
f1_A_50_1_A_47_1	f1_B_89_1_B_86_1	0.6667	0.2887	-0.1667	0.2887	1	0.0168	2.0412	0.0412
f1_A_50_1_A_47_1	f1_B_91_1_B_87_1	0.6667	0.2887	-0.1667	0.2887	1	0.0168	2.0412	0.0412
f1_A_53_1_C_105_1	f1_A_124_0_A_159_0	-0.8333	0.2887	0.0000	0.0000	1	-0.2560	-2.8868	0.0039
f1_A_53_1_C_105_1	f1_A_17_1_A_17_0	-0.5000	0.0000	0.0000	0.0000	1	-0.5000	-inf	0.0000
f1_A_53_1_C_105_1	f1_A_53_1_C_105_1	1.0000	0.0000	0.0000	0.0000	1	1.0000	inf	0.0000
f1_A_53_1_C_105_1	f1_A_59_1_A_56_1	-0.5000	0.0000	0.0000	0.0000	1	-0.5000	-inf	0.0000
f1_A_53_1_C_105_1	f1_A_64_1_A_60_1	-0.8333	0.2887	0.0000	0.0000	1	-0.2560	-2.8868	0.0039
f1_A_53_1_C_105_1	f1_A_72_1_A_69_1	0.8333	0.2887	0.0000	0.0000	1	0.2560	2.8868	0.0039
f1_A_53_1_C_105_1	f1_B_106_1_B_110_0	-0.8333	0.2887	0.0000	0.0000	1	-0.2560	-2.8868	0.0039
f1_A_53_1_C_105_1	f1_B_106_1_B_113_0	0.6667	0.2887	0.0000	0.0000	1	0.0893	2.3094	0.0209
f1_A_53_1_C_105_1	f1_B_107_1_B_110_0	-0.8333	0.2887	0.0000	0.0000	1	-0.2560	-2.8868	0.0039
f1_A_53_1_C_105_1	f1_B_153_1_A_29_0	-0.6667	0.2887	0.0000	0.0000	1	-0.0893	-2.3094	0.0209
f1_A_53_1_C_105_1	f1_B_168_1_B_190_0	0.6667	0.2887	0.0000	0.0000	1	0.0893	2.3094	0.0209
f1_A_53_1_C_105_1	f1_B_180_1_B_177_1	0.8333	0.2887	0.0000	0.0000	1	0.2560	2.8868	0.0039
f1_A_53_1_C_105_1	f1_B_29_0_A_141_0	0.5000	0.0000	0.0000	0.0000	1	0.5000	inf	0.0000
f1_A_53_1_C_105_1	f1_B_58_1_B_54_1	0.6667	0.2887	0.0000	0.0000	1	0.0893	2.3094	0.0209
f1_A_53_1_C_105_1	f1_B_78_1_B_74_1	0.6667	0.2887	0.0000	0.0000	1	0.0893	2.3094	0.0209
f1_A_53_1_C_105_1	f2_MHCII	0.9214	0.1231	0.0000	0.0000	1	0.6752	7.4837	0.0000
f1_A_59_1_A_56_1	f1_A_101_1_A_98_1	-0.8333	0.2887	0.0000	0.0000	1	-0.2560	-2.8868	0.0039
f1_A_59_1_A_56_1	f1_A_50_0_A_47_0	0.5000	0.0000	0.0000	0.0000	1	0.5000	inf	0.0000
f1_A_59_1_A_56_1	f1_A_53_1_C_105_1	-0.5000	0.0000	0.0000	0.0000	1	-0.5000	-inf	0.0000
f1_A_59_1_A_56_1	f1_B_130_0_B_128_0	-0.5000	0.0000	0.0000	0.0000	1	-0.5000	-inf	0.0000
f1_A_59_1_A_56_1	f1_B_131_0_B_160_1	-0.5000	0.0000	0.0000	0.0000	1	-0.5000	-inf	0.0000
f1_A_59_1_A_56_1	f1_B_168_1_B_190_0	-0.8333	0.2887	0.0000	0.0000	1	-0.2560	-2.8868	0.0039
f1_A_59_1_A_56_1	f1_B_16_0_A_4_0	0.5000	0.0000	0.0000	0.0000	1	0.5000	inf	0.0000
f1_A_59_1_A_56_1	f1_B_44_1_B_41_1	-0.8333	0.2887	0.0000	0.0000	1	-0.2560	-2.8868	0.0039
f1_A_59_1_A_56_1	f1_B_6_0_B_4_1	-0.6667	0.2887	0.0000	0.0000	1	-0.0893	-2.3094	0.0209
f1_A_59_1_A_56_1	f1_B_76_1_B_73_1	-0.6667	0.2887	0.0000	0.0000	1	-0.0893	-2.3094	0.0209
f1_A_59_1_A_56_1	f1_B_78_1_B_74_1	-0.8333	0.2887	0.0000	0.0000	1	-0.2560	-2.8868	0.0039
f1_A_59_1_A_56_1	f1_B_80_0_B_76_0	-0.5000	0.0000	0.0000	0.0000	1	-0.5000	-inf	0.0000
f1_A_5_0_A_27_0	f1_A_46_1_A_44_1	0.5000	0.0000	-0.1667	0.2887	1	0.0893	2.3094	0.0209
f1_A_5_0_A_27_0	f1_A_50_1_A_46_1	0.8333	0.2887	-0.1667	0.2887	1	0.1835	2.4495	0.0143
f1_A_5_0_A_27_0	f1_A_50_1_A_47_1	-0.6667	0.2887	0.1667	0.2887	1	-0.0168	-2.0412	0.0412
f1_A_5_0_A_27_0	f1_A_6_1_A_27_0	0.8333	0.2887	0.0000	0.0000	1	0.2560	2.8868	0.0039
f1_A_5_0_A_27_0	f1_A_71_1_A_67_1	-0.6667	0.2887	0.1667	0.2887	1	-0.0168	-2.0412	0.0412
f1_A_5_0_A_27_0	f1_B_130_0_B_128_0	0.5000	0.0000	0.0000	0.0000	1	0.5000	inf	0.0000
f1_A_5_0_A_27_0	f1_B_145_0_B_158_1	0.8333	0.2887	0.0000	0.0000	1	0.2560	2.8868	0.0039
f1_A_5_0_A_27_0	f1_B_16_0_A_4_0	-0.5000	0.0000	0.0000	0.0000	1	-0.5000	-inf	0.0000
f1_A_5_0_A_27_0	f1_B_62_1_B_58_1	0.6667	0.2887	-0.1667	0.2887	1	0.0168	2.0412	0.0412
f1_A_5_0_A_27_0	f1_B_67_1_B_64_1	0.6667	0.2887	0.0000	0.0000	1	0.0893	2.3094	0.0209
f1_A_5_0_A_27_0	f1_B_89_1_B_86_1	-0.6667	0.2887	0.1667	0.2887	1	-0.0168	-2.0412	0.0412
f1_A_62_0_C_110_1	f1_A_71_1_A_67_1	-0.3333	0.2887	0.8333	0.2887	1	-0.3502	-2.8577	0.0043
f1_A_62_0_C_110_1	f1_B_83_0_B_87_0	0.0000	0.0000	0.6667	0.2887	1	-0.0893	-2.3094	0.0209
f1_A_62_1_A_58_1	f1_A_121_0_A_149_0	-0.1667	0.2887	-1.0000	0.0000	1	0.2560	2.8868	0.0039
f1_A_62_1_A_58_1	f1_A_156_0_A_158_0	0.0000	0.0000	-0.8333	0.2887	1	0.2560	2.8868	0.0039
f1_A_62_1_A_58_1	f1_A_44_0_A_133_1	0.0000	0.0000	0.8333	0.2887	1	-0.2560	-2.8868	0.0039
f1_A_62_1_A_58_1	f1_A_49_1_A_45_1	0.0000	0.0000	0.8333	0.2887	1	-0.2560	-2.8868	0.0039
f1_A_62_1_A_58_1	f1_B_180_1_B_177_1	-0.3333	0.2887	0.8333	0.2887	1	-0.3502	-2.8577	0.0043
f1_A_62_1_A_58_1	f1_B_48_0_B_47_1	0.0000	0.0000	0.6667	0.2887	1	-0.0893	-2.3094	0.0209
f1_A_62_1_A_58_1	f1_B_91_1_B_87_1	0.3333	0.2887	-0.8333	0.2887	1	0.3502	2.8577	0.0043
f1_A_62_1_A_58_1	f1_C_105_1_A_51_1	-0.1667	0.2887	0.8333	0.2887	1	-0.1835	-2.4495	0.0143
f1_A_64_1_A_60_1	f1_A_124_0_A_159_0	0.6667	0.2887	0.0000	0.0000	1	0.0893	2.3094	0.0209
f1_A_64_1_A_60_1	f1_A_144_1_A_142_1	0.6667	0.2887	0.0000	0.0000	1	0.0893	2.3094	0.0209
f1_A_64_1_A_60_1	f1_A_27_1_A_6_1	-0.6667	0.2887	0.0000	0.0000	1	-0.0893	-2.3094	0.0209
f1_A_64_1_A_60_1	f1_A_28_1_A_25_0	-0.6667	0.2887	0.1667	0.2887	1	-0.0168	-2.0412	0.0412
f1_A_64_1_A_60_1	f1_A_53_1_C_105_1	-0.8333	0.2887	0.0000	0.0000	1	-0.2560	-2.8868	0.0039
f1_A_64_1_A_60_1	f1_A_72_1_A_69_1	-1.0000	0.0000	0.3333	0.5774	1	-0.1786	-2.3094	0.0209
f1_A_64_1_A_60_1	f1_B_106_1_B_110_0	0.6667	0.2887	-0.1667	0.2887	1	0.0168	2.0412	0.0412
f1_A_64_1_A_60_1	f1_B_106_1_B_113_0	-0.8333	0.2887	0.6667	0.5774	1	-0.2090	-2.3238	0.0201
f1_A_64_1_A_60_1	f1_B_107_1_B_110_0	0.6667	0.2887	-0.1667	0.2887	1	0.0168	2.0412	0.0412
f1_A_64_1_A_60_1	f1_B_180_1_B_177_1	-0.6667	0.2887	0.5000	0.5000	1	-0.0120	-2.0207	0.0433
f1_A_64_1_A_60_1	f1_B_29_0_A_141_0	-0.6667	0.2887	0.1667	0.2887	1	-0.0168	-2.0412	0.0412
f1_A_64_1_A_60_1	f1_B_58_1_B_54_1	-0.8333	0.2887	0.0000	0.0000	1	-0.2560	-2.8868	0.0039
f1_A_68_1_A_64_1	f1_A_124_0_A_159_0	-0.6667	0.2887	0.0000	0.0000	1	-0.0893	-2.3094	0.0209
f1_A_68_1_A_64_1	f1_A_17_1_A_17_0	-0.6667	0.2887	0.8333	0.2887	1	-0.6835	-3.6742	0.0002
f1_A_68_1_A_64_1	f1_A_19_0_A_17_1	0.6667	0.2887	0.0000	0.0000	1	0.0893	2.3094	0.0209
f1_A_68_1_A_64_1	f1_A_27_1_A_6_1	-0.5000	0.0000	0.1667	0.2887	1	-0.0893	-2.3094	0.0209
f1_A_68_1_A_64_1	f1_B_106_1_B_110_0	-0.6667	0.2887	0.3333	0.2887	1	-0.1835	-2.4495	0.0143
f1_A_68_1_A_64_1	f1_B_106_1_B_113_0	0.5000	0.0000	-0.6667	0.5774	1	0.0120	2.0207	0.0433
f1_A_68_1_A_64_1	f1_B_107_1_B_110_0	-0.6667	0.2887	0.3333	0.2887	1	-0.1835	-2.4495	0.0143
f1_A_68_1_A_64_1	f1_B_72_0_B_69_0	0.6667	0.2887	-0.8333	0.2887	1	0.6835	3.6742	0.0002
f1_A_68_1_A_64_1	f1_B_81_0_C_106_1	0.0000	0.0000	1.0000	0.0000	1	-1.0000	-inf	0.0000
f1_A_6_1_A_27_0	f1_A_144_1_A_142_1	-0.5000	0.0000	0.0000	0.0000	1	-0.5000	-inf	0.0000
f1_A_6_1_A_27_0	f1_A_27_1_A_6_1	0.5000	0.0000	0.0000	0.0000	1	0.5000	inf	0.0000
f1_A_6_1_A_27_0	f1_A_41_0_A_54_1	0.5000	0.0000	0.0000	0.0000	1	0.5000	inf	0.0000
f1_A_6_1_A_27_0	f1_A_46_1_A_44_1	0.6667	0.2887	0.0000	0.0000	1	0.0893	2.3094	0.0209
f1_A_6_1_A_27_0	f1_A_5_0_A_27_0	0.8333	0.2887	0.0000	0.0000	1	0.2560	2.8868	0.0039
f1_A_6_1_A_27_0	f1_B_145_0_B_158_1	0.6667	0.2887	0.0000	0.0000	1	0.0893	2.3094	0.0209
f1_A_6_1_A_27_0	f1_B_16_0_A_4_0	-0.6667	0.2887	0.0000	0.0000	1	-0.0893	-2.3094	0.0209
f1_A_6_1_A_27_0	f1_B_51_0_B_36_1	-0.5000	0.0000	0.1667	0.2887	1	-0.0893	-2.3094	0.0209
f1_A_6_1_A_27_0	f1_B_55_1_B_52_1	-0.6667	0.2887	0.0000	0.0000	1	-0.0893	-2.3094	0.0209
f1_A_6_1_A_27_0	f1_B_63_1_B_59_1	1.0000	0.0000	0.0000	0.0000	1	1.0000	inf	0.0000
f1_A_6_1_A_27_0	f1_C_104_1_A_51_1	0.5000	0.0000	0.0000	0.0000	1	0.5000	inf	0.0000
f1_A_71_1_A_67_1	f1_A_124_0_A_159_0	-0.5000	0.0000	0.0000	0.0000	1	-0.5000	-inf	0.0000
f1_A_71_1_A_67_1	f1_A_144_1_A_142_0	0.3333	0.2887	1.0000	0.0000	1	-0.0893	-2.3094	0.0209
f1_A_71_1_A_67_1	f1_A_19_0_A_17_1	0.5000	0.0000	0.0000	0.0000	1	0.5000	inf	0.0000
f1_A_71_1_A_67_1	f1_A_38_0_A_134_0	-0.5000	0.5000	0.8333	0.2887	1	-0.1786	-2.3094	0.0209
f1_A_71_1_A_67_1	f1_A_44_0_A_133_1	0.0000	0.0000	0.8333	0.2887	1	-0.2560	-2.8868	0.0039
f1_A_71_1_A_67_1	f1_A_5_0_A_27_0	-0.6667	0.2887	0.1667	0.2887	1	-0.0168	-2.0412	0.0412
f1_A_71_1_A_67_1	f1_A_62_0_C_110_1	-0.3333	0.2887	0.8333	0.2887	1	-0.3502	-2.8577	0.0043
f1_A_71_1_A_67_1	f1_B_106_1_B_110_0	-0.5000	0.0000	0.6667	0.5774	1	-0.0120	-2.0207	0.0433
f1_A_71_1_A_67_1	f1_B_107_1_B_110_0	-0.5000	0.0000	0.6667	0.5774	1	-0.0120	-2.0207	0.0433
f1_A_71_1_A_67_1	f1_B_67_1_B_64_1	-0.6667	0.2887	0.5000	0.5000	1	-0.0120	-2.0207	0.0433
f1_A_71_1_A_67_1	f1_B_83_0_B_87_0	0.0000	0.0000	0.8333	0.2887	1	-0.2560	-2.8868	0.0039
f1_A_71_1_A_67_1	f1_B_89_1_B_86_1	0.6667	0.2887	-0.3333	0.2887	1	0.1835	2.4495	0.0143
f1_A_72_1_A_69_1	f1_A_124_0_A_159_0	-0.6667	0.2887	0.0000	0.0000	1	-0.0893	-2.3094	0.0209
f1_A_72_1_A_69_1	f1_A_144_1_A_142_1	-0.6667	0.2887	0.0000	0.0000	1	-0.0893	-2.3094	0.0209
f1_A_72_1_A_69_1	f1_A_27_1_A_6_1	0.6667	0.2887	0.0000	0.0000	1	0.0893	2.3094	0.0209
f1_A_72_1_A_69_1	f1_A_28_1_A_25_0	0.6667	0.2887	0.0000	0.0000	1	0.0893	2.3094	0.0209
f1_A_72_1_A_69_1	f1_A_53_1_C_105_1	0.8333	0.2887	0.0000	0.0000	1	0.2560	2.8868	0.0039
f1_A_72_1_A_69_1	f1_A_64_1_A_60_1	-1.0000	0.0000	0.3333	0.5774	1	-0.1786	-2.3094	0.0209
f1_A_72_1_A_69_1	f1_B_106_1_B_110_0	-0.6667	0.2887	0.0000	0.0000	1	-0.0893	-2.3094	0.0209
f1_A_72_1_A_69_1	f1_B_107_1_B_110_0	-0.6667	0.2887	0.0000	0.0000	1	-0.0893	-2.3094	0.0209
f1_A_72_1_A_69_1	f1_B_153_1_A_29_0	-0.8333	0.2887	0.0000	0.0000	1	-0.2560	-2.8868	0.0039
f1_A_72_1_A_69_1	f1_B_29_0_A_141_0	0.6667	0.2887	0.0000	0.0000	1	0.0893	2.3094	0.0209
f1_A_72_1_A_69_1	f1_B_58_1_B_54_1	0.8333	0.2887	0.0000	0.0000	1	0.2560	2.8868	0.0039
f1_A_75_1_A_72_1	f1_A_130_0_A_150_1	-0.1667	0.2887	0.6667	0.2887	1	-0.0168	-2.0412	0.0412
f1_A_75_1_A_72_1	f1_A_38_0_A_134_0	-0.3333	0.2887	1.0000	0.0000	1	-0.7560	-4.6188	0.0000
f1_A_75_1_A_72_1	f1_A_44_0_A_133_1	0.0000	0.0000	0.6667	0.2887	1	-0.0893	-2.3094	0.0209
f1_A_75_1_A_72_1	f1_B_130_0_B_128_0	-0.8333	0.2887	0.1667	0.2887	1	-0.1835	-2.4495	0.0143
f1_A_75_1_A_72_1	f1_B_179_0_B_177_0	-0.5000	0.0000	0.0000	0.0000	1	-0.5000	-inf	0.0000
f1_A_75_1_A_72_1	f1_B_44_1_B_41_1	-0.8333	0.2887	0.1667	0.2887	1	-0.1835	-2.4495	0.0143
f1_A_75_1_A_72_1	f1_B_63_1_B_59_1	-0.5000	0.0000	0.1667	0.2887	1	-0.0893	-2.3094	0.0209
f1_A_80_1_A_77_1	f1_A_144_1_A_142_0	0.1667	0.2887	1.0000	0.0000	1	-0.2560	-2.8868	0.0039
f1_A_80_1_A_77_1	f1_A_156_0_A_158_0	0.0000	0.0000	-0.8333	0.2887	1	0.2560	2.8868	0.0039
f1_A_80_1_A_77_1	f1_A_44_0_A_133_1	0.0000	0.0000	0.8333	0.2887	1	-0.2560	-2.8868	0.0039
f1_A_80_1_A_77_1	f1_B_105_0_A_182_1	-0.1667	0.2887	0.6667	0.2887	1	-0.0168	-2.0412	0.0412
f1_A_80_1_A_77_1	f1_B_48_0_B_47_1	0.0000	0.0000	0.6667	0.2887	1	-0.0893	-2.3094	0.0209
f1_A_80_1_A_77_1	f1_B_83_0_B_87_0	0.0000	0.0000	0.8333	0.2887	1	-0.2560	-2.8868	0.0039
f1_A_95_1_A_103_0	f1_A_124_0_A_159_0	-0.6667	0.2887	0.0000	0.0000	1	-0.0893	-2.3094	0.0209
f1_A_95_1_A_103_0	f1_A_144_1_A_142_1	0.5000	0.0000	0.0000	0.0000	1	0.5000	inf	0.0000
f1_A_95_1_A_103_0	f1_A_19_0_A_17_1	0.6667	0.2887	0.0000	0.0000	1	0.0893	2.3094	0.0209
f1_A_95_1_A_103_0	f1_B_106_1_B_110_0	-0.6667	0.2887	0.1667	0.2887	1	-0.0168	-2.0412	0.0412
f1_A_95_1_A_103_0	f1_B_107_1_B_110_0	-0.6667	0.2887	0.1667	0.2887	1	-0.0168	-2.0412	0.0412
f1_A_95_1_A_103_0	f1_B_51_0_B_36_1	0.5000	0.0000	-0.1667	0.2887	1	0.0893	2.3094	0.0209
f1_A_95_1_A_103_0	f1_B_55_1_B_52_1	0.6667	0.2887	0.0000	0.0000	1	0.0893	2.3094	0.0209
f1_A_95_1_A_103_0	f1_B_72_0_B_69_0	0.6667	0.2887	-0.1667	0.2887	1	0.0168	2.0412	0.0412
f1_A_95_1_A_103_0	f1_B_91_1_B_87_1	0.5000	0.0000	-0.1667	0.2887	1	0.0893	2.3094	0.0209
f1_B_104_0_B_114_1	f1_A_41_0_A_54_1	0.5000	0.0000	0.0000	0.0000	1	0.5000	inf	0.0000
f1_B_104_0_B_114_1	f1_B_130_0_B_137_0	-1.0000	0.0000	0.0000	0.0000	1	-1.0000	-inf	0.0000
f1_B_104_0_B_114_1	f1_B_131_0_B_160_1	-0.8333	0.2887	0.0000	0.0000	1	-0.2560	-2.8868	0.0039
f1_B_104_0_B_114_1	f1_B_179_0_B_177_0	1.0000	0.0000	0.0000	0.0000	1	1.0000	inf	0.0000
f1_B_104_0_B_114_1	f1_B_179_0_B_95_1	-0.8333	0.2887	0.1667	0.2887	1	-0.1835	-2.4495	0.0143
f1_B_104_0_B_114_1	f1_B_32_0_A_77_0	0.8333	0.2887	0.0000	0.0000	1	0.2560	2.8868	0.0039
f1_B_104_0_B_114_1	f1_B_51_0_B_36_1	-0.5000	0.0000	0.1667	0.2887	1	-0.0893	-2.3094	0.0209
f1_B_104_0_B_114_1	f1_B_57_1_B_54_1	-0.8333	0.2887	0.1667	0.2887	1	-0.1835	-2.4495	0.0143
f1_B_104_0_B_114_1	f1_B_60_1_B_57_1	0.6667	0.2887	-0.1667	0.2887	1	0.0168	2.0412	0.0412
f1_B_104_0_B_114_1	f1_B_74_1_B_70_1	-0.5000	0.0000	0.1667	0.2887	1	-0.0893	-2.3094	0.0209
f1_B_104_0_B_114_1	f1_C_104_1_A_51_1	0.5000	0.0000	0.0000	0.0000	1	0.5000	inf	0.0000
f1_B_105_0_A_182_1	f1_A_121_0_A_149_0	0.0000	0.0000	-0.6667	0.2887	1	0.0893	2.3094	0.0209
f1_B_105_0_A_182_1	f1_A_144_1_A_142_0	0.0000	0.0000	0.6667	0.2887	1	-0.0893	-2.3094	0.0209
f1_B_105_0_A_182_1	f1_A_156_0_A_158_0	0.0000	0.0000	-0.8333	0.2887	1	0.2560	2.8868	0.0039
f1_B_105_0_A_182_1	f1_A_44_0_A_133_1	0.0000	0.0000	0.8333	0.2887	1	-0.2560	-2.8868	0.0039
f1_B_105_0_A_182_1	f1_A_80_1_A_77_1	-0.1667	0.2887	0.6667	0.2887	1	-0.0168	-2.0412	0.0412
f1_B_105_0_A_182_1	f1_B_91_1_B_87_1	0.1667	0.2887	-0.8333	0.2887	1	0.1835	2.4495	0.0143
f1_B_106_1_B_110_0	f1_A_124_0_A_159_0	1.0000	0.0000	0.0000	0.0000	1	1.0000	inf	0.0000
f1_B_106_1_B_110_0	f1_A_50_1_A_46_1	0.6667	0.2887	-0.5000	0.5000	1	0.0120	2.0207	0.0433
f1_B_106_1_B_110_0	f1_A_53_1_C_105_1	-0.8333	0.2887	0.0000	0.0000	1	-0.2560	-2.8868	0.0039
f1_B_106_1_B_110_0	f1_A_64_1_A_60_1	0.6667	0.2887	-0.1667	0.2887	1	0.0168	2.0412	0.0412
f1_B_106_1_B_110_0	f1_A_68_1_A_64_1	-0.6667	0.2887	0.3333	0.2887	1	-0.1835	-2.4495	0.0143
f1_B_106_1_B_110_0	f1_A_71_1_A_67_1	-0.5000	0.0000	0.6667	0.5774	1	-0.0120	-2.0207	0.0433
f1_B_106_1_B_110_0	f1_A_72_1_A_69_1	-0.6667	0.2887	0.0000	0.0000	1	-0.0893	-2.3094	0.0209
f1_B_106_1_B_110_0	f1_A_95_1_A_103_0	-0.6667	0.2887	0.1667	0.2887	1	-0.0168	-2.0412	0.0412
f1_B_106_1_B_113_0	f1_A_124_0_A_159_0	-0.8333	0.2887	0.0000	0.0000	1	-0.2560	-2.8868	0.0039
f1_B_106_1_B_113_0	f1_A_144_1_A_142_1	-0.5000	0.0000	0.0000	0.0000	1	-0.5000	-inf	0.0000
f1_B_106_1_B_113_0	f1_A_27_1_A_6_1	0.5000	0.0000	0.0000	0.0000	1	0.5000	inf	0.0000
f1_B_106_1_B_113_0	f1_A_50_1_A_46_1	-0.5000	0.0000	0.6667	0.5774	1	-0.0120	-2.0207	0.0433
f1_B_106_1_B_113_0	f1_A_50_1_A_47_1	0.6667	0.2887	0.0000	0.0000	1	0.0893	2.3094	0.0209
f1_B_106_1_B_113_0	f1_A_53_1_C_105_1	0.6667	0.2887	0.0000	0.0000	1	0.0893	2.3094	0.0209
f1_B_106_1_B_113_0	f1_A_64_1_A_60_1	-0.8333	0.2887	0.6667	0.5774	1	-0.2090	-2.3238	0.0201
f1_B_106_1_B_113_0	f1_A_68_1_A_64_1	0.5000	0.0000	-0.6667	0.5774	1	0.0120	2.0207	0.0433
f1_B_106_1_B_113_0	f1_B_58_1_B_54_1	0.6667	0.2887	0.0000	0.0000	1	0.0893	2.3094	0.0209
f1_B_107_1_B_110_0	f1_A_124_0_A_159_0	1.0000	0.0000	0.0000	0.0000	1	1.0000	inf	0.0000
f1_B_107_1_B_110_0	f1_A_50_1_A_46_1	0.6667	0.2887	-0.5000	0.5000	1	0.0120	2.0207	0.0433
f1_B_107_1_B_110_0	f1_A_53_1_C_105_1	-0.8333	0.2887	0.0000	0.0000	1	-0.2560	-2.8868	0.0039
f1_B_107_1_B_110_0	f1_A_64_1_A_60_1	0.6667	0.2887	-0.1667	0.2887	1	0.0168	2.0412	0.0412
f1_B_107_1_B_110_0	f1_A_68_1_A_64_1	-0.6667	0.2887	0.3333	0.2887	1	-0.1835	-2.4495	0.0143
f1_B_107_1_B_110_0	f1_A_71_1_A_67_1	-0.5000	0.0000	0.6667	0.5774	1	-0.0120	-2.0207	0.0433
f1_B_107_1_B_110_0	f1_A_72_1_A_69_1	-0.6667	0.2887	0.0000	0.0000	1	-0.0893	-2.3094	0.0209
f1_B_107_1_B_110_0	f1_A_95_1_A_103_0	-0.6667	0.2887	0.1667	0.2887	1	-0.0168	-2.0412	0.0412
f1_B_111_0_A_184_0	f1_A_121_0_A_149_0	0.0000	0.0000	-0.8333	0.2887	1	0.2560	2.8868	0.0039
f1_B_111_0_A_184_0	f1_A_49_1_A_45_1	0.0000	0.0000	1.0000	0.0000	1	-1.0000	-inf	0.0000
f1_B_111_0_A_184_0	f1_B_180_1_B_177_1	-0.3333	0.5774	1.0000	0.0000	1	-0.1786	-2.3094	0.0209
f1_B_111_0_A_184_0	f1_B_70_1_B_67_1	0.1667	0.2887	-0.8333	0.2887	1	0.1835	2.4495	0.0143
f1_B_111_0_A_184_0	f1_B_71_1_B_67_1	0.1667	0.2887	-0.6667	0.2887	1	0.0168	2.0412	0.0412
f1_B_111_0_A_184_0	f1_B_93_0_B_89_1	0.0000	0.0000	0.8333	0.2887	1	-0.2560	-2.8868	0.0039
f1_B_111_0_A_184_0	f1_C_105_1_A_51_1	0.0000	0.0000	1.0000	0.0000	1	-1.0000	-inf	0.0000
f1_B_114_1_B_104_1	f1_A_130_0_A_150_1	0.1667	0.2887	-0.8333	0.2887	1	0.1835	2.4495	0.0143
f1_B_114_1_B_104_1	f1_A_156_0_A_158_0	0.0000	0.0000	0.8333	0.2887	1	-0.2560	-2.8868	0.0039
f1_B_114_1_B_104_1	f1_A_30_1_A_29_0	0.1667	0.2887	-0.8333	0.2887	1	0.1835	2.4495	0.0143
f1_B_114_1_B_104_1	f1_A_44_0_A_133_1	0.0000	0.0000	-0.8333	0.2887	1	0.2560	2.8868	0.0039
f1_B_114_1_B_104_1	f1_B_48_0_B_47_1	0.0000	0.0000	-1.0000	0.0000	1	1.0000	inf	0.0000
f1_B_114_1_B_104_1	f1_B_51_1_B_37_1	-0.1667	0.2887	-1.0000	0.0000	1	0.2560	2.8868	0.0039
f1_B_114_1_B_104_1	f1_B_70_1_B_67_1	-0.3333	0.2887	0.6667	0.2887	1	-0.1835	-2.4495	0.0143
f1_B_114_1_B_104_1	f1_B_83_0_B_87_0	0.0000	0.0000	-0.8333	0.2887	1	0.2560	2.8868	0.0039
f1_B_12_0_A_140_1	f1_A_158_1_A_156_0	-0.6667	0.2887	0.1667	0.2887	1	-0.0168	-2.0412	0.0412
f1_B_12_0_A_140_1	f1_A_41_0_A_54_1	0.5000	0.0000	0.0000	0.0000	1	0.5000	inf	0.0000
f1_B_12_0_A_140_1	f1_A_50_0_A_47_0	0.8333	0.2887	-0.1667	0.2887	1	0.1835	2.4495	0.0143
f1_B_12_0_A_140_1	f1_B_157_0_B_146_1	0.6667	0.2887	0.0000	0.0000	1	0.0893	2.3094	0.0209
f1_B_12_0_A_140_1	f1_B_168_1_B_190_0	-0.8333	0.2887	0.0000	0.0000	1	-0.2560	-2.8868	0.0039
f1_B_12_0_A_140_1	f1_B_16_0_A_4_0	0.8333	0.2887	0.0000	0.0000	1	0.2560	2.8868	0.0039
f1_B_12_0_A_140_1	f1_B_63_1_B_59_1	-0.5000	0.0000	0.0000	0.0000	1	-0.5000	-inf	0.0000
f1_B_130_0_B_128_0	f1_A_101_1_A_98_1	0.6667	0.2887	-0.1667	0.2887	1	0.0168	2.0412	0.0412
f1_B_130_0_B_128_0	f1_A_119_1_A_118_0	-0.8333	0.2887	0.1667	0.2887	1	-0.1835	-2.4495	0.0143
f1_B_130_0_B_128_0	f1_A_59_1_A_56_1	-0.5000	0.0000	0.0000	0.0000	1	-0.5000	-inf	0.0000
f1_B_130_0_B_128_0	f1_A_5_0_A_27_0	0.5000	0.0000	0.0000	0.0000	1	0.5000	inf	0.0000
f1_B_130_0_B_128_0	f1_A_75_1_A_72_1	-0.8333	0.2887	0.1667	0.2887	1	-0.1835	-2.4495	0.0143
f1_B_130_0_B_128_0	f1_B_130_0_B_137_0	-0.6667	0.2887	0.0000	0.0000	1	-0.0893	-2.3094	0.0209
f1_B_130_0_B_128_0	f1_B_131_0_B_160_1	-0.5000	0.0000	0.0000	0.0000	1	-0.5000	-inf	0.0000
f1_B_130_0_B_128_0	f1_B_179_0_B_177_0	0.6667	0.2887	0.0000	0.0000	1	0.0893	2.3094	0.0209
f1_B_130_0_B_128_0	f1_B_63_1_B_59_1	0.6667	0.2887	0.0000	0.0000	1	0.0893	2.3094	0.0209
f1_B_130_0_B_137_0	f1_A_119_1_A_118_0	0.5000	0.0000	-0.1667	0.2887	1	0.0893	2.3094	0.0209
f1_B_130_0_B_137_0	f1_A_41_0_A_54_1	-0.5000	0.0000	0.1667	0.2887	1	-0.0893	-2.3094	0.0209
f1_B_130_0_B_137_0	f1_B_104_0_B_114_1	-1.0000	0.0000	0.0000	0.0000	1	-1.0000	-inf	0.0000
f1_B_130_0_B_137_0	f1_B_130_0_B_128_0	-0.6667	0.2887	0.0000	0.0000	1	-0.0893	-2.3094	0.0209
f1_B_130_0_B_137_0	f1_B_179_0_B_177_0	-1.0000	0.0000	0.0000	0.0000	1	-1.0000	-inf	0.0000
f1_B_130_0_B_137_0	f1_B_179_0_B_95_1	0.8333	0.2887	-0.1667	0.2887	1	0.1835	2.4495	0.0143
f1_B_130_0_B_137_0	f1_B_32_0_A_77_0	-0.8333	0.2887	0.1667	0.2887	1	-0.1835	-2.4495	0.0143
f1_B_131_0_B_160_1	f1_A_119_1_A_118_0	0.6667	0.2887	-0.1667	0.2887	1	0.0168	2.0412	0.0412
f1_B_131_0_B_160_1	f1_A_150_1_A_133_0	0.6667	0.2887	0.0000	0.0000	1	0.0893	2.3094	0.0209
f1_B_131_0_B_160_1	f1_A_41_0_A_54_1	-0.6667	0.2887	0.1667	0.2887	1	-0.0168	-2.0412	0.0412
f1_B_131_0_B_160_1	f1_A_59_1_A_56_1	-0.5000	0.0000	0.0000	0.0000	1	-0.5000	-inf	0.0000
f1_B_131_0_B_160_1	f1_B_104_0_B_114_1	-0.8333	0.2887	0.0000	0.0000	1	-0.2560	-2.8868	0.0039
f1_B_131_0_B_160_1	f1_B_130_0_B_128_0	-0.5000	0.0000	0.0000	0.0000	1	-0.5000	-inf	0.0000
f1_B_131_0_B_160_1	f1_B_179_0_B_177_0	-0.8333	0.2887	0.0000	0.0000	1	-0.2560	-2.8868	0.0039
f1_B_131_0_B_160_1	f1_B_32_0_A_77_0	-0.6667	0.2887	0.1667	0.2887	1	-0.0168	-2.0412	0.0412
f1_B_131_0_B_160_1	f1_B_59_1_B_55_1	0.6667	0.2887	0.0000	0.0000	1	0.0893	2.3094	0.0209
f1_B_145_0_B_158_1	f1_A_101_1_A_98_1	-0.5000	0.0000	0.0000	0.0000	1	-0.5000	-inf	0.0000
f1_B_145_0_B_158_1	f1_A_158_1_A_156_0	0.5000	0.0000	0.0000	0.0000	1	0.5000	inf	0.0000
f1_B_145_0_B_158_1	f1_A_27_1_A_6_1	0.8333	0.2887	0.0000	0.0000	1	0.2560	2.8868	0.0039
f1_B_145_0_B_158_1	f1_A_28_1_A_25_0	0.8333	0.2887	0.0000	0.0000	1	0.2560	2.8868	0.0039
f1_B_145_0_B_158_1	f1_A_50_1_A_47_1	-0.5000	0.0000	0.0000	0.0000	1	-0.5000	-inf	0.0000
f1_B_145_0_B_158_1	f1_A_5_0_A_27_0	0.8333	0.2887	0.0000	0.0000	1	0.2560	2.8868	0.0039
f1_B_145_0_B_158_1	f1_A_6_1_A_27_0	0.6667	0.2887	0.0000	0.0000	1	0.0893	2.3094	0.0209
f1_B_145_0_B_158_1	f1_B_16_0_A_4_0	-0.6667	0.2887	0.0000	0.0000	1	-0.0893	-2.3094	0.0209
f1_B_145_0_B_158_1	f1_B_44_1_B_41_1	-0.5000	0.0000	0.0000	0.0000	1	-0.5000	-inf	0.0000
f1_B_145_0_B_158_1	f1_B_63_1_B_59_1	0.6667	0.2887	0.0000	0.0000	1	0.0893	2.3094	0.0209
f1_B_145_0_B_158_1	f1_B_6_0_B_4_1	-0.6667	0.2887	0.0000	0.0000	1	-0.0893	-2.3094	0.0209
f1_B_145_0_B_158_1	f1_B_76_1_B_73_1	-0.6667	0.2887	0.0000	0.0000	1	-0.0893	-2.3094	0.0209
f1_B_145_1_B_158_1	f1_B_72_0_B_69_0	0.5000	0.5000	-1.0000	0.0000	1	0.5000	3.0000	0.0027
f1_B_145_1_B_158_1	f1_B_81_0_C_106_1	0.0000	0.0000	0.8333	0.2887	1	-0.2560	-2.8868	0.0039
f1_B_145_1_B_158_1	f1_B_86_1_B_82_1	-0.1667	0.2887	0.6667	0.2887	1	-0.0168	-2.0412	0.0412
f1_B_145_1_B_158_1	f1_B_86_1_B_83_1	0.3333	0.2887	-0.6667	0.2887	1	0.1835	2.4495	0.0143
f1_B_145_1_B_158_1	f1_C_106_0_A_55_0	-0.3333	0.5774	1.0000	0.0000	1	-0.1786	-2.3094	0.0209
f1_B_153_1_A_29_0	f1_A_144_1_A_142_1	0.5000	0.0000	0.0000	0.0000	1	0.5000	inf	0.0000
f1_B_153_1_A_29_0	f1_A_28_1_A_25_0	-0.5000	0.0000	0.3333	0.2887	1	-0.2560	-2.8868	0.0039
f1_B_153_1_A_29_0	f1_A_41_0_A_54_1	-0.5000	0.0000	0.1667	0.2887	1	-0.0893	-2.3094	0.0209
f1_B_153_1_A_29_0	f1_A_53_1_C_105_1	-0.6667	0.2887	0.0000	0.0000	1	-0.0893	-2.3094	0.0209
f1_B_153_1_A_29_0	f1_A_72_1_A_69_1	-0.8333	0.2887	0.0000	0.0000	1	-0.2560	-2.8868	0.0039
f1_B_153_1_A_29_0	f1_B_29_0_A_141_0	-0.8333	0.2887	0.1667	0.2887	1	-0.1835	-2.4495	0.0143
f1_B_153_1_A_29_0	f1_B_58_1_B_54_1	-0.6667	0.2887	0.1667	0.2887	1	-0.0168	-2.0412	0.0412
f1_B_153_1_A_29_0	f1_B_6_0_B_4_1	-0.5000	0.0000	0.0000	0.0000	1	-0.5000	-inf	0.0000
f1_B_153_1_A_29_0	f1_B_76_1_B_73_1	-0.5000	0.0000	0.0000	0.0000	1	-0.5000	-inf	0.0000
f1_B_153_1_A_29_0	f1_B_80_0_B_76_0	-0.6667	0.2887	0.0000	0.0000	1	-0.0893	-2.3094	0.0209
f1_B_157_0_B_146_1	f1_A_144_1_A_142_1	0.6667	0.2887	0.0000	0.0000	1	0.0893	2.3094	0.0209
f1_B_157_0_B_146_1	f1_A_158_1_A_156_0	-0.6667	0.2887	0.0000	0.0000	1	-0.0893	-2.3094	0.0209
f1_B_157_0_B_146_1	f1_A_19_1_A_14_1	1.0000	0.0000	0.0000	0.0000	1	1.0000	inf	0.0000
f1_B_157_0_B_146_1	f1_A_46_1_A_44_1	-0.5000	0.0000	0.0000	0.0000	1	-0.5000	-inf	0.0000
f1_B_157_0_B_146_1	f1_A_50_0_A_47_0	0.5000	0.0000	0.0000	0.0000	1	0.5000	inf	0.0000
f1_B_157_0_B_146_1	f1_B_12_0_A_140_1	0.6667	0.2887	0.0000	0.0000	1	0.0893	2.3094	0.0209
f1_B_157_0_B_146_1	f1_B_157_0_B_146_1	1.0000	0.0000	0.0000	0.0000	1	1.0000	inf	0.0000
f1_B_157_0_B_146_1	f1_B_16_0_A_4_0	0.5000	0.0000	0.0000	0.0000	1	0.5000	inf	0.0000
f1_B_157_0_B_146_1	f1_B_29_0_A_141_0	0.5000	0.0000	0.0000	0.0000	1	0.5000	inf	0.0000
f1_B_157_0_B_146_1	f1_B_32_0_A_77_0	-0.6667	0.2887	0.0000	0.0000	1	-0.0893	-2.3094	0.0209
f1_B_157_0_B_146_1	f1_B_60_1_B_56_1	0.5000	0.0000	0.0000	0.0000	1	0.5000	inf	0.0000
f1_B_157_0_B_146_1	f1_B_60_1_B_57_1	-0.5000	0.0000	0.0000	0.0000	1	-0.5000	-inf	0.0000
f1_B_157_0_B_146_1	f1_B_74_1_B_70_1	0.6667	0.2887	0.0000	0.0000	1	0.0893	2.3094	0.0209
f1_B_168_1_B_190_0	f1_A_124_0_A_159_0	-0.5000	0.0000	0.0000	0.0000	1	-0.5000	-inf	0.0000
f1_B_168_1_B_190_0	f1_A_41_0_A_54_1	-0.6667	0.2887	0.1667	0.2887	1	-0.0168	-2.0412	0.0412
f1_B_168_1_B_190_0	f1_A_50_0_A_47_0	-0.6667	0.2887	0.1667	0.2887	1	-0.0168	-2.0412	0.0412
f1_B_168_1_B_190_0	f1_A_53_1_C_105_1	0.6667	0.2887	0.0000	0.0000	1	0.0893	2.3094	0.0209
f1_B_168_1_B_190_0	f1_A_59_1_A_56_1	-0.8333	0.2887	0.0000	0.0000	1	-0.2560	-2.8868	0.0039
f1_B_168_1_B_190_0	f1_B_12_0_A_140_1	-0.8333	0.2887	0.0000	0.0000	1	-0.2560	-2.8868	0.0039
f1_B_168_1_B_190_0	f1_B_16_0_A_4_0	-0.6667	0.2887	0.0000	0.0000	1	-0.0893	-2.3094	0.0209
f1_B_168_1_B_190_0	f1_B_78_1_B_74_1	1.0000	0.0000	0.1667	0.2887	1	0.2560	2.8868	0.0039
f1_B_16_0_A_4_0	f1_A_158_1_A_156_0	-0.8333	0.2887	0.0000	0.0000	1	-0.2560	-2.8868	0.0039
f1_B_16_0_A_4_0	f1_A_17_1_A_17_0	0.5000	0.0000	0.0000	0.0000	1	0.5000	inf	0.0000
f1_B_16_0_A_4_0	f1_A_19_1_A_14_1	0.5000	0.0000	0.0000	0.0000	1	0.5000	inf	0.0000
f1_B_16_0_A_4_0	f1_A_59_1_A_56_1	0.5000	0.0000	0.0000	0.0000	1	0.5000	inf	0.0000
f1_B_16_0_A_4_0	f1_A_5_0_A_27_0	-0.5000	0.0000	0.0000	0.0000	1	-0.5000	-inf	0.0000
f1_B_16_0_A_4_0	f1_A_6_1_A_27_0	-0.6667	0.2887	0.0000	0.0000	1	-0.0893	-2.3094	0.0209
f1_B_16_0_A_4_0	f1_B_12_0_A_140_1	0.8333	0.2887	0.0000	0.0000	1	0.2560	2.8868	0.0039
f1_B_16_0_A_4_0	f1_B_145_0_B_158_1	-0.6667	0.2887	0.0000	0.0000	1	-0.0893	-2.3094	0.0209
f1_B_16_0_A_4_0	f1_B_157_0_B_146_1	0.5000	0.0000	0.0000	0.0000	1	0.5000	inf	0.0000
f1_B_16_0_A_4_0	f1_B_168_1_B_190_0	-0.6667	0.2887	0.0000	0.0000	1	-0.0893	-2.3094	0.0209
f1_B_16_0_A_4_0	f1_B_16_0_A_4_0	1.0000	0.0000	0.0000	0.0000	1	1.0000	inf	0.0000
f1_B_16_0_A_4_0	f1_B_63_1_B_59_1	-0.6667	0.2887	0.0000	0.0000	1	-0.0893	-2.3094	0.0209
f1_B_16_0_A_4_0	f1_B_67_1_B_64_1	-0.8333	0.2887	0.0000	0.0000	1	-0.2560	-2.8868	0.0039
f1_B_16_0_A_4_0	f1_B_78_1_B_74_1	-0.6667	0.2887	0.0000	0.0000	1	-0.0893	-2.3094	0.0209
f1_B_179_0_B_177_0	f1_A_119_1_A_118_0	-0.5000	0.0000	0.0000	0.0000	1	-0.5000	-inf	0.0000
f1_B_179_0_B_177_0	f1_A_150_1_A_133_0	-0.5000	0.0000	0.0000	0.0000	1	-0.5000	-inf	0.0000
f1_B_179_0_B_177_0	f1_A_41_0_A_54_1	0.5000	0.0000	0.0000	0.0000	1	0.5000	inf	0.0000
f1_B_179_0_B_177_0	f1_A_75_1_A_72_1	-0.5000	0.0000	0.0000	0.0000	1	-0.5000	-inf	0.0000
f1_B_179_0_B_177_0	f1_B_104_0_B_114_1	1.0000	0.0000	0.0000	0.0000	1	1.0000	inf	0.0000
f1_B_179_0_B_177_0	f1_B_130_0_B_128_0	0.6667	0.2887	0.0000	0.0000	1	0.0893	2.3094	0.0209
f1_B_179_0_B_177_0	f1_B_130_0_B_137_0	-1.0000	0.0000	0.0000	0.0000	1	-1.0000	-inf	0.0000
f1_B_179_0_B_177_0	f1_B_131_0_B_160_1	-0.8333	0.2887	0.0000	0.0000	1	-0.2560	-2.8868	0.0039
f1_B_179_0_B_177_0	f1_B_179_0_B_177_0	1.0000	0.0000	0.0000	0.0000	1	1.0000	inf	0.0000
f1_B_179_0_B_177_0	f1_B_179_0_B_95_1	-0.8333	0.2887	0.0000	0.0000	1	-0.2560	-2.8868	0.0039
f1_B_179_0_B_177_0	f1_B_32_0_A_77_0	0.8333	0.2887	0.0000	0.0000	1	0.2560	2.8868	0.0039
f1_B_179_0_B_177_0	f1_B_51_0_B_36_1	-0.5000	0.0000	0.0000	0.0000	1	-0.5000	-inf	0.0000
f1_B_179_0_B_177_0	f1_B_57_1_B_54_1	-0.8333	0.2887	0.0000	0.0000	1	-0.2560	-2.8868	0.0039
f1_B_179_0_B_177_0	f1_B_59_1_B_55_1	-0.8333	0.2887	0.0000	0.0000	1	-0.2560	-2.8868	0.0039
f1_B_179_0_B_177_0	f1_B_60_1_B_56_1	-0.6667	0.2887	0.0000	0.0000	1	-0.0893	-2.3094	0.0209
f1_B_179_0_B_177_0	f1_B_60_1_B_57_1	0.6667	0.2887	0.0000	0.0000	1	0.0893	2.3094	0.0209
f1_B_179_0_B_177_0	f1_B_74_1_B_70_1	-0.5000	0.0000	0.0000	0.0000	1	-0.5000	-inf	0.0000
f1_B_179_0_B_177_0	f1_B_89_1_B_86_1	-0.5000	0.0000	0.0000	0.0000	1	-0.5000	-inf	0.0000
f1_B_179_0_B_177_0	f1_C_104_1_A_51_1	0.5000	0.0000	0.0000	0.0000	1	0.5000	inf	0.0000
f1_B_179_0_B_95_1	f1_B_104_0_B_114_1	-0.8333	0.2887	0.1667	0.2887	1	-0.1835	-2.4495	0.0143
f1_B_179_0_B_95_1	f1_B_130_0_B_137_0	0.8333	0.2887	-0.1667	0.2887	1	0.1835	2.4495	0.0143
f1_B_179_0_B_95_1	f1_B_179_0_B_177_0	-0.8333	0.2887	0.0000	0.0000	1	-0.2560	-2.8868	0.0039
f1_B_179_0_B_95_1	f1_B_29_0_A_141_0	0.5000	0.0000	-0.1667	0.2887	1	0.0893	2.3094	0.0209
f1_B_179_0_B_95_1	f1_B_32_0_A_77_0	-0.6667	0.2887	0.1667	0.2887	1	-0.0168	-2.0412	0.0412
f1_B_179_0_B_95_1	f1_B_57_1_B_54_1	0.6667	0.2887	-0.3333	0.2887	1	0.1835	2.4495	0.0143
f1_B_179_0_B_95_1	f1_B_59_1_B_55_1	0.6667	0.2887	-0.1667	0.2887	1	0.0168	2.0412	0.0412
f1_B_179_0_B_95_1	f1_B_74_1_B_70_1	0.6667	0.2887	-0.1667	0.2887	1	0.0168	2.0412	0.0412
f1_B_180_1_B_177_1	f1_A_124_0_A_159_0	-0.6667	0.2887	0.0000	0.0000	1	-0.0893	-2.3094	0.0209
f1_B_180_1_B_177_1	f1_A_30_1_A_29_0	-0.5000	0.5000	0.6667	0.2887	1	-0.0120	-2.0207	0.0433
f1_B_180_1_B_177_1	f1_A_49_1_A_45_1	-0.1667	0.2887	1.0000	0.0000	1	-0.5893	-4.0415	0.0001
f1_B_180_1_B_177_1	f1_A_53_1_C_105_1	0.8333	0.2887	0.0000	0.0000	1	0.2560	2.8868	0.0039
f1_B_180_1_B_177_1	f1_A_62_1_A_58_1	-0.3333	0.2887	0.8333	0.2887	1	-0.3502	-2.8577	0.0043
f1_B_180_1_B_177_1	f1_A_64_1_A_60_1	-0.6667	0.2887	0.5000	0.5000	1	-0.0120	-2.0207	0.0433
f1_B_180_1_B_177_1	f1_B_111_0_A_184_0	-0.3333	0.5774	1.0000	0.0000	1	-0.1786	-2.3094	0.0209
f1_B_29_0_A_141_0	f1_A_19_1_A_14_1	0.5000	0.0000	-0.1667	0.2887	1	0.0893	2.3094	0.0209
f1_B_29_0_A_141_0	f1_A_27_1_A_6_1	0.6667	0.2887	0.0000	0.0000	1	0.0893	2.3094	0.0209
f1_B_29_0_A_141_0	f1_A_41_0_A_54_1	0.6667	0.2887	0.0000	0.0000	1	0.0893	2.3094	0.0209
f1_B_29_0_A_141_0	f1_A_46_1_A_44_1	0.5000	0.0000	0.0000	0.0000	1	0.5000	inf	0.0000
f1_B_29_0_A_141_0	f1_A_53_1_C_105_1	0.5000	0.0000	0.0000	0.0000	1	0.5000	inf	0.0000
f1_B_29_0_A_141_0	f1_A_64_1_A_60_1	-0.6667	0.2887	0.1667	0.2887	1	-0.0168	-2.0412	0.0412
f1_B_29_0_A_141_0	f1_A_72_1_A_69_1	0.6667	0.2887	0.0000	0.0000	1	0.0893	2.3094	0.0209
f1_B_29_0_A_141_0	f1_B_153_1_A_29_0	-0.8333	0.2887	0.1667	0.2887	1	-0.1835	-2.4495	0.0143
f1_B_29_0_A_141_0	f1_B_157_0_B_146_1	0.5000	0.0000	0.0000	0.0000	1	0.5000	inf	0.0000
f1_B_29_0_A_141_0	f1_B_179_0_B_95_1	0.5000	0.0000	-0.1667	0.2887	1	0.0893	2.3094	0.0209
f1_B_29_0_A_141_0	f1_B_74_1_B_70_1	0.8333	0.2887	-0.1667	0.2887	1	0.1835	2.4495	0.0143
f1_B_29_0_A_141_0	f1_B_80_0_B_76_0	0.5000	0.0000	0.0000	0.0000	1	0.5000	inf	0.0000
f1_B_29_0_A_141_0	f1_C_104_1_A_51_1	0.6667	0.2887	0.0000	0.0000	1	0.0893	2.3094	0.0209
f1_B_32_0_A_77_0	f1_A_150_1_A_133_0	-0.6667	0.2887	0.0000	0.0000	1	-0.0893	-2.3094	0.0209
f1_B_32_0_A_77_0	f1_A_158_1_A_156_0	0.6667	0.2887	-0.1667	0.2887	1	0.0168	2.0412	0.0412
f1_B_32_0_A_77_0	f1_A_19_1_A_14_1	-0.6667	0.2887	0.1667	0.2887	1	-0.0168	-2.0412	0.0412
f1_B_32_0_A_77_0	f1_B_104_0_B_114_1	0.8333	0.2887	0.0000	0.0000	1	0.2560	2.8868	0.0039
f1_B_32_0_A_77_0	f1_B_130_0_B_137_0	-0.8333	0.2887	0.1667	0.2887	1	-0.1835	-2.4495	0.0143
f1_B_32_0_A_77_0	f1_B_131_0_B_160_1	-0.6667	0.2887	0.1667	0.2887	1	-0.0168	-2.0412	0.0412
f1_B_32_0_A_77_0	f1_B_157_0_B_146_1	-0.6667	0.2887	0.0000	0.0000	1	-0.0893	-2.3094	0.0209
f1_B_32_0_A_77_0	f1_B_179_0_B_177_0	0.8333	0.2887	0.0000	0.0000	1	0.2560	2.8868	0.0039
f1_B_32_0_A_77_0	f1_B_179_0_B_95_1	-0.6667	0.2887	0.1667	0.2887	1	-0.0168	-2.0412	0.0412
f1_B_32_0_A_77_0	f1_B_57_1_B_54_1	-0.6667	0.2887	0.1667	0.2887	1	-0.0168	-2.0412	0.0412
f1_B_32_0_A_77_0	f1_B_59_1_B_55_1	-0.6667	0.2887	0.0000	0.0000	1	-0.0893	-2.3094	0.0209
f1_B_32_0_A_77_0	f1_B_74_1_B_70_1	-0.6667	0.2887	0.0000	0.0000	1	-0.0893	-2.3094	0.0209
f1_B_44_1_B_41_1	f1_A_101_1_A_98_1	1.0000	0.0000	-0.1667	0.2887	1	0.5893	4.0415	0.0001
f1_B_44_1_B_41_1	f1_A_19_0_A_17_1	0.5000	0.0000	0.0000	0.0000	1	0.5000	inf	0.0000
f1_B_44_1_B_41_1	f1_A_27_1_A_6_1	-0.6667	0.2887	0.0000	0.0000	1	-0.0893	-2.3094	0.0209
f1_B_44_1_B_41_1	f1_A_59_1_A_56_1	-0.8333	0.2887	0.0000	0.0000	1	-0.2560	-2.8868	0.0039
f1_B_44_1_B_41_1	f1_A_75_1_A_72_1	-0.8333	0.2887	0.1667	0.2887	1	-0.1835	-2.4495	0.0143
f1_B_44_1_B_41_1	f1_B_145_0_B_158_1	-0.5000	0.0000	0.0000	0.0000	1	-0.5000	-inf	0.0000
f1_B_44_1_B_41_1	f1_B_6_0_B_4_1	0.8333	0.2887	0.0000	0.0000	1	0.2560	2.8868	0.0039
f1_B_44_1_B_41_1	f1_B_76_1_B_73_1	0.8333	0.2887	0.0000	0.0000	1	0.2560	2.8868	0.0039
f1_B_44_1_B_41_1	f1_B_80_0_B_76_0	0.6667	0.2887	0.0000	0.0000	1	0.0893	2.3094	0.0209
f1_B_48_0_B_47_1	f1_A_121_0_A_149_0	0.0000	0.0000	-0.6667	0.2887	1	0.0893	2.3094	0.0209
f1_B_48_0_B_47_1	f1_A_130_0_A_150_1	0.0000	0.0000	0.8333	0.2887	1	-0.2560	-2.8868	0.0039
f1_B_48_0_B_47_1	f1_A_140_1_A_144_1	0.0000	0.0000	-0.8333	0.2887	1	0.2560	2.8868	0.0039
f1_B_48_0_B_47_1	f1_A_44_0_A_133_1	0.0000	0.0000	0.8333	0.2887	1	-0.2560	-2.8868	0.0039
f1_B_48_0_B_47_1	f1_A_62_1_A_58_1	0.0000	0.0000	0.6667	0.2887	1	-0.0893	-2.3094	0.0209
f1_B_48_0_B_47_1	f1_A_80_1_A_77_1	0.0000	0.0000	0.6667	0.2887	1	-0.0893	-2.3094	0.0209
f1_B_48_0_B_47_1	f1_B_114_1_B_104_1	0.0000	0.0000	-1.0000	0.0000	1	1.0000	inf	0.0000
f1_B_48_0_B_47_1	f1_B_51_1_B_37_1	-0.1667	0.2887	1.0000	0.0000	1	-0.5893	-4.0415	0.0001
f1_B_48_0_B_47_1	f1_B_70_1_B_67_1	0.0000	0.0000	-0.6667	0.2887	1	0.0893	2.3094	0.0209
f1_B_48_0_B_47_1	f1_B_83_0_B_87_0	0.0000	0.0000	0.8333	0.2887	1	-0.2560	-2.8868	0.0039
f1_B_48_0_B_47_1	f1_B_94_0_B_178_1	-0.1667	0.2887	0.8333	0.2887	1	-0.1835	-2.4495	0.0143
f1_B_51_0_B_36_1	f1_A_6_1_A_27_0	-0.5000	0.0000	0.1667	0.2887	1	-0.0893	-2.3094	0.0209
f1_B_51_0_B_36_1	f1_A_95_1_A_103_0	0.5000	0.0000	-0.1667	0.2887	1	0.0893	2.3094	0.0209
f1_B_51_0_B_36_1	f1_B_104_0_B_114_1	-0.5000	0.0000	0.1667	0.2887	1	-0.0893	-2.3094	0.0209
f1_B_51_0_B_36_1	f1_B_179_0_B_177_0	-0.5000	0.0000	0.0000	0.0000	1	-0.5000	-inf	0.0000
f1_B_51_0_B_36_1	f1_B_81_0_C_106_1	0.0000	0.0000	-0.6667	0.2887	1	0.0893	2.3094	0.0209
f1_B_51_1_B_37_1	f1_A_121_0_A_149_0	0.1667	0.2887	-0.6667	0.2887	1	0.0168	2.0412	0.0412
f1_B_51_1_B_37_1	f1_A_130_0_A_150_1	0.0000	0.0000	0.8333	0.2887	1	-0.2560	-2.8868	0.0039
f1_B_51_1_B_37_1	f1_A_44_0_A_133_1	0.0000	0.0000	0.8333	0.2887	1	-0.2560	-2.8868	0.0039
f1_B_51_1_B_37_1	f1_B_114_1_B_104_1	-0.1667	0.2887	-1.0000	0.0000	1	0.2560	2.8868	0.0039
f1_B_51_1_B_37_1	f1_B_48_0_B_47_1	-0.1667	0.2887	1.0000	0.0000	1	-0.5893	-4.0415	0.0001
f1_B_51_1_B_37_1	f1_B_83_0_B_87_0	0.0000	0.0000	0.8333	0.2887	1	-0.2560	-2.8868	0.0039
f1_B_51_1_B_37_1	f1_B_94_0_B_178_1	-0.1667	0.2887	0.8333	0.2887	1	-0.1835	-2.4495	0.0143
f1_B_55_1_B_52_1	f1_A_144_1_A_142_1	0.8333	0.2887	0.0000	0.0000	1	0.2560	2.8868	0.0039
f1_B_55_1_B_52_1	f1_A_46_1_A_44_1	-0.6667	0.2887	0.5000	0.5000	1	-0.0120	-2.0207	0.0433
f1_B_55_1_B_52_1	f1_A_6_1_A_27_0	-0.6667	0.2887	0.0000	0.0000	1	-0.0893	-2.3094	0.0209
f1_B_55_1_B_52_1	f1_A_95_1_A_103_0	0.6667	0.2887	0.0000	0.0000	1	0.0893	2.3094	0.0209
f1_B_57_1_B_54_1	f1_B_104_0_B_114_1	-0.8333	0.2887	0.1667	0.2887	1	-0.1835	-2.4495	0.0143
f1_B_57_1_B_54_1	f1_B_179_0_B_177_0	-0.8333	0.2887	0.0000	0.0000	1	-0.2560	-2.8868	0.0039
f1_B_57_1_B_54_1	f1_B_179_0_B_95_1	0.6667	0.2887	-0.3333	0.2887	1	0.1835	2.4495	0.0143
f1_B_57_1_B_54_1	f1_B_32_0_A_77_0	-0.6667	0.2887	0.1667	0.2887	1	-0.0168	-2.0412	0.0412
f1_B_57_1_B_54_1	f1_B_60_1_B_56_1	0.8333	0.2887	-0.6667	0.5774	1	0.2090	2.3238	0.0201
f1_B_57_1_B_54_1	f1_B_60_1_B_57_1	-0.8333	0.2887	0.5000	0.5000	1	-0.1786	-2.3094	0.0209
f1_B_58_1_B_54_1	f1_A_124_0_A_159_0	-0.5000	0.0000	0.0000	0.0000	1	-0.5000	-inf	0.0000
f1_B_58_1_B_54_1	f1_A_144_1_A_142_1	-0.8333	0.2887	0.0000	0.0000	1	-0.2560	-2.8868	0.0039
f1_B_58_1_B_54_1	f1_A_150_1_A_133_0	0.6667	0.2887	0.0000	0.0000	1	0.0893	2.3094	0.0209
f1_B_58_1_B_54_1	f1_A_53_1_C_105_1	0.6667	0.2887	0.0000	0.0000	1	0.0893	2.3094	0.0209
f1_B_58_1_B_54_1	f1_A_64_1_A_60_1	-0.8333	0.2887	0.0000	0.0000	1	-0.2560	-2.8868	0.0039
f1_B_58_1_B_54_1	f1_A_72_1_A_69_1	0.8333	0.2887	0.0000	0.0000	1	0.2560	2.8868	0.0039
f1_B_58_1_B_54_1	f1_B_106_1_B_113_0	0.6667	0.2887	0.0000	0.0000	1	0.0893	2.3094	0.0209
f1_B_58_1_B_54_1	f1_B_153_1_A_29_0	-0.6667	0.2887	0.1667	0.2887	1	-0.0168	-2.0412	0.0412
f1_B_59_1_B_55_1	f1_A_41_0_A_54_1	-0.6667	0.2887	0.0000	0.0000	1	-0.0893	-2.3094	0.0209
f1_B_59_1_B_55_1	f1_A_50_0_A_47_0	-0.6667	0.2887	0.1667	0.2887	1	-0.0168	-2.0412	0.0412
f1_B_59_1_B_55_1	f1_A_50_1_A_47_1	-0.5000	0.0000	0.0000	0.0000	1	-0.5000	-inf	0.0000
f1_B_59_1_B_55_1	f1_B_131_0_B_160_1	0.6667	0.2887	0.0000	0.0000	1	0.0893	2.3094	0.0209
f1_B_59_1_B_55_1	f1_B_179_0_B_177_0	-0.8333	0.2887	0.0000	0.0000	1	-0.2560	-2.8868	0.0039
f1_B_59_1_B_55_1	f1_B_179_0_B_95_1	0.6667	0.2887	-0.1667	0.2887	1	0.0168	2.0412	0.0412
f1_B_59_1_B_55_1	f1_B_32_0_A_77_0	-0.6667	0.2887	0.0000	0.0000	1	-0.0893	-2.3094	0.0209
f1_B_60_1_B_56_1	f1_B_157_0_B_146_1	0.5000	0.0000	0.0000	0.0000	1	0.5000	inf	0.0000
f1_B_60_1_B_56_1	f1_B_179_0_B_177_0	-0.6667	0.2887	0.0000	0.0000	1	-0.0893	-2.3094	0.0209
f1_B_60_1_B_56_1	f1_B_57_1_B_54_1	0.8333	0.2887	-0.6667	0.5774	1	0.2090	2.3238	0.0201
f1_B_60_1_B_57_1	f1_B_104_0_B_114_1	0.6667	0.2887	-0.1667	0.2887	1	0.0168	2.0412	0.0412
f1_B_60_1_B_57_1	f1_B_157_0_B_146_1	-0.5000	0.0000	0.0000	0.0000	1	-0.5000	-inf	0.0000
f1_B_60_1_B_57_1	f1_B_179_0_B_177_0	0.6667	0.2887	0.0000	0.0000	1	0.0893	2.3094	0.0209
f1_B_60_1_B_57_1	f1_B_57_1_B_54_1	-0.8333	0.2887	0.5000	0.5000	1	-0.1786	-2.3094	0.0209
f1_B_60_1_B_57_1	f1_B_74_1_B_70_1	-0.8333	0.2887	0.5000	0.5000	1	-0.1786	-2.3094	0.0209
f1_B_60_1_B_57_1	f1_B_83_0_B_87_0	0.0000	0.0000	-0.6667	0.2887	1	0.0893	2.3094	0.0209
f1_B_62_0_B_46_0	f1_B_93_0_B_89_1	0.0000	0.0000	-0.6667	0.2887	1	0.0893	2.3094	0.0209
f1_B_62_1_B_58_1	f1_A_101_1_A_98_1	-0.6667	0.2887	0.3333	0.2887	1	-0.1835	-2.4495	0.0143
f1_B_62_1_B_58_1	f1_A_19_0_A_17_1	-0.8333	0.2887	0.0000	0.0000	1	-0.2560	-2.8868	0.0039
f1_B_62_1_B_58_1	f1_A_5_0_A_27_0	0.6667	0.2887	-0.1667	0.2887	1	0.0168	2.0412	0.0412
f1_B_62_1_B_58_1	f1_B_6_0_B_4_1	-0.8333	0.2887	0.0000	0.0000	1	-0.2560	-2.8868	0.0039
f1_B_62_1_B_58_1	f1_B_72_0_B_69_0	-0.5000	0.0000	0.6667	0.2887	1	-0.5893	-4.0415	0.0001
f1_B_62_1_B_58_1	f1_B_76_1_B_73_1	-0.8333	0.2887	0.0000	0.0000	1	-0.2560	-2.8868	0.0039
f1_B_62_1_B_58_1	f1_B_80_0_B_76_0	-0.6667	0.2887	0.0000	0.0000	1	-0.0893	-2.3094	0.0209
f1_B_62_1_B_58_1	f1_B_81_0_C_106_1	0.0000	0.0000	-0.8333	0.2887	1	0.2560	2.8868	0.0039
f1_B_63_1_B_59_1	f1_A_119_1_A_118_0	-0.5000	0.0000	0.1667	0.2887	1	-0.0893	-2.3094	0.0209
f1_B_63_1_B_59_1	f1_A_144_1_A_142_1	-0.5000	0.0000	0.0000	0.0000	1	-0.5000	-inf	0.0000
f1_B_63_1_B_59_1	f1_A_28_1_A_25_0	0.5000	0.0000	-0.1667	0.2887	1	0.0893	2.3094	0.0209
f1_B_63_1_B_59_1	f1_A_41_0_A_54_1	0.5000	0.0000	-0.1667	0.2887	1	0.0893	2.3094	0.0209
f1_B_63_1_B_59_1	f1_A_6_1_A_27_0	1.0000	0.0000	0.0000	0.0000	1	1.0000	inf	0.0000
f1_B_63_1_B_59_1	f1_A_75_1_A_72_1	-0.5000	0.0000	0.1667	0.2887	1	-0.0893	-2.3094	0.0209
f1_B_63_1_B_59_1	f1_B_12_0_A_140_1	-0.5000	0.0000	0.0000	0.0000	1	-0.5000	-inf	0.0000
f1_B_63_1_B_59_1	f1_B_130_0_B_128_0	0.6667	0.2887	0.0000	0.0000	1	0.0893	2.3094	0.0209
f1_B_63_1_B_59_1	f1_B_145_0_B_158_1	0.6667	0.2887	0.0000	0.0000	1	0.0893	2.3094	0.0209
f1_B_63_1_B_59_1	f1_B_16_0_A_4_0	-0.6667	0.2887	0.0000	0.0000	1	-0.0893	-2.3094	0.0209
f1_B_63_1_B_59_1	f1_B_67_1_B_64_1	0.5000	0.0000	0.0000	0.0000	1	0.5000	inf	0.0000
f1_B_67_1_B_64_1	f1_A_50_1_A_47_1	-0.6667	0.2887	0.0000	0.0000	1	-0.0893	-2.3094	0.0209
f1_B_67_1_B_64_1	f1_A_5_0_A_27_0	0.6667	0.2887	0.0000	0.0000	1	0.0893	2.3094	0.0209
f1_B_67_1_B_64_1	f1_A_71_1_A_67_1	-0.6667	0.2887	0.5000	0.5000	1	-0.0120	-2.0207	0.0433
f1_B_67_1_B_64_1	f1_B_16_0_A_4_0	-0.8333	0.2887	0.0000	0.0000	1	-0.2560	-2.8868	0.0039
f1_B_67_1_B_64_1	f1_B_63_1_B_59_1	0.5000	0.0000	0.0000	0.0000	1	0.5000	inf	0.0000
f1_B_67_1_B_64_1	f1_B_6_0_B_4_1	-0.5000	0.0000	0.0000	0.0000	1	-0.5000	-inf	0.0000
f1_B_67_1_B_64_1	f1_B_71_0_B_47_0	-0.5000	0.0000	0.6667	0.5774	1	-0.0120	-2.0207	0.0433
f1_B_67_1_B_64_1	f1_B_76_1_B_73_1	-0.5000	0.0000	0.0000	0.0000	1	-0.5000	-inf	0.0000
f1_B_6_0_B_4_1	f1_A_101_1_A_98_1	0.8333	0.2887	0.0000	0.0000	1	0.2560	2.8868	0.0039
f1_B_6_0_B_4_1	f1_A_150_1_A_133_0	0.5000	0.0000	0.0000	0.0000	1	0.5000	inf	0.0000
f1_B_6_0_B_4_1	f1_A_156_0_A_159_0	0.5000	0.0000	0.0000	0.0000	1	0.5000	inf	0.0000
f1_B_6_0_B_4_1	f1_A_19_0_A_17_1	0.6667	0.2887	0.0000	0.0000	1	0.0893	2.3094	0.0209
f1_B_6_0_B_4_1	f1_A_27_1_A_6_1	-0.5000	0.0000	0.0000	0.0000	1	-0.5000	-inf	0.0000
f1_B_6_0_B_4_1	f1_A_28_1_A_25_0	-0.5000	0.0000	0.0000	0.0000	1	-0.5000	-inf	0.0000
f1_B_6_0_B_4_1	f1_A_59_1_A_56_1	-0.6667	0.2887	0.0000	0.0000	1	-0.0893	-2.3094	0.0209
f1_B_6_0_B_4_1	f1_B_145_0_B_158_1	-0.6667	0.2887	0.0000	0.0000	1	-0.0893	-2.3094	0.0209
f1_B_6_0_B_4_1	f1_B_153_1_A_29_0	-0.5000	0.0000	0.0000	0.0000	1	-0.5000	-inf	0.0000
f1_B_6_0_B_4_1	f1_B_44_1_B_41_1	0.8333	0.2887	0.0000	0.0000	1	0.2560	2.8868	0.0039
f1_B_6_0_B_4_1	f1_B_62_1_B_58_1	-0.8333	0.2887	0.0000	0.0000	1	-0.2560	-2.8868	0.0039
f1_B_6_0_B_4_1	f1_B_67_1_B_64_1	-0.5000	0.0000	0.0000	0.0000	1	-0.5000	-inf	0.0000
f1_B_6_0_B_4_1	f1_B_6_0_B_4_1	1.0000	0.0000	0.0000	0.0000	1	1.0000	inf	0.0000
f1_B_6_0_B_4_1	f1_B_71_0_B_47_0	1.0000	0.0000	0.0000	0.0000	1	1.0000	inf	0.0000
f1_B_6_0_B_4_1	f1_B_76_1_B_73_1	1.0000	0.0000	0.0000	0.0000	1	1.0000	inf	0.0000
f1_B_6_0_B_4_1	f1_B_80_0_B_76_0	0.8333	0.2887	0.0000	0.0000	1	0.2560	2.8868	0.0039
f1_B_6_0_B_4_1	f1_B_86_1_B_83_1	0.6667	0.2887	0.0000	0.0000	1	0.0893	2.3094	0.0209
f1_B_6_0_B_4_1	f1_B_91_1_B_87_1	0.5000	0.0000	0.0000	0.0000	1	0.5000	inf	0.0000
f1_B_70_1_B_67_1	f1_A_121_0_A_149_0	-0.3333	0.5774	1.0000	0.0000	1	-0.1786	-2.3094	0.0209
f1_B_70_1_B_67_1	f1_A_130_0_A_150_1	0.1667	0.2887	-0.8333	0.2887	1	0.1835	2.4495	0.0143
f1_B_70_1_B_67_1	f1_A_156_0_A_158_0	0.0000	0.0000	0.8333	0.2887	1	-0.2560	-2.8868	0.0039
f1_B_70_1_B_67_1	f1_A_30_1_A_29_0	0.1667	0.2887	-0.8333	0.2887	1	0.1835	2.4495	0.0143
f1_B_70_1_B_67_1	f1_A_44_0_A_133_1	0.0000	0.0000	-0.8333	0.2887	1	0.2560	2.8868	0.0039
f1_B_70_1_B_67_1	f1_A_49_1_A_45_1	0.0000	0.0000	-0.8333	0.2887	1	0.2560	2.8868	0.0039
f1_B_70_1_B_67_1	f1_B_111_0_A_184_0	0.1667	0.2887	-0.8333	0.2887	1	0.1835	2.4495	0.0143
f1_B_70_1_B_67_1	f1_B_114_1_B_104_1	-0.3333	0.2887	0.6667	0.2887	1	-0.1835	-2.4495	0.0143
f1_B_70_1_B_67_1	f1_B_48_0_B_47_1	0.0000	0.0000	-0.6667	0.2887	1	0.0893	2.3094	0.0209
f1_B_70_1_B_67_1	f1_B_71_1_B_67_1	-0.1667	0.2887	0.8333	0.2887	1	-0.1835	-2.4495	0.0143
f1_B_71_0_B_47_0	f1_A_101_1_A_98_1	0.8333	0.2887	-0.1667	0.2887	1	0.1835	2.4495	0.0143
f1_B_71_0_B_47_0	f1_A_150_1_A_133_0	0.5000	0.0000	-0.6667	0.5774	1	0.0120	2.0207	0.0433
f1_B_71_0_B_47_0	f1_A_19_0_A_17_1	0.6667	0.2887	0.0000	0.0000	1	0.0893	2.3094	0.0209
f1_B_71_0_B_47_0	f1_A_27_1_A_6_1	-0.5000	0.0000	0.0000	0.0000	1	-0.5000	-inf	0.0000
f1_B_71_0_B_47_0	f1_B_67_1_B_64_1	-0.5000	0.0000	0.6667	0.5774	1	-0.0120	-2.0207	0.0433
f1_B_71_0_B_47_0	f1_B_6_0_B_4_1	1.0000	0.0000	0.0000	0.0000	1	1.0000	inf	0.0000
f1_B_71_0_B_47_0	f1_B_76_1_B_73_1	1.0000	0.0000	0.0000	0.0000	1	1.0000	inf	0.0000
f1_B_71_0_B_47_0	f1_B_80_0_B_76_0	0.8333	0.2887	0.0000	0.0000	1	0.2560	2.8868	0.0039
f1_B_71_1_B_67_1	f1_A_121_0_A_149_0	0.0000	0.0000	0.8333	0.2887	1	-0.2560	-2.8868	0.0039
f1_B_71_1_B_67_1	f1_A_130_0_A_150_1	0.1667	0.2887	-0.6667	0.2887	1	0.0168	2.0412	0.0412
f1_B_71_1_B_67_1	f1_A_30_1_A_29_0	0.3333	0.2887	-1.0000	0.0000	1	0.7560	4.6188	0.0000
f1_B_71_1_B_67_1	f1_A_44_0_A_133_1	0.0000	0.0000	-0.6667	0.2887	1	0.0893	2.3094	0.0209
f1_B_71_1_B_67_1	f1_A_49_1_A_45_1	0.1667	0.2887	-0.6667	0.2887	1	0.0168	2.0412	0.0412
f1_B_71_1_B_67_1	f1_B_111_0_A_184_0	0.1667	0.2887	-0.6667	0.2887	1	0.0168	2.0412	0.0412
f1_B_71_1_B_67_1	f1_B_70_1_B_67_1	-0.1667	0.2887	0.8333	0.2887	1	-0.1835	-2.4495	0.0143
f1_B_71_1_B_67_1	f1_C_105_1_A_51_1	0.1667	0.2887	-0.6667	0.2887	1	0.0168	2.0412	0.0412
f1_B_71_1_B_67_1	f1_C_106_0_A_55_0	-0.1667	0.2887	0.6667	0.2887	1	-0.0168	-2.0412	0.0412
f1_B_72_0_B_69_0	f1_A_124_0_A_159_0	-0.6667	0.2887	0.0000	0.0000	1	-0.0893	-2.3094	0.0209
f1_B_72_0_B_69_0	f1_A_19_0_A_17_1	0.6667	0.2887	0.0000	0.0000	1	0.0893	2.3094	0.0209
f1_B_72_0_B_69_0	f1_A_50_1_A_46_1	-0.6667	0.2887	0.6667	0.2887	1	-0.5168	-3.2660	0.0011
f1_B_72_0_B_69_0	f1_A_68_1_A_64_1	0.6667	0.2887	-0.8333	0.2887	1	0.6835	3.6742	0.0002
f1_B_72_0_B_69_0	f1_A_95_1_A_103_0	0.6667	0.2887	-0.1667	0.2887	1	0.0168	2.0412	0.0412
f1_B_72_0_B_69_0	f1_B_145_1_B_158_1	0.5000	0.5000	-1.0000	0.0000	1	0.5000	3.0000	0.0027
f1_B_72_0_B_69_0	f1_B_62_1_B_58_1	-0.5000	0.0000	0.6667	0.2887	1	-0.5893	-4.0415	0.0001
f1_B_72_0_B_69_0	f1_B_81_0_C_106_1	0.0000	0.0000	-0.8333	0.2887	1	0.2560	2.8868	0.0039
f1_B_72_0_B_69_0	f1_C_106_0_A_55_0	-0.3333	0.2887	-1.0000	0.0000	1	0.0893	2.3094	0.0209
f1_B_73_1_B_69_1	f1_A_140_1_A_144_1	0.1667	0.2887	-0.8333	0.2887	1	0.1835	2.4495	0.0143
f1_B_74_1_B_70_1	f1_A_27_1_A_6_1	0.5000	0.0000	0.0000	0.0000	1	0.5000	inf	0.0000
f1_B_74_1_B_70_1	f1_A_28_1_A_25_0	0.5000	0.0000	-0.1667	0.2887	1	0.0893	2.3094	0.0209
f1_B_74_1_B_70_1	f1_A_41_0_A_54_1	0.5000	0.0000	0.0000	0.0000	1	0.5000	inf	0.0000
f1_B_74_1_B_70_1	f1_B_104_0_B_114_1	-0.5000	0.0000	0.1667	0.2887	1	-0.0893	-2.3094	0.0209
f1_B_74_1_B_70_1	f1_B_157_0_B_146_1	0.6667	0.2887	0.0000	0.0000	1	0.0893	2.3094	0.0209
f1_B_74_1_B_70_1	f1_B_179_0_B_177_0	-0.5000	0.0000	0.0000	0.0000	1	-0.5000	-inf	0.0000
f1_B_74_1_B_70_1	f1_B_179_0_B_95_1	0.6667	0.2887	-0.1667	0.2887	1	0.0168	2.0412	0.0412
f1_B_74_1_B_70_1	f1_B_29_0_A_141_0	0.8333	0.2887	-0.1667	0.2887	1	0.1835	2.4495	0.0143
f1_B_74_1_B_70_1	f1_B_32_0_A_77_0	-0.6667	0.2887	0.0000	0.0000	1	-0.0893	-2.3094	0.0209
f1_B_74_1_B_70_1	f1_B_60_1_B_57_1	-0.8333	0.2887	0.5000	0.5000	1	-0.1786	-2.3094	0.0209
f1_B_76_1_B_73_1	f1_A_101_1_A_98_1	0.8333	0.2887	0.0000	0.0000	1	0.2560	2.8868	0.0039
f1_B_76_1_B_73_1	f1_A_150_1_A_133_0	0.5000	0.0000	0.0000	0.0000	1	0.5000	inf	0.0000
f1_B_76_1_B_73_1	f1_A_156_0_A_159_0	0.5000	0.0000	0.0000	0.0000	1	0.5000	inf	0.0000
f1_B_76_1_B_73_1	f1_A_19_0_A_17_1	0.6667	0.2887	0.0000	0.0000	1	0.0893	2.3094	0.0209
f1_B_76_1_B_73_1	f1_A_27_1_A_6_1	-0.5000	0.0000	0.0000	0.0000	1	-0.5000	-inf	0.0000
f1_B_76_1_B_73_1	f1_A_28_1_A_25_0	-0.5000	0.0000	0.0000	0.0000	1	-0.5000	-inf	0.0000
f1_B_76_1_B_73_1	f1_A_59_1_A_56_1	-0.6667	0.2887	0.0000	0.0000	1	-0.0893	-2.3094	0.0209
f1_B_76_1_B_73_1	f1_B_145_0_B_158_1	-0.6667	0.2887	0.0000	0.0000	1	-0.0893	-2.3094	0.0209
f1_B_76_1_B_73_1	f1_B_153_1_A_29_0	-0.5000	0.0000	0.0000	0.0000	1	-0.5000	-inf	0.0000
f1_B_76_1_B_73_1	f1_B_44_1_B_41_1	0.8333	0.2887	0.0000	0.0000	1	0.2560	2.8868	0.0039
f1_B_76_1_B_73_1	f1_B_62_1_B_58_1	-0.8333	0.2887	0.0000	0.0000	1	-0.2560	-2.8868	0.0039
f1_B_76_1_B_73_1	f1_B_67_1_B_64_1	-0.5000	0.0000	0.0000	0.0000	1	-0.5000	-inf	0.0000
f1_B_76_1_B_73_1	f1_B_6_0_B_4_1	1.0000	0.0000	0.0000	0.0000	1	1.0000	inf	0.0000
f1_B_76_1_B_73_1	f1_B_71_0_B_47_0	1.0000	0.0000	0.0000	0.0000	1	1.0000	inf	0.0000
f1_B_76_1_B_73_1	f1_B_76_1_B_73_1	1.0000	0.0000	0.0000	0.0000	1	1.0000	inf	0.0000
f1_B_76_1_B_73_1	f1_B_80_0_B_76_0	0.8333	0.2887	0.0000	0.0000	1	0.2560	2.8868	0.0039
f1_B_76_1_B_73_1	f1_B_86_1_B_83_1	0.6667	0.2887	0.0000	0.0000	1	0.0893	2.3094	0.0209
f1_B_76_1_B_73_1	f1_B_91_1_B_87_1	0.5000	0.0000	0.0000	0.0000	1	0.5000	inf	0.0000
f1_B_78_1_B_74_1	f1_A_124_0_A_159_0	-0.5000	0.0000	0.0000	0.0000	1	-0.5000	-inf	0.0000
f1_B_78_1_B_74_1	f1_A_50_0_A_47_0	-0.6667	0.2887	0.6667	0.5774	1	-0.0423	-2.0656	0.0389
f1_B_78_1_B_74_1	f1_A_53_1_C_105_1	0.6667	0.2887	0.0000	0.0000	1	0.0893	2.3094	0.0209
f1_B_78_1_B_74_1	f1_A_59_1_A_56_1	-0.8333	0.2887	0.0000	0.0000	1	-0.2560	-2.8868	0.0039
f1_B_78_1_B_74_1	f1_B_168_1_B_190_0	1.0000	0.0000	0.1667	0.2887	1	0.2560	2.8868	0.0039
f1_B_78_1_B_74_1	f1_B_16_0_A_4_0	-0.6667	0.2887	0.0000	0.0000	1	-0.0893	-2.3094	0.0209
f1_B_78_1_B_74_1	f2_MHCII	0.8527	0.1967	-0.1798	0.2637	1	0.3746	3.1388	0.0017
f1_B_80_0_B_76_0	f1_A_101_1_A_98_1	0.6667	0.2887	0.0000	0.0000	1	0.0893	2.3094	0.0209
f1_B_80_0_B_76_0	f1_A_156_0_A_159_0	0.6667	0.2887	0.0000	0.0000	1	0.0893	2.3094	0.0209
f1_B_80_0_B_76_0	f1_A_19_0_A_17_1	0.8333	0.2887	0.0000	0.0000	1	0.2560	2.8868	0.0039
f1_B_80_0_B_76_0	f1_A_50_0_A_47_0	0.5000	0.0000	0.0000	0.0000	1	0.5000	inf	0.0000
f1_B_80_0_B_76_0	f1_A_59_1_A_56_1	-0.5000	0.0000	0.0000	0.0000	1	-0.5000	-inf	0.0000
f1_B_80_0_B_76_0	f1_B_153_1_A_29_0	-0.6667	0.2887	0.0000	0.0000	1	-0.0893	-2.3094	0.0209
f1_B_80_0_B_76_0	f1_B_29_0_A_141_0	0.5000	0.0000	0.0000	0.0000	1	0.5000	inf	0.0000
f1_B_80_0_B_76_0	f1_B_44_1_B_41_1	0.6667	0.2887	0.0000	0.0000	1	0.0893	2.3094	0.0209
f1_B_80_0_B_76_0	f1_B_62_1_B_58_1	-0.6667	0.2887	0.0000	0.0000	1	-0.0893	-2.3094	0.0209
f1_B_80_0_B_76_0	f1_B_6_0_B_4_1	0.8333	0.2887	0.0000	0.0000	1	0.2560	2.8868	0.0039
f1_B_80_0_B_76_0	f1_B_71_0_B_47_0	0.8333	0.2887	0.0000	0.0000	1	0.2560	2.8868	0.0039
f1_B_80_0_B_76_0	f1_B_76_1_B_73_1	0.8333	0.2887	0.0000	0.0000	1	0.2560	2.8868	0.0039
f1_B_80_0_B_76_0	f1_B_80_0_B_76_0	1.0000	0.0000	0.0000	0.0000	1	1.0000	inf	0.0000
f1_B_80_0_B_76_0	f1_B_86_1_B_83_1	0.8333	0.2887	0.0000	0.0000	1	0.2560	2.8868	0.0039
f1_B_80_0_B_76_0	f1_B_91_1_B_87_1	0.6667	0.2887	0.0000	0.0000	1	0.0893	2.3094	0.0209
f1_B_81_0_C_106_1	f1_A_17_1_A_17_0	0.0000	0.0000	0.8333	0.2887	1	-0.2560	-2.8868	0.0039
f1_B_81_0_C_106_1	f1_A_50_1_A_46_1	0.0000	0.0000	-0.8333	0.2887	1	0.2560	2.8868	0.0039
f1_B_81_0_C_106_1	f1_A_68_1_A_64_1	0.0000	0.0000	1.0000	0.0000	1	-1.0000	-inf	0.0000
f1_B_81_0_C_106_1	f1_B_145_1_B_158_1	0.0000	0.0000	0.8333	0.2887	1	-0.2560	-2.8868	0.0039
f1_B_81_0_C_106_1	f1_B_51_0_B_36_1	0.0000	0.0000	-0.6667	0.2887	1	0.0893	2.3094	0.0209
f1_B_81_0_C_106_1	f1_B_62_1_B_58_1	0.0000	0.0000	-0.8333	0.2887	1	0.2560	2.8868	0.0039
f1_B_81_0_C_106_1	f1_B_72_0_B_69_0	0.0000	0.0000	-0.8333	0.2887	1	0.2560	2.8868	0.0039
f1_B_81_0_C_106_1	f1_B_81_0_C_106_1	0.0000	0.0000	1.0000	0.0000	1	-1.0000	-inf	0.0000
f1_B_81_0_C_106_1	f1_C_106_0_A_55_0	0.0000	0.0000	0.8333	0.2887	1	-0.2560	-2.8868	0.0039
f1_B_81_0_C_106_1	f2_MHCII	0.0000	0.0000	-0.9643	0.0617	1	0.8410	15.6391	0.0000
f1_B_83_0_B_87_0	f1_A_130_0_A_150_1	0.0000	0.0000	0.6667	0.2887	1	-0.0893	-2.3094	0.0209
f1_B_83_0_B_87_0	f1_A_140_1_A_144_1	0.0000	0.0000	-0.6667	0.2887	1	0.0893	2.3094	0.0209
f1_B_83_0_B_87_0	f1_A_144_1_A_142_0	0.0000	0.0000	0.8333	0.2887	1	-0.2560	-2.8868	0.0039
f1_B_83_0_B_87_0	f1_A_156_0_A_158_0	0.0000	0.0000	-0.6667	0.2887	1	0.0893	2.3094	0.0209
f1_B_83_0_B_87_0	f1_A_44_0_A_133_1	0.0000	0.0000	0.6667	0.2887	1	-0.0893	-2.3094	0.0209
f1_B_83_0_B_87_0	f1_A_62_0_C_110_1	0.0000	0.0000	0.6667	0.2887	1	-0.0893	-2.3094	0.0209
f1_B_83_0_B_87_0	f1_A_71_1_A_67_1	0.0000	0.0000	0.8333	0.2887	1	-0.2560	-2.8868	0.0039
f1_B_83_0_B_87_0	f1_A_80_1_A_77_1	0.0000	0.0000	0.8333	0.2887	1	-0.2560	-2.8868	0.0039
f1_B_83_0_B_87_0	f1_B_114_1_B_104_1	0.0000	0.0000	-0.8333	0.2887	1	0.2560	2.8868	0.0039
f1_B_83_0_B_87_0	f1_B_48_0_B_47_1	0.0000	0.0000	0.8333	0.2887	1	-0.2560	-2.8868	0.0039
f1_B_83_0_B_87_0	f1_B_51_1_B_37_1	0.0000	0.0000	0.8333	0.2887	1	-0.2560	-2.8868	0.0039
f1_B_83_0_B_87_0	f1_B_60_1_B_57_1	0.0000	0.0000	-0.6667	0.2887	1	0.0893	2.3094	0.0209
f1_B_83_0_B_87_0	f1_B_83_0_B_87_0	0.0000	0.0000	1.0000	0.0000	1	-1.0000	-inf	0.0000
f1_B_83_0_B_87_0	f1_B_94_0_B_178_1	0.0000	0.0000	1.0000	0.0000	1	-1.0000	-inf	0.0000
f1_B_86_1_B_82_1	f1_A_140_1_A_144_1	0.0000	0.0000	0.6667	0.2887	1	-0.0893	-2.3094	0.0209
f1_B_86_1_B_82_1	f1_B_145_1_B_158_1	-0.1667	0.2887	0.6667	0.2887	1	-0.0168	-2.0412	0.0412
f1_B_86_1_B_83_1	f1_A_140_1_A_144_1	0.3333	0.2887	-0.6667	0.2887	1	0.1835	2.4495	0.0143
f1_B_86_1_B_83_1	f1_A_19_0_A_17_1	1.0000	0.0000	0.0000	0.0000	1	1.0000	inf	0.0000
f1_B_86_1_B_83_1	f1_B_145_1_B_158_1	0.3333	0.2887	-0.6667	0.2887	1	0.1835	2.4495	0.0143
f1_B_86_1_B_83_1	f1_B_6_0_B_4_1	0.6667	0.2887	0.0000	0.0000	1	0.0893	2.3094	0.0209
f1_B_86_1_B_83_1	f1_B_76_1_B_73_1	0.6667	0.2887	0.0000	0.0000	1	0.0893	2.3094	0.0209
f1_B_86_1_B_83_1	f1_B_80_0_B_76_0	0.8333	0.2887	0.0000	0.0000	1	0.2560	2.8868	0.0039
f1_B_89_1_B_86_1	f1_A_119_1_A_118_0	1.0000	0.0000	-0.5000	0.5000	1	0.5000	3.0000	0.0027
f1_B_89_1_B_86_1	f1_A_144_1_A_142_1	-0.5000	0.0000	0.0000	0.0000	1	-0.5000	-inf	0.0000
f1_B_89_1_B_86_1	f1_A_50_1_A_47_1	0.6667	0.2887	-0.1667	0.2887	1	0.0168	2.0412	0.0412
f1_B_89_1_B_86_1	f1_A_5_0_A_27_0	-0.6667	0.2887	0.1667	0.2887	1	-0.0168	-2.0412	0.0412
f1_B_89_1_B_86_1	f1_A_71_1_A_67_1	0.6667	0.2887	-0.3333	0.2887	1	0.1835	2.4495	0.0143
f1_B_89_1_B_86_1	f1_B_179_0_B_177_0	-0.5000	0.0000	0.0000	0.0000	1	-0.5000	-inf	0.0000
f1_B_91_1_B_87_1	f1_A_156_0_A_158_0	-0.1667	0.2887	0.6667	0.2887	1	-0.0168	-2.0412	0.0412
f1_B_91_1_B_87_1	f1_A_19_0_A_17_1	0.8333	0.2887	0.0000	0.0000	1	0.2560	2.8868	0.0039
f1_B_91_1_B_87_1	f1_A_44_0_A_133_1	0.0000	0.0000	-0.6667	0.2887	1	0.0893	2.3094	0.0209
f1_B_91_1_B_87_1	f1_A_50_0_A_47_0	0.8333	0.2887	-0.5000	0.5000	1	0.1786	2.3094	0.0209
f1_B_91_1_B_87_1	f1_A_50_1_A_47_1	0.6667	0.2887	-0.1667	0.2887	1	0.0168	2.0412	0.0412
f1_B_91_1_B_87_1	f1_A_62_1_A_58_1	0.3333	0.2887	-0.8333	0.2887	1	0.3502	2.8577	0.0043
f1_B_91_1_B_87_1	f1_A_95_1_A_103_0	0.5000	0.0000	-0.1667	0.2887	1	0.0893	2.3094	0.0209
f1_B_91_1_B_87_1	f1_B_105_0_A_182_1	0.1667	0.2887	-0.8333	0.2887	1	0.1835	2.4495	0.0143
f1_B_91_1_B_87_1	f1_B_6_0_B_4_1	0.5000	0.0000	0.0000	0.0000	1	0.5000	inf	0.0000
f1_B_91_1_B_87_1	f1_B_76_1_B_73_1	0.5000	0.0000	0.0000	0.0000	1	0.5000	inf	0.0000
f1_B_91_1_B_87_1	f1_B_80_0_B_76_0	0.6667	0.2887	0.0000	0.0000	1	0.0893	2.3094	0.0209
f1_B_93_0_B_89_1	f1_A_121_0_A_149_0	0.1667	0.2887	-0.6667	0.2887	1	0.0168	2.0412	0.0412
f1_B_93_0_B_89_1	f1_A_49_1_A_45_1	0.0000	0.0000	0.8333	0.2887	1	-0.2560	-2.8868	0.0039
f1_B_93_0_B_89_1	f1_B_111_0_A_184_0	0.0000	0.0000	0.8333	0.2887	1	-0.2560	-2.8868	0.0039
f1_B_93_0_B_89_1	f1_B_62_0_B_46_0	0.0000	0.0000	-0.6667	0.2887	1	0.0893	2.3094	0.0209
f1_B_94_0_B_178_1	f1_A_130_0_A_150_1	-0.1667	0.2887	0.6667	0.2887	1	-0.0168	-2.0412	0.0412
f1_B_94_0_B_178_1	f1_A_144_1_A_142_0	-0.1667	0.2887	0.8333	0.2887	1	-0.1835	-2.4495	0.0143
f1_B_94_0_B_178_1	f1_A_44_0_A_133_1	0.0000	0.0000	0.6667	0.2887	1	-0.0893	-2.3094	0.0209
f1_B_94_0_B_178_1	f1_B_48_0_B_47_1	-0.1667	0.2887	0.8333	0.2887	1	-0.1835	-2.4495	0.0143
f1_B_94_0_B_178_1	f1_B_51_1_B_37_1	-0.1667	0.2887	0.8333	0.2887	1	-0.1835	-2.4495	0.0143
f1_B_94_0_B_178_1	f1_B_83_0_B_87_0	0.0000	0.0000	1.0000	0.0000	1	-1.0000	-inf	0.0000
f1_C_104_1_A_51_1	f1_A_41_0_A_54_1	1.0000	0.0000	-0.1667	0.2887	1	0.5893	4.0415	0.0001
f1_C_104_1_A_51_1	f1_A_50_0_A_47_0	0.6667	0.2887	-0.1667	0.2887	1	0.0168	2.0412	0.0412
f1_C_104_1_A_51_1	f1_A_6_1_A_27_0	0.5000	0.0000	0.0000	0.0000	1	0.5000	inf	0.0000
f1_C_104_1_A_51_1	f1_B_104_0_B_114_1	0.5000	0.0000	0.0000	0.0000	1	0.5000	inf	0.0000
f1_C_104_1_A_51_1	f1_B_179_0_B_177_0	0.5000	0.0000	0.0000	0.0000	1	0.5000	inf	0.0000
f1_C_104_1_A_51_1	f1_B_29_0_A_141_0	0.6667	0.2887	0.0000	0.0000	1	0.0893	2.3094	0.0209
f1_C_105_1_A_51_1	f1_A_62_1_A_58_1	-0.1667	0.2887	0.8333	0.2887	1	-0.1835	-2.4495	0.0143
f1_C_105_1_A_51_1	f1_B_111_0_A_184_0	0.0000	0.0000	1.0000	0.0000	1	-1.0000	-inf	0.0000
f1_C_105_1_A_51_1	f1_B_71_1_B_67_1	0.1667	0.2887	-0.6667	0.2887	1	0.0168	2.0412	0.0412
f1_C_106_0_A_55_0	f1_A_30_1_A_29_0	0.1667	0.2887	-0.6667	0.2887	1	0.0168	2.0412	0.0412
f1_C_106_0_A_55_0	f1_B_145_1_B_158_1	-0.3333	0.5774	1.0000	0.0000	1	-0.1786	-2.3094	0.0209
f1_C_106_0_A_55_0	f1_B_71_1_B_67_1	-0.1667	0.2887	0.6667	0.2887	1	-0.0168	-2.0412	0.0412
f1_C_106_0_A_55_0	f1_B_72_0_B_69_0	-0.3333	0.2887	-1.0000	0.0000	1	0.0893	2.3094	0.0209
f1_C_106_0_A_55_0	f1_B_81_0_C_106_1	0.0000	0.0000	0.8333	0.2887	1	-0.2560	-2.8868	0.0039
f1_C_106_0_A_55_0	f2_MHCII	-0.1707	0.1802	-0.9453	0.0945	1	0.3676	3.8060	0.0001
f2_MHCII	f1_A_124_0_A_159_0	-0.7332	0.2806	0.0000	0.0000	1	-0.1721	-2.6134	0.0090
f2_MHCII	f1_A_53_1_C_105_1	0.9214	0.1231	0.0000	0.0000	1	0.6752	7.4837	0.0000
f2_MHCII	f1_B_78_1_B_74_1	0.8527	0.1967	-0.1798	0.2637	1	0.3746	3.1388	0.0017
f2_MHCII	f1_B_81_0_C_106_1	0.0000	0.0000	-0.9643	0.0617	1	0.8410	15.6391	0.0000
f2_MHCII	f1_C_106_0_A_55_0	-0.1707	0.1802	-0.9453	0.0945	1	0.3676	3.8060	0.0001
