feature1	feature2	aT41A.pcca1	aT41A.pcca1	bN82A.pcca2	bN82A.pcca2	lsdm	sdiff	score	pval
		mf	sf	mf	sf				
f1_A_101_1_A_98_1	f1_A_59_1_A_56_1	0.3333	0.2887	-0.8333	0.2887	1	0.3502	2.8577	0.0043
f1_A_101_1_A_98_1	f1_A_75_1_A_72_1	0.1667	0.2887	-0.8333	0.2887	1	0.1835	2.4495	0.0143
f1_A_101_1_A_98_1	f1_B_130_0_B_128_0	-0.3333	0.2887	0.6667	0.2887	1	-0.1835	-2.4495	0.0143
f1_A_101_1_A_98_1	f1_B_44_1_B_41_1	-0.3333	0.2887	1.0000	0.0000	1	-0.7560	-4.6188	0.0000
f1_A_101_1_A_98_1	f1_B_51_0_B_36_1	0.0000	0.0000	-0.8333	0.2887	1	0.2560	2.8868	0.0039
f1_A_101_1_A_98_1	f1_B_76_1_B_73_1	0.0000	0.0000	0.8333	0.2887	1	-0.2560	-2.8868	0.0039
f1_A_101_1_A_98_1	f1_B_80_0_B_76_0	-0.1667	0.2887	0.6667	0.2887	1	-0.0168	-2.0412	0.0412
f1_A_101_1_A_98_1	f1_B_86_1_B_83_1	0.0000	0.0000	0.5000	0.0000	1	-0.5000	-inf	0.0000
f1_A_118_0_A_166_0	f1_A_118_0_A_166_0	1.0000	0.0000	0.0000	0.0000	1	1.0000	inf	0.0000
f1_A_118_0_A_166_0	f1_A_44_0_A_134_1	0.8333	0.2887	0.0000	0.0000	1	0.2560	2.8868	0.0039
f1_A_118_0_A_166_0	f1_A_44_0_A_30_0	0.8333	0.2887	0.0000	0.0000	1	0.2560	2.8868	0.0039
f1_A_118_0_A_166_0	f1_A_48_1_A_45_1	-0.8333	0.2887	0.0000	0.0000	1	-0.2560	-2.8868	0.0039
f1_A_118_0_A_166_0	f1_A_50_1_A_46_1	-0.5000	0.0000	0.0000	0.0000	1	-0.5000	-inf	0.0000
f1_A_118_0_A_166_0	f1_A_50_1_A_47_1	0.8333	0.2887	0.0000	0.0000	1	0.2560	2.8868	0.0039
f1_A_118_0_A_166_0	f1_A_59_1_A_56_1	-0.5000	0.0000	0.0000	0.0000	1	-0.5000	-inf	0.0000
f1_A_118_0_A_166_0	f1_A_5_0_A_27_0	0.5000	0.0000	0.0000	0.0000	1	0.5000	inf	0.0000
f1_A_118_0_A_166_0	f1_A_6_1_A_27_0	1.0000	0.0000	0.0000	0.0000	1	1.0000	inf	0.0000
f1_A_118_0_A_166_0	f1_B_145_1_B_158_1	0.5000	0.0000	0.0000	0.0000	1	0.5000	inf	0.0000
f1_A_118_0_A_166_0	f1_B_23_1_B_22_0	-0.6667	0.2887	0.0000	0.0000	1	-0.0893	-2.3094	0.0209
f1_A_118_0_A_166_0	f1_B_28_1_B_40_1	-0.6667	0.2887	0.0000	0.0000	1	-0.0893	-2.3094	0.0209
f1_A_118_0_A_166_0	f1_B_35_1_B_33_1	-0.5000	0.0000	0.0000	0.0000	1	-0.5000	-inf	0.0000
f1_A_118_0_A_166_0	f1_B_43_1_B_41_0	-1.0000	0.0000	0.0000	0.0000	1	-1.0000	-inf	0.0000
f1_A_118_0_A_166_0	f1_B_89_1_B_86_1	0.5000	0.0000	0.0000	0.0000	1	0.5000	inf	0.0000
f1_A_118_0_A_166_0	f1_C_105_0_A_51_1	-0.5000	0.0000	0.0000	0.0000	1	-0.5000	-inf	0.0000
f1_A_118_0_A_166_0	f2_MHCII	0.7249	0.2636	0.0000	0.0000	1	0.1976	2.7498	0.0060
f1_A_119_1_A_118_0	f1_A_5_0_A_27_0	0.1667	0.2887	-0.6667	0.2887	1	0.0168	2.0412	0.0412
f1_A_119_1_A_118_0	f1_A_68_1_A_64_1	0.0000	0.0000	0.5000	0.0000	1	-0.5000	-inf	0.0000
f1_A_119_1_A_118_0	f1_B_104_0_B_114_1	0.0000	0.0000	-0.5000	0.0000	1	0.5000	inf	0.0000
f1_A_119_1_A_118_0	f1_B_130_0_B_128_0	0.1667	0.2887	-0.8333	0.2887	1	0.1835	2.4495	0.0143
f1_A_119_1_A_118_0	f1_B_131_0_B_160_1	0.0000	0.0000	0.6667	0.2887	1	-0.0893	-2.3094	0.0209
f1_A_119_1_A_118_0	f1_B_63_1_B_59_1	0.0000	0.0000	-0.5000	0.0000	1	0.5000	inf	0.0000
f1_A_119_1_A_118_0	f1_B_89_1_B_86_1	0.1667	0.2887	1.0000	0.0000	1	-0.2560	-2.8868	0.0039
f1_A_124_0_A_159_0	f1_A_64_1_A_60_1	0.0000	0.0000	0.6667	0.2887	1	-0.0893	-2.3094	0.0209
f1_A_124_0_A_159_0	f1_A_95_1_A_103_0	0.1667	0.2887	-0.6667	0.2887	1	0.0168	2.0412	0.0412
f1_A_124_0_A_159_0	f1_B_106_1_B_110_0	-0.1667	0.2887	1.0000	0.0000	1	-0.5893	-4.0415	0.0001
f1_A_124_0_A_159_0	f1_B_106_1_B_113_0	0.1667	0.2887	-0.8333	0.2887	1	0.1835	2.4495	0.0143
f1_A_124_0_A_159_0	f1_B_107_1_B_110_0	0.0000	0.0000	1.0000	0.0000	1	-1.0000	-inf	0.0000
f1_A_124_0_A_159_0	f1_B_78_1_B_74_1	0.0000	0.0000	-0.5000	0.0000	1	0.5000	inf	0.0000
f1_A_143_0_B_36_0	f1_A_150_1_A_149_0	-0.8333	0.2887	0.1667	0.2887	1	-0.1835	-2.4495	0.0143
f1_A_143_0_B_36_0	f1_A_164_0_A_120_0	0.6667	0.2887	0.0000	0.0000	1	0.0893	2.3094	0.0209
f1_A_143_0_B_36_0	f1_A_30_1_A_29_0	-0.6667	0.2887	0.1667	0.2887	1	-0.0168	-2.0412	0.0412
f1_A_143_0_B_36_0	f1_A_68_1_A_65_1	0.5000	0.0000	-0.6667	0.5774	1	0.0120	2.0207	0.0433
f1_A_143_0_B_36_0	f1_B_28_1_B_40_1	0.5000	0.0000	-0.1667	0.2887	1	0.0893	2.3094	0.0209
f1_A_143_0_B_36_0	f1_B_51_1_B_37_1	-0.8333	0.2887	0.1667	0.2887	1	-0.1835	-2.4495	0.0143
f1_A_143_0_B_36_0	f1_B_80_0_B_76_1	0.6667	0.2887	0.0000	0.0000	1	0.0893	2.3094	0.0209
f1_A_143_0_B_36_0	f1_C_117_1_C_114_1	-0.6667	0.2887	0.0000	0.0000	1	-0.0893	-2.3094	0.0209
f1_A_144_1_A_142_1	f1_A_150_1_A_133_0	0.3333	0.2887	-0.5000	0.0000	1	0.2560	2.8868	0.0039
f1_A_144_1_A_142_1	f1_A_64_1_A_60_1	0.0000	0.0000	0.6667	0.2887	1	-0.0893	-2.3094	0.0209
f1_A_144_1_A_142_1	f1_B_58_1_B_54_1	0.1667	0.2887	-0.8333	0.2887	1	0.1835	2.4495	0.0143
f1_A_150_1_A_133_0	f1_A_144_1_A_142_1	0.3333	0.2887	-0.5000	0.0000	1	0.2560	2.8868	0.0039
f1_A_150_1_A_133_0	f1_B_131_0_B_160_1	0.0000	0.0000	0.6667	0.2887	1	-0.0893	-2.3094	0.0209
f1_A_150_1_A_133_0	f1_B_32_0_A_77_0	0.0000	0.0000	-0.6667	0.2887	1	0.0893	2.3094	0.0209
f1_A_150_1_A_133_0	f1_B_57_1_B_54_1	-0.3333	0.2887	0.6667	0.2887	1	-0.1835	-2.4495	0.0143
f1_A_150_1_A_133_0	f1_B_58_1_B_54_1	-0.1667	0.2887	0.6667	0.2887	1	-0.0168	-2.0412	0.0412
f1_A_150_1_A_133_0	f1_B_60_1_B_56_1	-0.5000	0.5000	0.8333	0.2887	1	-0.1786	-2.3094	0.0209
f1_A_150_1_A_133_0	f1_B_60_1_B_57_1	0.5000	0.5000	-0.8333	0.2887	1	0.1786	2.3094	0.0209
f1_A_150_1_A_133_0	f1_B_72_0_B_69_0	0.0000	0.0000	-0.6667	0.2887	1	0.0893	2.3094	0.0209
f1_A_150_1_A_149_0	f1_A_143_0_B_36_0	-0.8333	0.2887	0.1667	0.2887	1	-0.1835	-2.4495	0.0143
f1_A_150_1_A_149_0	f1_A_164_0_A_120_0	-0.5000	0.0000	0.0000	0.0000	1	-0.5000	-inf	0.0000
f1_A_150_1_A_149_0	f1_A_17_1_A_17_0	-0.5000	0.0000	0.1667	0.2887	1	-0.0893	-2.3094	0.0209
f1_A_150_1_A_149_0	f1_A_44_0_B_152_0	-0.8333	0.2887	0.1667	0.2887	1	-0.1835	-2.4495	0.0143
f1_A_150_1_A_149_0	f1_B_134_0_B_169_0	0.5000	0.0000	0.0000	0.0000	1	0.5000	inf	0.0000
f1_A_150_1_A_149_0	f1_B_142_1_B_139_1	-0.6667	0.2887	0.0000	0.0000	1	-0.0893	-2.3094	0.0209
f1_A_150_1_A_149_0	f1_B_28_1_B_40_1	-0.6667	0.2887	0.1667	0.2887	1	-0.0168	-2.0412	0.0412
f1_A_150_1_A_149_0	f1_B_51_1_B_37_1	1.0000	0.0000	-0.1667	0.2887	1	0.5893	4.0415	0.0001
f1_A_150_1_A_149_0	f1_C_117_1_C_114_1	0.8333	0.2887	0.0000	0.0000	1	0.2560	2.8868	0.0039
f1_A_156_0_A_159_0	f1_A_19_0_A_17_1	-0.1667	0.2887	0.8333	0.2887	1	-0.1835	-2.4495	0.0143
f1_A_156_0_A_159_0	f1_A_41_0_A_54_1	0.0000	0.0000	0.5000	0.0000	1	-0.5000	-inf	0.0000
f1_A_156_0_A_159_0	f1_A_50_1_A_46_1	0.6667	0.5774	-0.5000	0.0000	1	0.0120	2.0207	0.0433
f1_A_156_0_A_159_0	f1_A_50_1_A_47_1	-0.5000	0.5000	0.6667	0.2887	1	-0.0120	-2.0207	0.0433
f1_A_156_0_A_159_0	f1_A_95_1_A_103_0	-0.1667	0.2887	0.5000	0.0000	1	-0.0893	-2.3094	0.0209
f1_A_156_0_A_159_0	f1_B_71_0_B_47_0	-0.1667	0.2887	0.5000	0.0000	1	-0.0893	-2.3094	0.0209
f1_A_156_0_A_159_0	f1_B_76_1_B_73_1	0.0000	0.0000	0.5000	0.0000	1	-0.5000	-inf	0.0000
f1_A_156_0_A_159_0	f1_B_86_1_B_83_1	0.0000	0.0000	0.8333	0.2887	1	-0.2560	-2.8868	0.0039
f1_A_156_0_A_159_0	f1_B_91_1_B_87_1	0.0000	0.0000	1.0000	0.0000	1	-1.0000	-inf	0.0000
f1_A_157_0_A_158_0	f1_B_36_1_B_35_0	-0.5000	0.0000	0.0000	0.0000	1	-0.5000	-inf	0.0000
f1_A_157_0_A_158_0	f1_B_80_0_B_76_1	0.6667	0.2887	0.0000	0.0000	1	0.0893	2.3094	0.0209
f1_A_157_0_A_158_0	f1_C_117_1_C_114_1	-0.6667	0.2887	0.0000	0.0000	1	-0.0893	-2.3094	0.0209
f1_A_158_1_A_156_0	f1_A_57_0_A_55_0	-0.6667	0.2887	0.1667	0.2887	1	-0.0168	-2.0412	0.0412
f1_A_158_1_A_156_0	f1_B_12_0_A_140_1	0.3333	0.2887	-0.6667	0.2887	1	0.1835	2.4495	0.0143
f1_A_158_1_A_156_0	f1_B_16_0_A_4_0	0.0000	0.0000	-0.8333	0.2887	1	0.2560	2.8868	0.0039
f1_A_158_1_A_156_0	f1_B_32_0_A_77_0	0.0000	0.0000	0.6667	0.2887	1	-0.0893	-2.3094	0.0209
f1_A_158_1_A_156_0	f1_B_51_1_B_37_1	0.8333	0.2887	-0.5000	0.5000	1	0.1786	2.3094	0.0209
f1_A_158_1_A_156_0	f1_B_78_1_B_74_1	0.0000	0.0000	0.5000	0.0000	1	-0.5000	-inf	0.0000
f1_A_158_1_A_156_0	f1_C_117_1_C_114_1	0.6667	0.2887	0.0000	0.0000	1	0.0893	2.3094	0.0209
f1_A_164_0_A_120_0	f1_A_143_0_B_36_0	0.6667	0.2887	0.0000	0.0000	1	0.0893	2.3094	0.0209
f1_A_164_0_A_120_0	f1_A_150_1_A_149_0	-0.5000	0.0000	0.0000	0.0000	1	-0.5000	-inf	0.0000
f1_A_164_0_A_120_0	f1_A_164_0_A_166_0	-0.8333	0.2887	0.0000	0.0000	1	-0.2560	-2.8868	0.0039
f1_A_164_0_A_120_0	f1_A_30_1_A_29_0	-0.6667	0.2887	0.1667	0.2887	1	-0.0168	-2.0412	0.0412
f1_A_164_0_A_120_0	f1_A_59_1_A_55_1	-0.5000	0.0000	0.0000	0.0000	1	-0.5000	-inf	0.0000
f1_A_164_0_A_120_0	f1_B_127_1_B_125_1	-0.5000	0.0000	0.0000	0.0000	1	-0.5000	-inf	0.0000
f1_A_164_0_A_120_0	f1_B_130_0_B_128_0	0.5000	0.0000	-0.1667	0.2887	1	0.0893	2.3094	0.0209
f1_A_164_0_A_120_0	f1_B_36_1_B_35_0	-0.5000	0.0000	0.0000	0.0000	1	-0.5000	-inf	0.0000
f1_A_164_0_A_120_0	f1_B_69_1_B_66_1	-0.5000	0.0000	0.0000	0.0000	1	-0.5000	-inf	0.0000
f1_A_164_0_A_120_0	f1_B_90_0_B_86_1	-0.5000	0.0000	0.1667	0.2887	1	-0.0893	-2.3094	0.0209
f1_A_164_0_A_166_0	f1_A_164_0_A_120_0	-0.8333	0.2887	0.0000	0.0000	1	-0.2560	-2.8868	0.0039
f1_A_164_0_A_166_0	f1_A_57_0_A_55_0	-0.8333	0.2887	0.1667	0.2887	1	-0.1835	-2.4495	0.0143
f1_A_164_0_A_166_0	f1_B_69_1_B_66_1	0.6667	0.2887	0.0000	0.0000	1	0.0893	2.3094	0.0209
f1_A_17_1_A_17_0	f1_A_150_1_A_149_0	-0.5000	0.0000	0.1667	0.2887	1	-0.0893	-2.3094	0.0209
f1_A_17_1_A_17_0	f1_A_41_0_A_54_1	0.0000	0.0000	0.8333	0.2887	1	-0.2560	-2.8868	0.0039
f1_A_17_1_A_17_0	f1_A_57_0_A_55_0	1.0000	0.0000	-0.3333	0.5774	1	0.1786	2.3094	0.0209
f1_A_17_1_A_17_0	f1_A_59_1_A_55_1	-0.5000	0.0000	0.1667	0.2887	1	-0.0893	-2.3094	0.0209
f1_A_17_1_A_17_0	f1_A_68_1_A_64_1	0.6667	0.5774	-0.6667	0.2887	1	0.0423	2.0656	0.0389
f1_A_17_1_A_17_0	f1_B_106_1_B_110_0	-0.1667	0.2887	0.6667	0.2887	1	-0.0168	-2.0412	0.0412
f1_A_17_1_A_17_0	f1_B_107_1_B_110_0	0.0000	0.0000	0.6667	0.2887	1	-0.0893	-2.3094	0.0209
f1_A_17_1_A_17_0	f1_B_12_0_A_140_1	-0.5000	0.5000	0.6667	0.2887	1	-0.0120	-2.0207	0.0433
f1_A_17_1_A_17_0	f1_B_131_0_B_160_1	0.0000	0.0000	-0.5000	0.0000	1	0.5000	inf	0.0000
f1_A_17_1_A_17_0	f1_B_16_0_A_4_0	0.0000	0.0000	0.5000	0.0000	1	-0.5000	-inf	0.0000
f1_A_17_1_A_17_0	f1_B_29_0_A_141_0	0.0000	0.0000	0.5000	0.0000	1	-0.5000	-inf	0.0000
f1_A_17_1_A_17_0	f1_B_69_1_B_66_1	-0.5000	0.0000	0.0000	0.0000	1	-0.5000	-inf	0.0000
f1_A_17_1_A_17_0	f1_B_78_1_B_74_1	0.0000	0.0000	-0.8333	0.2887	1	0.2560	2.8868	0.0039
f1_A_17_1_A_17_0	f1_C_105_0_A_51_1	-0.5000	0.0000	0.1667	0.2887	1	-0.0893	-2.3094	0.0209
f1_A_19_0_A_17_1	f1_A_156_0_A_159_0	-0.1667	0.2887	0.8333	0.2887	1	-0.1835	-2.4495	0.0143
f1_A_19_0_A_17_1	f1_A_50_0_A_47_0	-0.1667	0.2887	0.6667	0.2887	1	-0.0168	-2.0412	0.0412
f1_A_19_0_A_17_1	f1_A_68_1_A_64_1	-0.1667	0.2887	0.6667	0.2887	1	-0.0168	-2.0412	0.0412
f1_A_19_0_A_17_1	f1_A_71_1_A_67_1	0.0000	0.0000	0.5000	0.0000	1	-0.5000	-inf	0.0000
f1_A_19_0_A_17_1	f1_A_95_1_A_103_0	0.0000	0.0000	0.6667	0.2887	1	-0.0893	-2.3094	0.0209
f1_A_19_0_A_17_1	f1_B_62_1_B_58_1	0.1667	0.2887	-0.8333	0.2887	1	0.1835	2.4495	0.0143
f1_A_19_0_A_17_1	f1_B_6_0_B_4_1	-0.1667	0.2887	0.6667	0.2887	1	-0.0168	-2.0412	0.0412
f1_A_19_0_A_17_1	f1_B_71_0_B_47_0	-0.1667	0.2887	0.6667	0.2887	1	-0.0168	-2.0412	0.0412
f1_A_19_0_A_17_1	f1_B_76_1_B_73_1	0.0000	0.0000	0.6667	0.2887	1	-0.0893	-2.3094	0.0209
f1_A_19_0_A_17_1	f1_B_86_1_B_83_1	0.0000	0.0000	1.0000	0.0000	1	-1.0000	-inf	0.0000
f1_A_19_0_A_17_1	f1_B_91_1_B_87_1	0.0000	0.0000	0.8333	0.2887	1	-0.2560	-2.8868	0.0039
f1_A_19_1_A_14_1	f1_B_16_0_A_4_0	0.0000	0.0000	0.5000	0.0000	1	-0.5000	-inf	0.0000
f1_A_19_1_A_14_1	f1_B_29_0_A_141_0	0.0000	0.0000	0.5000	0.0000	1	-0.5000	-inf	0.0000
f1_A_19_1_A_14_1	f1_B_32_0_A_77_0	0.0000	0.0000	-0.6667	0.2887	1	0.0893	2.3094	0.0209
f1_A_19_1_A_14_1	f1_B_60_1_B_56_1	-0.3333	0.2887	0.5000	0.0000	1	-0.2560	-2.8868	0.0039
f1_A_19_1_A_14_1	f1_B_60_1_B_57_1	0.3333	0.2887	-0.5000	0.0000	1	0.2560	2.8868	0.0039
f1_A_19_1_A_14_1	f1_B_74_1_B_70_1	0.0000	0.0000	0.6667	0.2887	1	-0.0893	-2.3094	0.0209
f1_A_27_1_A_6_1	f1_A_28_1_A_25_0	0.1667	0.2887	1.0000	0.0000	1	-0.2560	-2.8868	0.0039
f1_A_27_1_A_6_1	f1_A_46_1_A_44_1	0.0000	0.0000	0.8333	0.2887	1	-0.2560	-2.8868	0.0039
f1_A_27_1_A_6_1	f1_A_50_1_A_46_1	-0.6667	0.5774	0.5000	0.0000	1	-0.0120	-2.0207	0.0433
f1_A_27_1_A_6_1	f1_A_64_1_A_60_1	0.0000	0.0000	-0.6667	0.2887	1	0.0893	2.3094	0.0209
f1_A_27_1_A_6_1	f1_B_145_0_B_158_1	-0.1667	0.2887	0.8333	0.2887	1	-0.1835	-2.4495	0.0143
f1_A_27_1_A_6_1	f1_B_29_0_A_141_0	0.0000	0.0000	0.6667	0.2887	1	-0.0893	-2.3094	0.0209
f1_A_27_1_A_6_1	f1_B_51_0_B_36_1	-0.1667	0.2887	0.5000	0.0000	1	-0.0893	-2.3094	0.0209
f1_A_27_1_A_6_1	f1_B_63_1_B_59_1	-0.1667	0.2887	0.5000	0.0000	1	-0.0893	-2.3094	0.0209
f1_A_27_1_A_6_1	f1_B_74_1_B_70_1	-0.1667	0.2887	0.5000	0.0000	1	-0.0893	-2.3094	0.0209
f1_A_28_1_A_25_0	f1_A_27_1_A_6_1	0.1667	0.2887	1.0000	0.0000	1	-0.2560	-2.8868	0.0039
f1_A_28_1_A_25_0	f1_A_64_1_A_60_1	0.0000	0.0000	-0.6667	0.2887	1	0.0893	2.3094	0.0209
f1_A_28_1_A_25_0	f1_B_106_1_B_113_0	-0.1667	0.2887	0.5000	0.0000	1	-0.0893	-2.3094	0.0209
f1_A_28_1_A_25_0	f1_B_153_1_A_29_0	0.1667	0.2887	-0.5000	0.0000	1	0.0893	2.3094	0.0209
f1_A_28_1_A_25_0	f1_B_29_0_A_141_0	0.0000	0.0000	0.6667	0.2887	1	-0.0893	-2.3094	0.0209
f1_A_28_1_A_25_0	f1_B_74_1_B_70_1	0.0000	0.0000	0.5000	0.0000	1	-0.5000	-inf	0.0000
f1_A_30_1_A_29_0	f1_A_143_0_B_36_0	-0.6667	0.2887	0.1667	0.2887	1	-0.0168	-2.0412	0.0412
f1_A_30_1_A_29_0	f1_A_164_0_A_120_0	-0.6667	0.2887	0.1667	0.2887	1	-0.0168	-2.0412	0.0412
f1_A_30_1_A_29_0	f1_A_53_1_C_105_1	0.6667	0.2887	-0.6667	0.5774	1	0.0423	2.0656	0.0389
f1_A_30_1_A_29_0	f1_B_168_1_B_190_0	0.8333	0.2887	-0.5000	0.5000	1	0.1786	2.3094	0.0209
f1_A_30_1_A_29_0	f1_B_168_1_B_190_1	-0.6667	0.2887	0.1667	0.2887	1	-0.0168	-2.0412	0.0412
f1_A_30_1_A_29_0	f1_B_36_1_B_35_0	0.8333	0.2887	0.0000	0.0000	1	0.2560	2.8868	0.0039
f1_A_30_1_A_29_0	f1_B_74_1_B_71_1	-0.5000	0.0000	0.1667	0.2887	1	-0.0893	-2.3094	0.0209
f1_A_30_1_A_29_0	f1_B_80_0_B_76_1	-0.6667	0.2887	0.0000	0.0000	1	-0.0893	-2.3094	0.0209
f1_A_30_1_A_29_0	f1_B_90_0_B_86_1	0.8333	0.2887	-0.1667	0.2887	1	0.1835	2.4495	0.0143
f1_A_38_1_A_35_1	f1_A_50_0_A_47_0	0.6667	0.2887	-0.5000	0.5000	1	0.0120	2.0207	0.0433
f1_A_38_1_A_35_1	f1_A_50_1_A_47_1	0.8333	0.2887	-0.6667	0.5774	1	0.2090	2.3238	0.0201
f1_A_38_1_A_35_1	f1_A_99_1_A_98_0	-0.6667	0.2887	0.1667	0.2887	1	-0.0168	-2.0412	0.0412
f1_A_38_1_A_35_1	f1_B_26_1_B_42_0	-0.8333	0.2887	0.0000	0.0000	1	-0.2560	-2.8868	0.0039
f1_A_38_1_A_35_1	f1_B_69_1_B_66_1	-0.5000	0.0000	0.0000	0.0000	1	-0.5000	-inf	0.0000
f1_A_38_1_A_35_1	f1_B_93_0_A_47_0	-0.6667	0.2887	0.5000	0.5000	1	-0.0120	-2.0207	0.0433
f1_A_41_0_A_54_1	f1_A_156_0_A_159_0	0.0000	0.0000	0.5000	0.0000	1	-0.5000	-inf	0.0000
f1_A_41_0_A_54_1	f1_A_17_1_A_17_0	0.0000	0.0000	0.8333	0.2887	1	-0.2560	-2.8868	0.0039
f1_A_41_0_A_54_1	f1_A_41_0_A_54_1	0.0000	0.0000	1.0000	0.0000	1	-1.0000	-inf	0.0000
f1_A_41_0_A_54_1	f1_A_50_0_A_47_0	0.0000	0.0000	0.6667	0.2887	1	-0.0893	-2.3094	0.0209
f1_A_41_0_A_54_1	f1_A_50_1_A_46_1	0.0000	0.0000	0.5000	0.0000	1	-0.5000	-inf	0.0000
f1_A_41_0_A_54_1	f1_A_5_0_A_27_0	0.0000	0.0000	0.6667	0.2887	1	-0.0893	-2.3094	0.0209
f1_A_41_0_A_54_1	f1_A_68_1_A_64_1	0.0000	0.0000	-0.5000	0.0000	1	0.5000	inf	0.0000
f1_A_41_0_A_54_1	f1_A_6_1_A_27_0	0.0000	0.0000	0.5000	0.0000	1	-0.5000	-inf	0.0000
f1_A_41_0_A_54_1	f1_B_104_0_B_114_1	0.0000	0.0000	0.5000	0.0000	1	-0.5000	-inf	0.0000
f1_A_41_0_A_54_1	f1_B_12_0_A_140_1	0.0000	0.0000	0.5000	0.0000	1	-0.5000	-inf	0.0000
f1_A_41_0_A_54_1	f1_B_130_0_B_137_0	0.0000	0.0000	-0.5000	0.0000	1	0.5000	inf	0.0000
f1_A_41_0_A_54_1	f1_B_131_0_B_160_1	0.0000	0.0000	-0.6667	0.2887	1	0.0893	2.3094	0.0209
f1_A_41_0_A_54_1	f1_B_153_1_A_29_0	0.0000	0.0000	-0.5000	0.0000	1	0.5000	inf	0.0000
f1_A_41_0_A_54_1	f1_B_168_1_B_190_0	0.0000	0.0000	-0.6667	0.2887	1	0.0893	2.3094	0.0209
f1_A_41_0_A_54_1	f1_B_179_0_B_177_0	0.0000	0.0000	0.5000	0.0000	1	-0.5000	-inf	0.0000
f1_A_41_0_A_54_1	f1_B_29_0_A_141_0	0.0000	0.0000	0.6667	0.2887	1	-0.0893	-2.3094	0.0209
f1_A_41_0_A_54_1	f1_B_59_1_B_55_1	0.0000	0.0000	-0.6667	0.2887	1	0.0893	2.3094	0.0209
f1_A_41_0_A_54_1	f1_B_63_1_B_59_1	0.0000	0.0000	0.5000	0.0000	1	-0.5000	-inf	0.0000
f1_A_41_0_A_54_1	f1_B_74_1_B_70_1	0.0000	0.0000	0.5000	0.0000	1	-0.5000	-inf	0.0000
f1_A_41_0_A_54_1	f1_B_78_1_B_74_1	0.0000	0.0000	-0.6667	0.2887	1	0.0893	2.3094	0.0209
f1_A_41_0_A_54_1	f1_B_91_1_B_87_1	0.0000	0.0000	0.5000	0.0000	1	-0.5000	-inf	0.0000
f1_A_41_0_A_54_1	f1_C_104_1_A_51_1	0.0000	0.0000	1.0000	0.0000	1	-1.0000	-inf	0.0000
f1_A_44_0_A_134_1	f1_A_118_0_A_166_0	0.8333	0.2887	0.0000	0.0000	1	0.2560	2.8868	0.0039
f1_A_44_0_A_134_1	f1_A_44_0_A_30_0	1.0000	0.0000	0.0000	0.0000	1	1.0000	inf	0.0000
f1_A_44_0_A_134_1	f1_A_48_1_A_45_1	-1.0000	0.0000	0.0000	0.0000	1	-1.0000	-inf	0.0000
f1_A_44_0_A_134_1	f1_A_50_1_A_47_1	0.6667	0.2887	-0.1667	0.2887	1	0.0168	2.0412	0.0412
f1_A_44_0_A_134_1	f1_A_59_1_A_56_1	-0.6667	0.2887	0.1667	0.2887	1	-0.0168	-2.0412	0.0412
f1_A_44_0_A_134_1	f1_B_127_1_B_125_1	0.8333	0.2887	-0.1667	0.2887	1	0.1835	2.4495	0.0143
f1_A_44_0_A_134_1	f1_B_145_1_B_158_1	0.6667	0.2887	0.0000	0.0000	1	0.0893	2.3094	0.0209
f1_A_44_0_A_134_1	f1_B_23_1_B_22_0	-0.8333	0.2887	0.0000	0.0000	1	-0.2560	-2.8868	0.0039
f1_A_44_0_A_134_1	f1_B_89_1_B_86_1	0.6667	0.2887	-0.1667	0.2887	1	0.0168	2.0412	0.0412
f1_A_44_0_A_30_0	f1_A_118_0_A_166_0	0.8333	0.2887	0.0000	0.0000	1	0.2560	2.8868	0.0039
f1_A_44_0_A_30_0	f1_A_44_0_A_134_1	1.0000	0.0000	0.0000	0.0000	1	1.0000	inf	0.0000
f1_A_44_0_A_30_0	f1_A_48_1_A_45_1	-1.0000	0.0000	0.0000	0.0000	1	-1.0000	-inf	0.0000
f1_A_44_0_A_30_0	f1_B_127_1_B_125_1	0.8333	0.2887	-0.1667	0.2887	1	0.1835	2.4495	0.0143
f1_A_44_0_A_30_0	f1_B_23_1_B_22_0	-0.8333	0.2887	0.0000	0.0000	1	-0.2560	-2.8868	0.0039
f1_A_44_0_A_30_0	f1_B_43_1_B_41_0	-0.8333	0.2887	0.0000	0.0000	1	-0.2560	-2.8868	0.0039
f1_A_44_0_A_30_0	f1_B_89_1_B_86_1	0.6667	0.2887	-0.1667	0.2887	1	0.0168	2.0412	0.0412
f1_A_44_0_B_152_0	f1_A_150_1_A_149_0	-0.8333	0.2887	0.1667	0.2887	1	-0.1835	-2.4495	0.0143
f1_A_44_0_B_152_0	f1_B_142_1_B_139_1	0.5000	0.0000	0.0000	0.0000	1	0.5000	inf	0.0000
f1_A_44_0_B_152_0	f1_C_117_1_C_114_1	-0.6667	0.2887	0.0000	0.0000	1	-0.0893	-2.3094	0.0209
f1_A_46_1_A_44_1	f1_A_27_1_A_6_1	0.0000	0.0000	0.8333	0.2887	1	-0.2560	-2.8868	0.0039
f1_A_46_1_A_44_1	f1_A_64_1_A_60_1	0.0000	0.0000	-0.8333	0.2887	1	0.2560	2.8868	0.0039
f1_A_46_1_A_44_1	f1_A_6_1_A_27_0	-0.1667	0.2887	0.6667	0.2887	1	-0.0168	-2.0412	0.0412
f1_A_46_1_A_44_1	f1_A_72_1_A_69_1	-0.1667	0.2887	0.8333	0.2887	1	-0.1835	-2.4495	0.0143
f1_A_46_1_A_44_1	f1_B_106_1_B_113_0	0.0000	0.0000	0.6667	0.2887	1	-0.0893	-2.3094	0.0209
f1_A_46_1_A_44_1	f1_B_153_1_A_29_0	0.0000	0.0000	-0.6667	0.2887	1	0.0893	2.3094	0.0209
f1_A_46_1_A_44_1	f1_B_29_0_A_141_0	0.0000	0.0000	0.5000	0.0000	1	-0.5000	-inf	0.0000
f1_A_46_1_A_44_1	f1_B_55_1_B_52_1	0.0000	0.0000	-0.6667	0.2887	1	0.0893	2.3094	0.0209
f1_A_46_1_A_44_1	f1_B_63_1_B_59_1	0.0000	0.0000	0.6667	0.2887	1	-0.0893	-2.3094	0.0209
f1_A_48_1_A_45_1	f1_A_118_0_A_166_0	-0.8333	0.2887	0.0000	0.0000	1	-0.2560	-2.8868	0.0039
f1_A_48_1_A_45_1	f1_A_44_0_A_134_1	-1.0000	0.0000	0.0000	0.0000	1	-1.0000	-inf	0.0000
f1_A_48_1_A_45_1	f1_A_44_0_A_30_0	-1.0000	0.0000	0.0000	0.0000	1	-1.0000	-inf	0.0000
f1_A_48_1_A_45_1	f1_A_48_1_A_45_1	1.0000	0.0000	0.0000	0.0000	1	1.0000	inf	0.0000
f1_A_48_1_A_45_1	f1_A_50_1_A_46_1	0.6667	0.2887	0.0000	0.0000	1	0.0893	2.3094	0.0209
f1_A_48_1_A_45_1	f1_A_50_1_A_47_1	-0.6667	0.2887	0.0000	0.0000	1	-0.0893	-2.3094	0.0209
f1_A_48_1_A_45_1	f1_A_59_1_A_56_1	0.6667	0.2887	0.0000	0.0000	1	0.0893	2.3094	0.0209
f1_A_48_1_A_45_1	f1_A_5_0_A_27_0	-0.6667	0.2887	0.0000	0.0000	1	-0.0893	-2.3094	0.0209
f1_A_48_1_A_45_1	f1_A_6_1_A_27_0	-0.8333	0.2887	0.0000	0.0000	1	-0.2560	-2.8868	0.0039
f1_A_48_1_A_45_1	f1_B_127_1_B_125_1	-0.8333	0.2887	0.0000	0.0000	1	-0.2560	-2.8868	0.0039
f1_A_48_1_A_45_1	f1_B_145_1_B_158_1	-0.6667	0.2887	0.0000	0.0000	1	-0.0893	-2.3094	0.0209
f1_A_48_1_A_45_1	f1_B_23_1_B_22_0	0.8333	0.2887	0.0000	0.0000	1	0.2560	2.8868	0.0039
f1_A_48_1_A_45_1	f1_B_43_1_B_41_0	0.8333	0.2887	0.0000	0.0000	1	0.2560	2.8868	0.0039
f1_A_48_1_A_45_1	f1_B_89_1_B_86_1	-0.6667	0.2887	0.0000	0.0000	1	-0.0893	-2.3094	0.0209
f1_A_48_1_A_45_1	f2_MHCII	-0.8143	0.2947	0.0000	0.0000	1	-0.2249	-2.7631	0.0057
f1_A_50_0_A_47_0	f1_A_19_0_A_17_1	-0.1667	0.2887	0.6667	0.2887	1	-0.0168	-2.0412	0.0412
f1_A_50_0_A_47_0	f1_A_38_1_A_35_1	0.6667	0.2887	-0.5000	0.5000	1	0.0120	2.0207	0.0433
f1_A_50_0_A_47_0	f1_A_41_0_A_54_1	0.0000	0.0000	0.6667	0.2887	1	-0.0893	-2.3094	0.0209
f1_A_50_0_A_47_0	f1_A_59_1_A_56_1	-0.8333	0.2887	0.5000	0.0000	1	-0.7560	-4.6188	0.0000
f1_A_50_0_A_47_0	f1_A_68_1_A_65_1	0.5000	0.0000	-0.3333	0.2887	1	0.2560	2.8868	0.0039
f1_A_50_0_A_47_0	f1_B_157_0_B_146_1	1.0000	0.0000	0.5000	0.0000	1	0.5000	inf	0.0000
f1_A_50_0_A_47_0	f1_B_26_1_B_42_0	-0.8333	0.2887	0.0000	0.0000	1	-0.2560	-2.8868	0.0039
f1_A_50_0_A_47_0	f1_B_78_1_B_74_1	0.0000	0.0000	-0.6667	0.2887	1	0.0893	2.3094	0.0209
f1_A_50_0_A_47_0	f1_B_80_0_B_76_1	0.6667	0.2887	0.0000	0.0000	1	0.0893	2.3094	0.0209
f1_A_50_0_A_47_0	f1_B_86_1_B_83_1	0.0000	0.0000	0.6667	0.2887	1	-0.0893	-2.3094	0.0209
f1_A_50_0_A_47_0	f1_C_117_1_C_114_1	-0.6667	0.2887	0.0000	0.0000	1	-0.0893	-2.3094	0.0209
f1_A_50_1_A_46_1	f1_A_118_0_A_166_0	-0.5000	0.0000	0.0000	0.0000	1	-0.5000	-inf	0.0000
f1_A_50_1_A_46_1	f1_A_156_0_A_159_0	0.6667	0.5774	-0.5000	0.0000	1	0.0120	2.0207	0.0433
f1_A_50_1_A_46_1	f1_A_27_1_A_6_1	-0.6667	0.5774	0.5000	0.0000	1	-0.0120	-2.0207	0.0433
f1_A_50_1_A_46_1	f1_A_41_0_A_54_1	0.0000	0.0000	0.5000	0.0000	1	-0.5000	-inf	0.0000
f1_A_50_1_A_46_1	f1_A_48_1_A_45_1	0.6667	0.2887	0.0000	0.0000	1	0.0893	2.3094	0.0209
f1_A_50_1_A_46_1	f1_A_5_0_A_27_0	-1.0000	0.0000	0.8333	0.2887	1	-1.2560	-6.3509	0.0000
f1_A_50_1_A_46_1	f1_B_106_1_B_110_0	-0.1667	0.2887	0.6667	0.2887	1	-0.0168	-2.0412	0.0412
f1_A_50_1_A_46_1	f1_B_107_1_B_110_0	0.0000	0.0000	0.6667	0.2887	1	-0.0893	-2.3094	0.0209
f1_A_50_1_A_46_1	f1_B_26_1_B_42_0	0.6667	0.2887	0.0000	0.0000	1	0.0893	2.3094	0.0209
f1_A_50_1_A_46_1	f1_B_67_1_B_64_1	-0.5000	0.0000	0.5000	0.0000	1	-1.0000	-inf	0.0000
f1_A_50_1_A_46_1	f1_B_86_1_B_83_1	0.0000	0.0000	-0.6667	0.2887	1	0.0893	2.3094	0.0209
f1_A_50_1_A_47_1	f1_A_118_0_A_166_0	0.8333	0.2887	0.0000	0.0000	1	0.2560	2.8868	0.0039
f1_A_50_1_A_47_1	f1_A_156_0_A_159_0	-0.5000	0.5000	0.6667	0.2887	1	-0.0120	-2.0207	0.0433
f1_A_50_1_A_47_1	f1_A_38_1_A_35_1	0.8333	0.2887	-0.6667	0.5774	1	0.2090	2.3238	0.0201
f1_A_50_1_A_47_1	f1_A_44_0_A_134_1	0.6667	0.2887	-0.1667	0.2887	1	0.0168	2.0412	0.0412
f1_A_50_1_A_47_1	f1_A_48_1_A_45_1	-0.6667	0.2887	0.0000	0.0000	1	-0.0893	-2.3094	0.0209
f1_A_50_1_A_47_1	f1_A_5_0_A_27_0	0.6667	0.2887	-0.6667	0.2887	1	0.5168	3.2660	0.0011
f1_A_50_1_A_47_1	f1_A_71_1_A_67_1	0.1667	0.2887	1.0000	0.0000	1	-0.2560	-2.8868	0.0039
f1_A_50_1_A_47_1	f1_B_106_1_B_110_0	0.1667	0.2887	-0.5000	0.0000	1	0.0893	2.3094	0.0209
f1_A_50_1_A_47_1	f1_B_106_1_B_113_0	-0.3333	0.2887	0.6667	0.2887	1	-0.1835	-2.4495	0.0143
f1_A_50_1_A_47_1	f1_B_107_1_B_110_0	0.0000	0.0000	-0.5000	0.0000	1	0.5000	inf	0.0000
f1_A_50_1_A_47_1	f1_B_26_1_B_42_0	-0.6667	0.2887	0.0000	0.0000	1	-0.0893	-2.3094	0.0209
f1_A_50_1_A_47_1	f1_B_67_1_B_64_1	0.8333	0.2887	-0.6667	0.2887	1	0.6835	3.6742	0.0002
f1_A_50_1_A_47_1	f1_B_86_1_B_83_1	0.0000	0.0000	0.5000	0.0000	1	-0.5000	-inf	0.0000
f1_A_50_1_A_47_1	f2_MHCII	0.5612	0.1216	-0.1413	0.2219	1	0.1965	2.7767	0.0055
f1_A_53_1_C_105_1	f1_A_30_1_A_29_0	0.6667	0.2887	-0.6667	0.5774	1	0.0423	2.0656	0.0389
f1_A_53_1_C_105_1	f1_A_64_1_A_60_1	0.0000	0.0000	-0.8333	0.2887	1	0.2560	2.8868	0.0039
f1_A_53_1_C_105_1	f1_B_107_1_B_110_0	0.0000	0.0000	-0.8333	0.2887	1	0.2560	2.8868	0.0039
f1_A_53_1_C_105_1	f1_B_168_1_B_190_1	-1.0000	0.0000	-0.3333	0.2887	1	-0.0893	-2.3094	0.0209
f1_A_53_1_C_105_1	f1_B_29_0_A_141_0	0.0000	0.0000	0.5000	0.0000	1	-0.5000	-inf	0.0000
f1_A_53_1_C_105_1	f1_B_36_1_B_35_0	0.5000	0.0000	0.0000	0.0000	1	0.5000	inf	0.0000
f1_A_53_1_C_105_1	f1_B_78_1_B_74_1	0.0000	0.0000	0.6667	0.2887	1	-0.0893	-2.3094	0.0209
f1_A_53_1_C_105_1	f1_B_93_0_B_153_1	0.6667	0.2887	-0.1667	0.2887	1	0.0168	2.0412	0.0412
f1_A_57_0_A_55_0	f1_A_158_1_A_156_0	-0.6667	0.2887	0.1667	0.2887	1	-0.0168	-2.0412	0.0412
f1_A_57_0_A_55_0	f1_A_164_0_A_166_0	-0.8333	0.2887	0.1667	0.2887	1	-0.1835	-2.4495	0.0143
f1_A_57_0_A_55_0	f1_A_17_1_A_17_0	1.0000	0.0000	-0.3333	0.5774	1	0.1786	2.3094	0.0209
f1_A_57_0_A_55_0	f1_A_59_1_A_55_1	-0.5000	0.0000	0.0000	0.0000	1	-0.5000	-inf	0.0000
f1_A_57_0_A_55_0	f1_B_134_0_B_169_0	-1.0000	0.0000	0.0000	0.0000	1	-1.0000	-inf	0.0000
f1_A_57_0_A_55_0	f1_B_69_1_B_66_1	-0.5000	0.0000	0.0000	0.0000	1	-0.5000	-inf	0.0000
f1_A_59_1_A_55_1	f1_A_164_0_A_120_0	-0.5000	0.0000	0.0000	0.0000	1	-0.5000	-inf	0.0000
f1_A_59_1_A_55_1	f1_A_17_1_A_17_0	-0.5000	0.0000	0.1667	0.2887	1	-0.0893	-2.3094	0.0209
f1_A_59_1_A_55_1	f1_A_57_0_A_55_0	-0.5000	0.0000	0.0000	0.0000	1	-0.5000	-inf	0.0000
f1_A_59_1_A_55_1	f1_A_66_1_A_62_1	-0.6667	0.2887	0.0000	0.0000	1	-0.0893	-2.3094	0.0209
f1_A_59_1_A_55_1	f1_B_67_1_B_64_1	-0.5000	0.0000	0.1667	0.2887	1	-0.0893	-2.3094	0.0209
f1_A_59_1_A_55_1	f1_B_69_1_B_66_1	1.0000	0.0000	0.0000	0.0000	1	1.0000	inf	0.0000
f1_A_59_1_A_55_1	f1_B_80_0_B_76_1	0.6667	0.2887	0.0000	0.0000	1	0.0893	2.3094	0.0209
f1_A_59_1_A_55_1	f1_B_89_1_B_86_1	0.5000	0.0000	-0.1667	0.2887	1	0.0893	2.3094	0.0209
f1_A_59_1_A_55_1	f1_B_90_0_B_86_1	-0.5000	0.0000	0.0000	0.0000	1	-0.5000	-inf	0.0000
f1_A_59_1_A_55_1	f1_B_96_1_B_96_0	0.6667	0.2887	0.0000	0.0000	1	0.0893	2.3094	0.0209
f1_A_59_1_A_56_1	f1_A_101_1_A_98_1	0.3333	0.2887	-0.8333	0.2887	1	0.3502	2.8577	0.0043
f1_A_59_1_A_56_1	f1_A_118_0_A_166_0	-0.5000	0.0000	0.0000	0.0000	1	-0.5000	-inf	0.0000
f1_A_59_1_A_56_1	f1_A_44_0_A_134_1	-0.6667	0.2887	0.1667	0.2887	1	-0.0168	-2.0412	0.0412
f1_A_59_1_A_56_1	f1_A_48_1_A_45_1	0.6667	0.2887	0.0000	0.0000	1	0.0893	2.3094	0.0209
f1_A_59_1_A_56_1	f1_A_50_0_A_47_0	-0.8333	0.2887	0.5000	0.0000	1	-0.7560	-4.6188	0.0000
f1_A_59_1_A_56_1	f1_A_75_1_A_72_1	-0.5000	0.5000	0.6667	0.2887	1	-0.0120	-2.0207	0.0433
f1_A_59_1_A_56_1	f1_B_131_0_B_160_1	0.0000	0.0000	-0.5000	0.0000	1	0.5000	inf	0.0000
f1_A_59_1_A_56_1	f1_B_145_1_B_158_1	-1.0000	0.0000	0.5000	0.5000	1	-0.5000	-3.0000	0.0027
f1_A_59_1_A_56_1	f1_B_16_0_A_4_0	0.0000	0.0000	0.5000	0.0000	1	-0.5000	-inf	0.0000
f1_A_59_1_A_56_1	f1_B_26_1_B_42_0	0.6667	0.2887	0.0000	0.0000	1	0.0893	2.3094	0.0209
f1_A_59_1_A_56_1	f1_B_69_1_B_66_1	-0.5000	0.0000	0.0000	0.0000	1	-0.5000	-inf	0.0000
f1_A_59_1_A_56_1	f1_B_78_1_B_74_1	0.0000	0.0000	-0.8333	0.2887	1	0.2560	2.8868	0.0039
f1_A_59_1_A_56_1	f1_B_80_0_B_76_1	-0.8333	0.2887	0.0000	0.0000	1	-0.2560	-2.8868	0.0039
f1_A_59_1_A_56_1	f1_B_93_0_A_47_0	0.8333	0.2887	-0.3333	0.2887	1	0.3502	2.8577	0.0043
f1_A_59_1_A_56_1	f1_C_105_0_A_51_1	-0.5000	0.0000	0.1667	0.2887	1	-0.0893	-2.3094	0.0209
f1_A_5_0_A_27_0	f1_A_118_0_A_166_0	0.5000	0.0000	0.0000	0.0000	1	0.5000	inf	0.0000
f1_A_5_0_A_27_0	f1_A_119_1_A_118_0	0.1667	0.2887	-0.6667	0.2887	1	0.0168	2.0412	0.0412
f1_A_5_0_A_27_0	f1_A_41_0_A_54_1	0.0000	0.0000	0.6667	0.2887	1	-0.0893	-2.3094	0.0209
f1_A_5_0_A_27_0	f1_A_48_1_A_45_1	-0.6667	0.2887	0.0000	0.0000	1	-0.0893	-2.3094	0.0209
f1_A_5_0_A_27_0	f1_A_50_1_A_46_1	-1.0000	0.0000	0.8333	0.2887	1	-1.2560	-6.3509	0.0000
f1_A_5_0_A_27_0	f1_A_50_1_A_47_1	0.6667	0.2887	-0.6667	0.2887	1	0.5168	3.2660	0.0011
f1_A_5_0_A_27_0	f1_B_127_1_B_125_1	0.5000	0.0000	-0.3333	0.2887	1	0.2560	2.8868	0.0039
f1_A_5_0_A_27_0	f1_B_16_0_A_4_0	0.0000	0.0000	-0.5000	0.0000	1	0.5000	inf	0.0000
f1_A_5_0_A_27_0	f1_B_26_1_B_42_0	-0.6667	0.2887	0.0000	0.0000	1	-0.0893	-2.3094	0.0209
f1_A_5_0_A_27_0	f1_B_35_1_B_33_1	0.5000	0.0000	-0.1667	0.2887	1	0.0893	2.3094	0.0209
f1_A_5_0_A_27_0	f1_B_63_1_B_59_1	-0.1667	0.2887	0.8333	0.2887	1	-0.1835	-2.4495	0.0143
f1_A_5_0_A_27_0	f1_C_104_1_A_51_1	-0.3333	0.2887	0.6667	0.2887	1	-0.1835	-2.4495	0.0143
f1_A_5_1_B_17_1	f1_B_25_0_B_41_0	-0.8333	0.2887	0.1667	0.2887	1	-0.1835	-2.4495	0.0143
f1_A_5_1_B_17_1	f1_B_26_1_B_42_0	-0.6667	0.2887	0.0000	0.0000	1	-0.0893	-2.3094	0.0209
f1_A_5_1_B_17_1	f1_B_36_1_B_35_0	0.5000	0.0000	0.0000	0.0000	1	0.5000	inf	0.0000
f1_A_5_1_B_17_1	f1_B_67_1_B_64_1	0.5000	0.0000	-0.3333	0.2887	1	0.2560	2.8868	0.0039
f1_A_5_1_B_17_1	f1_B_93_0_B_153_1	0.6667	0.2887	-0.1667	0.2887	1	0.0168	2.0412	0.0412
f1_A_5_1_B_17_1	f1_C_117_1_C_114_1	-0.8333	0.2887	0.0000	0.0000	1	-0.2560	-2.8868	0.0039
f1_A_64_1_A_60_1	f1_A_124_0_A_159_0	0.0000	0.0000	0.6667	0.2887	1	-0.0893	-2.3094	0.0209
f1_A_64_1_A_60_1	f1_A_144_1_A_142_1	0.0000	0.0000	0.6667	0.2887	1	-0.0893	-2.3094	0.0209
f1_A_64_1_A_60_1	f1_A_27_1_A_6_1	0.0000	0.0000	-0.6667	0.2887	1	0.0893	2.3094	0.0209
f1_A_64_1_A_60_1	f1_A_28_1_A_25_0	0.0000	0.0000	-0.6667	0.2887	1	0.0893	2.3094	0.0209
f1_A_64_1_A_60_1	f1_A_46_1_A_44_1	0.0000	0.0000	-0.8333	0.2887	1	0.2560	2.8868	0.0039
f1_A_64_1_A_60_1	f1_A_53_1_C_105_1	0.0000	0.0000	-0.8333	0.2887	1	0.2560	2.8868	0.0039
f1_A_64_1_A_60_1	f1_A_64_1_A_60_1	0.0000	0.0000	1.0000	0.0000	1	-1.0000	-inf	0.0000
f1_A_64_1_A_60_1	f1_A_72_1_A_69_1	0.0000	0.0000	-1.0000	0.0000	1	1.0000	inf	0.0000
f1_A_64_1_A_60_1	f1_B_106_1_B_110_0	0.0000	0.0000	0.6667	0.2887	1	-0.0893	-2.3094	0.0209
f1_A_64_1_A_60_1	f1_B_106_1_B_113_0	0.0000	0.0000	-0.8333	0.2887	1	0.2560	2.8868	0.0039
f1_A_64_1_A_60_1	f1_B_107_1_B_110_0	0.0000	0.0000	0.6667	0.2887	1	-0.0893	-2.3094	0.0209
f1_A_64_1_A_60_1	f1_B_153_1_A_29_0	0.0000	0.0000	0.8333	0.2887	1	-0.2560	-2.8868	0.0039
f1_A_64_1_A_60_1	f1_B_180_1_B_177_1	0.0000	0.0000	-0.6667	0.2887	1	0.0893	2.3094	0.0209
f1_A_64_1_A_60_1	f1_B_29_0_A_141_0	0.0000	0.0000	-0.6667	0.2887	1	0.0893	2.3094	0.0209
f1_A_64_1_A_60_1	f1_B_55_1_B_52_1	0.0000	0.0000	0.5000	0.0000	1	-0.5000	-inf	0.0000
f1_A_64_1_A_60_1	f1_B_58_1_B_54_1	0.0000	0.0000	-0.8333	0.2887	1	0.2560	2.8868	0.0039
f1_A_66_1_A_62_1	f1_A_59_1_A_55_1	-0.6667	0.2887	0.0000	0.0000	1	-0.0893	-2.3094	0.0209
f1_A_66_1_A_62_1	f1_A_68_1_A_65_1	-0.8333	0.2887	0.1667	0.2887	1	-0.1835	-2.4495	0.0143
f1_A_66_1_A_62_1	f1_B_130_0_B_128_0	0.6667	0.2887	-0.5000	0.5000	1	0.0120	2.0207	0.0433
f1_A_66_1_A_62_1	f1_B_23_1_B_22_0	-0.5000	0.0000	0.0000	0.0000	1	-0.5000	-inf	0.0000
f1_A_66_1_A_62_1	f1_B_69_1_B_66_1	-0.6667	0.2887	0.0000	0.0000	1	-0.0893	-2.3094	0.0209
f1_A_66_1_A_62_1	f1_B_92_0_B_87_0	0.8333	0.2887	0.0000	0.0000	1	0.2560	2.8868	0.0039
f1_A_66_1_A_62_1	f1_B_96_1_B_96_0	-0.6667	0.2887	0.3333	0.2887	1	-0.1835	-2.4495	0.0143
f1_A_66_1_A_62_1	f1_C_105_0_A_51_1	-0.6667	0.2887	0.1667	0.2887	1	-0.0168	-2.0412	0.0412
f1_A_68_1_A_64_1	f1_A_119_1_A_118_0	0.0000	0.0000	0.5000	0.0000	1	-0.5000	-inf	0.0000
f1_A_68_1_A_64_1	f1_A_17_1_A_17_0	0.6667	0.5774	-0.6667	0.2887	1	0.0423	2.0656	0.0389
f1_A_68_1_A_64_1	f1_A_19_0_A_17_1	-0.1667	0.2887	0.6667	0.2887	1	-0.0168	-2.0412	0.0412
f1_A_68_1_A_64_1	f1_A_41_0_A_54_1	0.0000	0.0000	-0.5000	0.0000	1	0.5000	inf	0.0000
f1_A_68_1_A_64_1	f1_A_71_1_A_67_1	0.0000	0.0000	0.8333	0.2887	1	-0.2560	-2.8868	0.0039
f1_A_68_1_A_64_1	f1_B_107_1_B_110_0	0.0000	0.0000	-0.6667	0.2887	1	0.0893	2.3094	0.0209
f1_A_68_1_A_64_1	f1_B_145_0_B_158_1	0.1667	0.2887	-0.6667	0.2887	1	0.0168	2.0412	0.0412
f1_A_68_1_A_64_1	f1_B_86_1_B_83_1	0.0000	0.0000	0.6667	0.2887	1	-0.0893	-2.3094	0.0209
f1_A_68_1_A_64_1	f1_C_104_1_A_51_1	0.1667	0.2887	-0.5000	0.0000	1	0.0893	2.3094	0.0209
f1_A_68_1_A_65_1	f1_A_143_0_B_36_0	0.5000	0.0000	-0.6667	0.5774	1	0.0120	2.0207	0.0433
f1_A_68_1_A_65_1	f1_A_50_0_A_47_0	0.5000	0.0000	-0.3333	0.2887	1	0.2560	2.8868	0.0039
f1_A_68_1_A_65_1	f1_A_66_1_A_62_1	-0.8333	0.2887	0.1667	0.2887	1	-0.1835	-2.4495	0.0143
f1_A_68_1_A_65_1	f1_B_69_1_B_66_1	0.8333	0.2887	0.0000	0.0000	1	0.2560	2.8868	0.0039
f1_A_68_1_A_65_1	f1_B_80_0_B_76_1	0.8333	0.2887	0.0000	0.0000	1	0.2560	2.8868	0.0039
f1_A_68_1_A_65_1	f1_B_90_0_B_86_1	-0.6667	0.2887	0.1667	0.2887	1	-0.0168	-2.0412	0.0412
f1_A_68_1_A_65_1	f1_B_93_0_A_47_0	-0.5000	0.0000	0.3333	0.2887	1	-0.2560	-2.8868	0.0039
f1_A_68_1_A_65_1	f1_C_105_0_A_51_1	0.8333	0.2887	-0.1667	0.2887	1	0.1835	2.4495	0.0143
f1_A_6_1_A_27_0	f1_A_118_0_A_166_0	1.0000	0.0000	0.0000	0.0000	1	1.0000	inf	0.0000
f1_A_6_1_A_27_0	f1_A_41_0_A_54_1	0.0000	0.0000	0.5000	0.0000	1	-0.5000	-inf	0.0000
f1_A_6_1_A_27_0	f1_A_46_1_A_44_1	-0.1667	0.2887	0.6667	0.2887	1	-0.0168	-2.0412	0.0412
f1_A_6_1_A_27_0	f1_A_48_1_A_45_1	-0.8333	0.2887	0.0000	0.0000	1	-0.2560	-2.8868	0.0039
f1_A_6_1_A_27_0	f1_B_145_0_B_158_1	-0.5000	0.5000	0.6667	0.2887	1	-0.0120	-2.0207	0.0433
f1_A_6_1_A_27_0	f1_B_16_0_A_4_0	0.0000	0.0000	-0.6667	0.2887	1	0.0893	2.3094	0.0209
f1_A_6_1_A_27_0	f1_B_23_1_B_22_0	-0.6667	0.2887	0.0000	0.0000	1	-0.0893	-2.3094	0.0209
f1_A_6_1_A_27_0	f1_B_28_1_B_40_1	-0.6667	0.2887	0.1667	0.2887	1	-0.0168	-2.0412	0.0412
f1_A_6_1_A_27_0	f1_B_63_1_B_59_1	0.1667	0.2887	1.0000	0.0000	1	-0.2560	-2.8868	0.0039
f1_A_6_1_A_27_0	f1_B_89_1_B_86_1	0.5000	0.0000	-0.5000	0.0000	1	1.0000	inf	0.0000
f1_A_6_1_A_27_0	f1_C_104_1_A_51_1	-0.6667	0.5774	0.5000	0.0000	1	-0.0120	-2.0207	0.0433
f1_A_71_1_A_67_1	f1_A_19_0_A_17_1	0.0000	0.0000	0.5000	0.0000	1	-0.5000	-inf	0.0000
f1_A_71_1_A_67_1	f1_A_50_1_A_47_1	0.1667	0.2887	1.0000	0.0000	1	-0.2560	-2.8868	0.0039
f1_A_71_1_A_67_1	f1_A_68_1_A_64_1	0.0000	0.0000	0.8333	0.2887	1	-0.2560	-2.8868	0.0039
f1_A_71_1_A_67_1	f1_B_106_1_B_110_0	0.0000	0.0000	-0.5000	0.0000	1	0.5000	inf	0.0000
f1_A_71_1_A_67_1	f1_B_106_1_B_113_0	0.0000	0.0000	0.6667	0.2887	1	-0.0893	-2.3094	0.0209
f1_A_71_1_A_67_1	f1_B_107_1_B_110_0	0.0000	0.0000	-0.5000	0.0000	1	0.5000	inf	0.0000
f1_A_71_1_A_67_1	f1_B_145_0_B_158_1	0.1667	0.2887	-0.5000	0.0000	1	0.0893	2.3094	0.0209
f1_A_71_1_A_67_1	f1_B_59_1_B_55_1	0.0000	0.0000	-0.5000	0.0000	1	0.5000	inf	0.0000
f1_A_71_1_A_67_1	f1_B_67_1_B_64_1	0.1667	0.2887	-0.6667	0.2887	1	0.0168	2.0412	0.0412
f1_A_71_1_A_67_1	f1_B_86_1_B_83_1	0.0000	0.0000	0.5000	0.0000	1	-0.5000	-inf	0.0000
f1_A_71_1_A_67_1	f1_B_89_1_B_86_1	-0.1667	0.2887	0.6667	0.2887	1	-0.0168	-2.0412	0.0412
f1_A_71_1_A_67_1	f1_B_91_1_B_87_1	0.0000	0.0000	0.6667	0.2887	1	-0.0893	-2.3094	0.0209
f1_A_72_1_A_69_1	f1_A_46_1_A_44_1	-0.1667	0.2887	0.8333	0.2887	1	-0.1835	-2.4495	0.0143
f1_A_72_1_A_69_1	f1_A_64_1_A_60_1	0.0000	0.0000	-1.0000	0.0000	1	1.0000	inf	0.0000
f1_A_72_1_A_69_1	f1_B_107_1_B_110_0	0.0000	0.0000	-0.6667	0.2887	1	0.0893	2.3094	0.0209
f1_A_72_1_A_69_1	f1_B_153_1_A_29_0	0.0000	0.0000	-0.8333	0.2887	1	0.2560	2.8868	0.0039
f1_A_72_1_A_69_1	f1_B_29_0_A_141_0	0.0000	0.0000	0.6667	0.2887	1	-0.0893	-2.3094	0.0209
f1_A_72_1_A_69_1	f1_B_55_1_B_52_1	0.1667	0.2887	-0.5000	0.0000	1	0.0893	2.3094	0.0209
f1_A_75_1_A_72_1	f1_A_101_1_A_98_1	0.1667	0.2887	-0.8333	0.2887	1	0.1835	2.4495	0.0143
f1_A_75_1_A_72_1	f1_A_59_1_A_56_1	-0.5000	0.5000	0.6667	0.2887	1	-0.0120	-2.0207	0.0433
f1_A_75_1_A_72_1	f1_B_51_0_B_36_1	-0.1667	0.2887	1.0000	0.0000	1	-0.5893	-4.0415	0.0001
f1_A_75_1_A_72_1	f1_B_57_1_B_54_1	-0.1667	0.2887	0.6667	0.2887	1	-0.0168	-2.0412	0.0412
f1_A_95_1_A_103_0	f1_A_124_0_A_159_0	0.1667	0.2887	-0.6667	0.2887	1	0.0168	2.0412	0.0412
f1_A_95_1_A_103_0	f1_A_156_0_A_159_0	-0.1667	0.2887	0.5000	0.0000	1	-0.0893	-2.3094	0.0209
f1_A_95_1_A_103_0	f1_A_19_0_A_17_1	0.0000	0.0000	0.6667	0.2887	1	-0.0893	-2.3094	0.0209
f1_A_95_1_A_103_0	f1_B_106_1_B_110_0	0.0000	0.0000	-0.6667	0.2887	1	0.0893	2.3094	0.0209
f1_A_95_1_A_103_0	f1_B_107_1_B_110_0	0.0000	0.0000	-0.6667	0.2887	1	0.0893	2.3094	0.0209
f1_A_95_1_A_103_0	f1_B_51_0_B_36_1	-0.1667	0.2887	0.5000	0.0000	1	-0.0893	-2.3094	0.0209
f1_A_95_1_A_103_0	f1_B_55_1_B_52_1	-0.1667	0.2887	0.6667	0.2887	1	-0.0168	-2.0412	0.0412
f1_A_95_1_A_103_0	f1_B_72_0_B_69_0	0.0000	0.0000	0.6667	0.2887	1	-0.0893	-2.3094	0.0209
f1_A_95_1_A_103_0	f1_B_86_1_B_83_1	0.0000	0.0000	0.6667	0.2887	1	-0.0893	-2.3094	0.0209
f1_A_99_1_A_98_0	f1_A_38_1_A_35_1	-0.6667	0.2887	0.1667	0.2887	1	-0.0168	-2.0412	0.0412
f1_A_99_1_A_98_0	f1_B_142_1_B_139_1	-0.5000	0.0000	0.0000	0.0000	1	-0.5000	-inf	0.0000
f1_A_99_1_A_98_0	f1_B_26_1_B_42_0	0.5000	0.0000	0.0000	0.0000	1	0.5000	inf	0.0000
f1_A_99_1_A_98_0	f1_B_92_0_B_87_0	-0.6667	0.2887	0.0000	0.0000	1	-0.0893	-2.3094	0.0209
f1_A_99_1_A_98_0	f1_B_96_1_B_96_0	0.5000	0.0000	-0.3333	0.2887	1	0.2560	2.8868	0.0039
f1_A_99_1_A_98_0	f1_C_117_1_C_114_1	0.6667	0.2887	0.0000	0.0000	1	0.0893	2.3094	0.0209
f1_B_104_0_B_114_1	f1_A_119_1_A_118_0	0.0000	0.0000	-0.5000	0.0000	1	0.5000	inf	0.0000
f1_B_104_0_B_114_1	f1_A_41_0_A_54_1	0.0000	0.0000	0.5000	0.0000	1	-0.5000	-inf	0.0000
f1_B_104_0_B_114_1	f1_B_130_0_B_137_0	-0.1667	0.2887	-1.0000	0.0000	1	0.2560	2.8868	0.0039
f1_B_104_0_B_114_1	f1_B_131_0_B_160_1	0.0000	0.0000	-0.8333	0.2887	1	0.2560	2.8868	0.0039
f1_B_104_0_B_114_1	f1_B_179_0_B_177_0	0.1667	0.2887	1.0000	0.0000	1	-0.2560	-2.8868	0.0039
f1_B_104_0_B_114_1	f1_B_32_0_A_77_0	0.0000	0.0000	0.8333	0.2887	1	-0.2560	-2.8868	0.0039
f1_B_104_0_B_114_1	f1_B_59_1_B_55_1	0.3333	0.2887	-0.8333	0.2887	1	0.3502	2.8577	0.0043
f1_B_106_1_B_110_0	f1_A_124_0_A_159_0	-0.1667	0.2887	1.0000	0.0000	1	-0.5893	-4.0415	0.0001
f1_B_106_1_B_110_0	f1_A_17_1_A_17_0	-0.1667	0.2887	0.6667	0.2887	1	-0.0168	-2.0412	0.0412
f1_B_106_1_B_110_0	f1_A_50_1_A_46_1	-0.1667	0.2887	0.6667	0.2887	1	-0.0168	-2.0412	0.0412
f1_B_106_1_B_110_0	f1_A_50_1_A_47_1	0.1667	0.2887	-0.5000	0.0000	1	0.0893	2.3094	0.0209
f1_B_106_1_B_110_0	f1_A_64_1_A_60_1	0.0000	0.0000	0.6667	0.2887	1	-0.0893	-2.3094	0.0209
f1_B_106_1_B_110_0	f1_A_71_1_A_67_1	0.0000	0.0000	-0.5000	0.0000	1	0.5000	inf	0.0000
f1_B_106_1_B_110_0	f1_A_95_1_A_103_0	0.0000	0.0000	-0.6667	0.2887	1	0.0893	2.3094	0.0209
f1_B_106_1_B_110_0	f1_B_107_1_B_110_0	0.0000	0.0000	1.0000	0.0000	1	-1.0000	-inf	0.0000
f1_B_106_1_B_110_0	f1_B_180_1_B_177_1	0.0000	0.0000	-0.6667	0.2887	1	0.0893	2.3094	0.0209
f1_B_106_1_B_110_0	f1_B_72_0_B_69_0	0.1667	0.2887	-0.6667	0.2887	1	0.0168	2.0412	0.0412
f1_B_106_1_B_110_0	f1_B_78_1_B_74_1	0.0000	0.0000	-0.5000	0.0000	1	0.5000	inf	0.0000
f1_B_106_1_B_113_0	f1_A_124_0_A_159_0	0.1667	0.2887	-0.8333	0.2887	1	0.1835	2.4495	0.0143
f1_B_106_1_B_113_0	f1_A_28_1_A_25_0	-0.1667	0.2887	0.5000	0.0000	1	-0.0893	-2.3094	0.0209
f1_B_106_1_B_113_0	f1_A_46_1_A_44_1	0.0000	0.0000	0.6667	0.2887	1	-0.0893	-2.3094	0.0209
f1_B_106_1_B_113_0	f1_A_50_1_A_47_1	-0.3333	0.2887	0.6667	0.2887	1	-0.1835	-2.4495	0.0143
f1_B_106_1_B_113_0	f1_A_64_1_A_60_1	0.0000	0.0000	-0.8333	0.2887	1	0.2560	2.8868	0.0039
f1_B_106_1_B_113_0	f1_A_71_1_A_67_1	0.0000	0.0000	0.6667	0.2887	1	-0.0893	-2.3094	0.0209
f1_B_106_1_B_113_0	f1_B_107_1_B_110_0	0.0000	0.0000	-0.8333	0.2887	1	0.2560	2.8868	0.0039
f1_B_106_1_B_113_0	f1_B_180_1_B_177_1	-0.1667	0.2887	0.5000	0.0000	1	-0.0893	-2.3094	0.0209
f1_B_107_1_B_110_0	f1_A_124_0_A_159_0	0.0000	0.0000	1.0000	0.0000	1	-1.0000	-inf	0.0000
f1_B_107_1_B_110_0	f1_A_17_1_A_17_0	0.0000	0.0000	0.6667	0.2887	1	-0.0893	-2.3094	0.0209
f1_B_107_1_B_110_0	f1_A_50_1_A_46_1	0.0000	0.0000	0.6667	0.2887	1	-0.0893	-2.3094	0.0209
f1_B_107_1_B_110_0	f1_A_50_1_A_47_1	0.0000	0.0000	-0.5000	0.0000	1	0.5000	inf	0.0000
f1_B_107_1_B_110_0	f1_A_53_1_C_105_1	0.0000	0.0000	-0.8333	0.2887	1	0.2560	2.8868	0.0039
f1_B_107_1_B_110_0	f1_A_64_1_A_60_1	0.0000	0.0000	0.6667	0.2887	1	-0.0893	-2.3094	0.0209
f1_B_107_1_B_110_0	f1_A_68_1_A_64_1	0.0000	0.0000	-0.6667	0.2887	1	0.0893	2.3094	0.0209
f1_B_107_1_B_110_0	f1_A_71_1_A_67_1	0.0000	0.0000	-0.5000	0.0000	1	0.5000	inf	0.0000
f1_B_107_1_B_110_0	f1_A_72_1_A_69_1	0.0000	0.0000	-0.6667	0.2887	1	0.0893	2.3094	0.0209
f1_B_107_1_B_110_0	f1_A_95_1_A_103_0	0.0000	0.0000	-0.6667	0.2887	1	0.0893	2.3094	0.0209
f1_B_107_1_B_110_0	f1_B_106_1_B_110_0	0.0000	0.0000	1.0000	0.0000	1	-1.0000	-inf	0.0000
f1_B_107_1_B_110_0	f1_B_106_1_B_113_0	0.0000	0.0000	-0.8333	0.2887	1	0.2560	2.8868	0.0039
f1_B_107_1_B_110_0	f1_B_107_1_B_110_0	0.0000	0.0000	1.0000	0.0000	1	-1.0000	-inf	0.0000
f1_B_107_1_B_110_0	f1_B_168_1_B_190_0	0.0000	0.0000	-0.5000	0.0000	1	0.5000	inf	0.0000
f1_B_107_1_B_110_0	f1_B_180_1_B_177_1	0.0000	0.0000	-0.6667	0.2887	1	0.0893	2.3094	0.0209
f1_B_107_1_B_110_0	f1_B_58_1_B_54_1	0.0000	0.0000	-0.5000	0.0000	1	0.5000	inf	0.0000
f1_B_107_1_B_110_0	f1_B_72_0_B_69_0	0.0000	0.0000	-0.6667	0.2887	1	0.0893	2.3094	0.0209
f1_B_107_1_B_110_0	f1_B_78_1_B_74_1	0.0000	0.0000	-0.5000	0.0000	1	0.5000	inf	0.0000
f1_B_123_1_B_95_1	f1_B_26_1_B_42_0	1.0000	0.0000	0.0000	0.0000	1	1.0000	inf	0.0000
f1_B_123_1_B_95_1	f1_B_93_0_A_47_0	0.8333	0.2887	-0.1667	0.2887	1	0.1835	2.4495	0.0143
f1_B_123_1_B_95_1	f1_B_93_0_B_153_1	-0.6667	0.2887	0.0000	0.0000	1	-0.0893	-2.3094	0.0209
f1_B_127_1_B_125_1	f1_A_164_0_A_120_0	-0.5000	0.0000	0.0000	0.0000	1	-0.5000	-inf	0.0000
f1_B_127_1_B_125_1	f1_A_44_0_A_134_1	0.8333	0.2887	-0.1667	0.2887	1	0.1835	2.4495	0.0143
f1_B_127_1_B_125_1	f1_A_44_0_A_30_0	0.8333	0.2887	-0.1667	0.2887	1	0.1835	2.4495	0.0143
f1_B_127_1_B_125_1	f1_A_48_1_A_45_1	-0.8333	0.2887	0.0000	0.0000	1	-0.2560	-2.8868	0.0039
f1_B_127_1_B_125_1	f1_A_5_0_A_27_0	0.5000	0.0000	-0.3333	0.2887	1	0.2560	2.8868	0.0039
f1_B_127_1_B_125_1	f1_B_134_0_B_169_0	0.5000	0.0000	-0.1667	0.2887	1	0.0893	2.3094	0.0209
f1_B_127_1_B_125_1	f1_B_23_1_B_22_0	-0.6667	0.2887	0.0000	0.0000	1	-0.0893	-2.3094	0.0209
f1_B_12_0_A_140_1	f1_A_158_1_A_156_0	0.3333	0.2887	-0.6667	0.2887	1	0.1835	2.4495	0.0143
f1_B_12_0_A_140_1	f1_A_17_1_A_17_0	-0.5000	0.5000	0.6667	0.2887	1	-0.0120	-2.0207	0.0433
f1_B_12_0_A_140_1	f1_A_41_0_A_54_1	0.0000	0.0000	0.5000	0.0000	1	-0.5000	-inf	0.0000
f1_B_12_0_A_140_1	f1_B_16_0_A_4_0	0.0000	0.0000	0.8333	0.2887	1	-0.2560	-2.8868	0.0039
f1_B_12_0_A_140_1	f1_B_63_1_B_59_1	0.1667	0.2887	-0.5000	0.0000	1	0.0893	2.3094	0.0209
f1_B_12_0_A_140_1	f1_B_78_1_B_74_1	0.0000	0.0000	-0.8333	0.2887	1	0.2560	2.8868	0.0039
f1_B_12_0_A_140_1	f1_C_104_1_A_51_1	-0.1667	0.2887	0.5000	0.0000	1	-0.0893	-2.3094	0.0209
f1_B_130_0_B_128_0	f1_A_101_1_A_98_1	-0.3333	0.2887	0.6667	0.2887	1	-0.1835	-2.4495	0.0143
f1_B_130_0_B_128_0	f1_A_119_1_A_118_0	0.1667	0.2887	-0.8333	0.2887	1	0.1835	2.4495	0.0143
f1_B_130_0_B_128_0	f1_A_164_0_A_120_0	0.5000	0.0000	-0.1667	0.2887	1	0.0893	2.3094	0.0209
f1_B_130_0_B_128_0	f1_A_66_1_A_62_1	0.6667	0.2887	-0.5000	0.5000	1	0.0120	2.0207	0.0433
f1_B_130_0_B_128_0	f1_B_130_0_B_137_0	0.6667	0.5774	-0.6667	0.2887	1	0.0423	2.0656	0.0389
f1_B_130_0_B_128_0	f1_B_131_0_B_160_1	0.0000	0.0000	-0.5000	0.0000	1	0.5000	inf	0.0000
f1_B_130_0_B_128_0	f1_B_134_0_B_169_0	-0.5000	0.0000	0.3333	0.2887	1	-0.2560	-2.8868	0.0039
f1_B_130_0_B_128_0	f1_B_26_1_B_42_0	-0.6667	0.2887	0.0000	0.0000	1	-0.0893	-2.3094	0.0209
f1_B_130_0_B_128_0	f1_B_36_1_B_35_0	0.5000	0.0000	0.0000	0.0000	1	0.5000	inf	0.0000
f1_B_130_0_B_128_0	f1_B_63_1_B_59_1	-0.1667	0.2887	0.6667	0.2887	1	-0.0168	-2.0412	0.0412
f1_B_130_0_B_137_0	f1_A_41_0_A_54_1	0.0000	0.0000	-0.5000	0.0000	1	0.5000	inf	0.0000
f1_B_130_0_B_137_0	f1_B_104_0_B_114_1	-0.1667	0.2887	-1.0000	0.0000	1	0.2560	2.8868	0.0039
f1_B_130_0_B_137_0	f1_B_130_0_B_128_0	0.6667	0.5774	-0.6667	0.2887	1	0.0423	2.0656	0.0389
f1_B_130_0_B_137_0	f1_B_131_0_B_160_1	0.0000	0.0000	0.8333	0.2887	1	-0.2560	-2.8868	0.0039
f1_B_130_0_B_137_0	f1_B_179_0_B_177_0	0.1667	0.2887	-1.0000	0.0000	1	0.5893	4.0415	0.0001
f1_B_130_0_B_137_0	f1_B_179_0_B_95_1	-0.3333	0.2887	0.8333	0.2887	1	-0.3502	-2.8577	0.0043
f1_B_130_0_B_137_0	f1_B_32_0_A_77_0	0.0000	0.0000	-0.8333	0.2887	1	0.2560	2.8868	0.0039
f1_B_130_0_B_137_0	f1_B_51_0_B_36_1	-0.1667	0.2887	0.5000	0.0000	1	-0.0893	-2.3094	0.0209
f1_B_130_0_B_137_0	f1_B_74_1_B_70_1	0.0000	0.0000	0.5000	0.0000	1	-0.5000	-inf	0.0000
f1_B_131_0_B_160_1	f1_A_119_1_A_118_0	0.0000	0.0000	0.6667	0.2887	1	-0.0893	-2.3094	0.0209
f1_B_131_0_B_160_1	f1_A_150_1_A_133_0	0.0000	0.0000	0.6667	0.2887	1	-0.0893	-2.3094	0.0209
f1_B_131_0_B_160_1	f1_A_17_1_A_17_0	0.0000	0.0000	-0.5000	0.0000	1	0.5000	inf	0.0000
f1_B_131_0_B_160_1	f1_A_41_0_A_54_1	0.0000	0.0000	-0.6667	0.2887	1	0.0893	2.3094	0.0209
f1_B_131_0_B_160_1	f1_A_59_1_A_56_1	0.0000	0.0000	-0.5000	0.0000	1	0.5000	inf	0.0000
f1_B_131_0_B_160_1	f1_B_104_0_B_114_1	0.0000	0.0000	-0.8333	0.2887	1	0.2560	2.8868	0.0039
f1_B_131_0_B_160_1	f1_B_130_0_B_128_0	0.0000	0.0000	-0.5000	0.0000	1	0.5000	inf	0.0000
f1_B_131_0_B_160_1	f1_B_130_0_B_137_0	0.0000	0.0000	0.8333	0.2887	1	-0.2560	-2.8868	0.0039
f1_B_131_0_B_160_1	f1_B_131_0_B_160_1	0.0000	0.0000	1.0000	0.0000	1	-1.0000	-inf	0.0000
f1_B_131_0_B_160_1	f1_B_168_1_B_190_0	0.0000	0.0000	0.6667	0.2887	1	-0.0893	-2.3094	0.0209
f1_B_131_0_B_160_1	f1_B_179_0_B_177_0	0.0000	0.0000	-0.8333	0.2887	1	0.2560	2.8868	0.0039
f1_B_131_0_B_160_1	f1_B_32_0_A_77_0	0.0000	0.0000	-0.6667	0.2887	1	0.0893	2.3094	0.0209
f1_B_131_0_B_160_1	f1_B_57_1_B_54_1	0.0000	0.0000	0.6667	0.2887	1	-0.0893	-2.3094	0.0209
f1_B_131_0_B_160_1	f1_B_58_1_B_54_1	0.0000	0.0000	0.6667	0.2887	1	-0.0893	-2.3094	0.0209
f1_B_131_0_B_160_1	f1_B_59_1_B_55_1	0.0000	0.0000	0.6667	0.2887	1	-0.0893	-2.3094	0.0209
f1_B_131_0_B_160_1	f1_B_60_1_B_56_1	0.0000	0.0000	0.5000	0.0000	1	-0.5000	-inf	0.0000
f1_B_131_0_B_160_1	f1_B_60_1_B_57_1	0.0000	0.0000	-0.5000	0.0000	1	0.5000	inf	0.0000
f1_B_131_0_B_160_1	f1_B_78_1_B_74_1	0.0000	0.0000	0.6667	0.2887	1	-0.0893	-2.3094	0.0209
f1_B_131_0_B_160_1	f1_B_89_1_B_86_1	0.0000	0.0000	0.6667	0.2887	1	-0.0893	-2.3094	0.0209
f1_B_131_0_B_160_1	f1_C_104_1_A_51_1	0.0000	0.0000	-0.6667	0.2887	1	0.0893	2.3094	0.0209
f1_B_134_0_B_169_0	f1_A_150_1_A_149_0	0.5000	0.0000	0.0000	0.0000	1	0.5000	inf	0.0000
f1_B_134_0_B_169_0	f1_A_57_0_A_55_0	-1.0000	0.0000	0.0000	0.0000	1	-1.0000	-inf	0.0000
f1_B_134_0_B_169_0	f1_B_127_1_B_125_1	0.5000	0.0000	-0.1667	0.2887	1	0.0893	2.3094	0.0209
f1_B_134_0_B_169_0	f1_B_130_0_B_128_0	-0.5000	0.0000	0.3333	0.2887	1	-0.2560	-2.8868	0.0039
f1_B_134_0_B_169_0	f1_B_69_1_B_66_1	0.5000	0.0000	0.0000	0.0000	1	0.5000	inf	0.0000
f1_B_134_0_B_169_0	f1_B_93_0_B_153_1	0.6667	0.2887	0.0000	0.0000	1	0.0893	2.3094	0.0209
f1_B_134_0_B_169_0	f1_C_105_0_A_51_1	0.5000	0.0000	0.0000	0.0000	1	0.5000	inf	0.0000
f1_B_142_1_B_139_1	f1_A_150_1_A_149_0	-0.6667	0.2887	0.0000	0.0000	1	-0.0893	-2.3094	0.0209
f1_B_142_1_B_139_1	f1_A_44_0_B_152_0	0.5000	0.0000	0.0000	0.0000	1	0.5000	inf	0.0000
f1_B_142_1_B_139_1	f1_A_99_1_A_98_0	-0.5000	0.0000	0.0000	0.0000	1	-0.5000	-inf	0.0000
f1_B_142_1_B_139_1	f1_B_51_1_B_37_1	-0.6667	0.2887	0.0000	0.0000	1	-0.0893	-2.3094	0.0209
f1_B_142_1_B_139_1	f1_C_117_1_C_114_1	-0.8333	0.2887	0.0000	0.0000	1	-0.2560	-2.8868	0.0039
f1_B_145_0_B_158_1	f1_A_27_1_A_6_1	-0.1667	0.2887	0.8333	0.2887	1	-0.1835	-2.4495	0.0143
f1_B_145_0_B_158_1	f1_A_68_1_A_64_1	0.1667	0.2887	-0.6667	0.2887	1	0.0168	2.0412	0.0412
f1_B_145_0_B_158_1	f1_A_6_1_A_27_0	-0.5000	0.5000	0.6667	0.2887	1	-0.0120	-2.0207	0.0433
f1_B_145_0_B_158_1	f1_A_71_1_A_67_1	0.1667	0.2887	-0.5000	0.0000	1	0.0893	2.3094	0.0209
f1_B_145_0_B_158_1	f1_B_16_0_A_4_0	0.0000	0.0000	-0.6667	0.2887	1	0.0893	2.3094	0.0209
f1_B_145_0_B_158_1	f1_B_63_1_B_59_1	0.0000	0.0000	0.6667	0.2887	1	-0.0893	-2.3094	0.0209
f1_B_145_0_B_158_1	f1_B_71_0_B_47_0	0.1667	0.2887	-0.6667	0.2887	1	0.0168	2.0412	0.0412
f1_B_145_0_B_158_1	f1_B_76_1_B_73_1	0.0000	0.0000	-0.6667	0.2887	1	0.0893	2.3094	0.0209
f1_B_145_1_B_158_1	f1_A_118_0_A_166_0	0.5000	0.0000	0.0000	0.0000	1	0.5000	inf	0.0000
f1_B_145_1_B_158_1	f1_A_44_0_A_134_1	0.6667	0.2887	0.0000	0.0000	1	0.0893	2.3094	0.0209
f1_B_145_1_B_158_1	f1_A_48_1_A_45_1	-0.6667	0.2887	0.0000	0.0000	1	-0.0893	-2.3094	0.0209
f1_B_145_1_B_158_1	f1_A_59_1_A_56_1	-1.0000	0.0000	0.5000	0.5000	1	-0.5000	-3.0000	0.0027
f1_B_145_1_B_158_1	f1_B_26_1_B_42_0	-0.6667	0.2887	0.0000	0.0000	1	-0.0893	-2.3094	0.0209
f1_B_145_1_B_158_1	f1_B_69_1_B_66_1	0.5000	0.0000	0.0000	0.0000	1	0.5000	inf	0.0000
f1_B_145_1_B_158_1	f1_B_80_0_B_76_1	0.8333	0.2887	0.0000	0.0000	1	0.2560	2.8868	0.0039
f1_B_145_1_B_158_1	f1_B_93_0_B_153_1	0.6667	0.2887	0.0000	0.0000	1	0.0893	2.3094	0.0209
f1_B_145_1_B_158_1	f1_C_105_0_A_51_1	0.5000	0.0000	0.0000	0.0000	1	0.5000	inf	0.0000
f1_B_149_0_A_28_1	f1_B_168_1_B_190_0	-0.8333	0.2887	0.3333	0.2887	1	-0.3502	-2.8577	0.0043
f1_B_149_0_A_28_1	f1_B_168_1_B_190_1	1.0000	0.0000	-0.1667	0.2887	1	0.5893	4.0415	0.0001
f1_B_149_0_A_28_1	f1_B_36_1_B_35_0	-0.5000	0.0000	0.0000	0.0000	1	-0.5000	-inf	0.0000
f1_B_149_0_A_28_1	f1_B_93_0_B_153_1	-0.6667	0.2887	0.0000	0.0000	1	-0.0893	-2.3094	0.0209
f1_B_149_0_A_28_1	f1_C_105_0_A_51_1	-0.5000	0.0000	0.0000	0.0000	1	-0.5000	-inf	0.0000
f1_B_153_1_A_29_0	f1_A_28_1_A_25_0	0.1667	0.2887	-0.5000	0.0000	1	0.0893	2.3094	0.0209
f1_B_153_1_A_29_0	f1_A_41_0_A_54_1	0.0000	0.0000	-0.5000	0.0000	1	0.5000	inf	0.0000
f1_B_153_1_A_29_0	f1_A_46_1_A_44_1	0.0000	0.0000	-0.6667	0.2887	1	0.0893	2.3094	0.0209
f1_B_153_1_A_29_0	f1_A_64_1_A_60_1	0.0000	0.0000	0.8333	0.2887	1	-0.2560	-2.8868	0.0039
f1_B_153_1_A_29_0	f1_A_72_1_A_69_1	0.0000	0.0000	-0.8333	0.2887	1	0.2560	2.8868	0.0039
f1_B_153_1_A_29_0	f1_B_180_1_B_177_1	0.1667	0.2887	-0.5000	0.0000	1	0.0893	2.3094	0.0209
f1_B_153_1_A_29_0	f1_B_29_0_A_141_0	0.0000	0.0000	-0.8333	0.2887	1	0.2560	2.8868	0.0039
f1_B_153_1_A_29_0	f1_B_55_1_B_52_1	-0.1667	0.2887	0.6667	0.2887	1	-0.0168	-2.0412	0.0412
f1_B_153_1_A_29_0	f1_B_58_1_B_54_1	0.0000	0.0000	-0.6667	0.2887	1	0.0893	2.3094	0.0209
f1_B_153_1_A_29_0	f1_B_6_0_B_4_1	0.1667	0.2887	-0.5000	0.0000	1	0.0893	2.3094	0.0209
f1_B_153_1_A_29_0	f1_B_71_0_B_47_0	0.1667	0.2887	-0.5000	0.0000	1	0.0893	2.3094	0.0209
f1_B_153_1_A_29_0	f1_B_76_1_B_73_1	0.1667	0.2887	-0.5000	0.0000	1	0.0893	2.3094	0.0209
f1_B_153_1_A_29_0	f1_C_104_1_A_51_1	0.0000	0.0000	-0.5000	0.0000	1	0.5000	inf	0.0000
f1_B_157_0_B_146_1	f1_A_50_0_A_47_0	1.0000	0.0000	0.5000	0.0000	1	0.5000	inf	0.0000
f1_B_157_0_B_146_1	f1_B_16_0_A_4_0	0.0000	0.0000	0.5000	0.0000	1	-0.5000	-inf	0.0000
f1_B_157_0_B_146_1	f1_B_25_0_B_41_0	-0.6667	0.2887	0.3333	0.2887	1	-0.1835	-2.4495	0.0143
f1_B_157_0_B_146_1	f1_B_26_1_B_42_0	-0.8333	0.2887	0.0000	0.0000	1	-0.2560	-2.8868	0.0039
f1_B_157_0_B_146_1	f1_B_29_0_A_141_0	0.0000	0.0000	0.5000	0.0000	1	-0.5000	-inf	0.0000
f1_B_157_0_B_146_1	f1_B_32_0_A_77_0	0.0000	0.0000	-0.6667	0.2887	1	0.0893	2.3094	0.0209
f1_B_157_0_B_146_1	f1_B_80_0_B_76_1	0.6667	0.2887	0.0000	0.0000	1	0.0893	2.3094	0.0209
f1_B_157_0_B_146_1	f1_B_93_0_A_47_0	-1.0000	0.0000	-0.3333	0.2887	1	-0.0893	-2.3094	0.0209
f1_B_157_0_B_146_1	f1_B_93_0_B_153_1	0.8333	0.2887	-0.1667	0.2887	1	0.1835	2.4495	0.0143
f1_B_157_0_B_146_1	f1_C_117_1_C_114_1	-0.6667	0.2887	0.0000	0.0000	1	-0.0893	-2.3094	0.0209
f1_B_168_1_B_190_0	f1_A_30_1_A_29_0	0.8333	0.2887	-0.5000	0.5000	1	0.1786	2.3094	0.0209
f1_B_168_1_B_190_0	f1_A_41_0_A_54_1	0.0000	0.0000	-0.6667	0.2887	1	0.0893	2.3094	0.0209
f1_B_168_1_B_190_0	f1_B_107_1_B_110_0	0.0000	0.0000	-0.5000	0.0000	1	0.5000	inf	0.0000
f1_B_168_1_B_190_0	f1_B_131_0_B_160_1	0.0000	0.0000	0.6667	0.2887	1	-0.0893	-2.3094	0.0209
f1_B_168_1_B_190_0	f1_B_149_0_A_28_1	-0.8333	0.2887	0.3333	0.2887	1	-0.3502	-2.8577	0.0043
f1_B_168_1_B_190_0	f1_B_16_0_A_4_0	0.0000	0.0000	-0.6667	0.2887	1	0.0893	2.3094	0.0209
f1_B_168_1_B_190_0	f1_B_36_1_B_35_0	0.6667	0.2887	0.0000	0.0000	1	0.0893	2.3094	0.0209
f1_B_168_1_B_190_0	f1_B_78_1_B_74_1	0.0000	0.0000	1.0000	0.0000	1	-1.0000	-inf	0.0000
f1_B_168_1_B_190_0	f1_B_80_0_B_76_1	-0.5000	0.0000	0.0000	0.0000	1	-0.5000	-inf	0.0000
f1_B_168_1_B_190_1	f1_A_30_1_A_29_0	-0.6667	0.2887	0.1667	0.2887	1	-0.0168	-2.0412	0.0412
f1_B_168_1_B_190_1	f1_A_53_1_C_105_1	-1.0000	0.0000	-0.3333	0.2887	1	-0.0893	-2.3094	0.0209
f1_B_168_1_B_190_1	f1_B_149_0_A_28_1	1.0000	0.0000	-0.1667	0.2887	1	0.5893	4.0415	0.0001
f1_B_168_1_B_190_1	f1_B_36_1_B_35_0	-0.5000	0.0000	0.0000	0.0000	1	-0.5000	-inf	0.0000
f1_B_168_1_B_190_1	f1_B_74_1_B_71_1	0.8333	0.2887	-0.1667	0.2887	1	0.1835	2.4495	0.0143
f1_B_168_1_B_190_1	f1_C_105_0_A_51_1	-0.5000	0.0000	0.1667	0.2887	1	-0.0893	-2.3094	0.0209
f1_B_16_0_A_4_0	f1_A_158_1_A_156_0	0.0000	0.0000	-0.8333	0.2887	1	0.2560	2.8868	0.0039
f1_B_16_0_A_4_0	f1_A_17_1_A_17_0	0.0000	0.0000	0.5000	0.0000	1	-0.5000	-inf	0.0000
f1_B_16_0_A_4_0	f1_A_19_1_A_14_1	0.0000	0.0000	0.5000	0.0000	1	-0.5000	-inf	0.0000
f1_B_16_0_A_4_0	f1_A_59_1_A_56_1	0.0000	0.0000	0.5000	0.0000	1	-0.5000	-inf	0.0000
f1_B_16_0_A_4_0	f1_A_5_0_A_27_0	0.0000	0.0000	-0.5000	0.0000	1	0.5000	inf	0.0000
f1_B_16_0_A_4_0	f1_A_6_1_A_27_0	0.0000	0.0000	-0.6667	0.2887	1	0.0893	2.3094	0.0209
f1_B_16_0_A_4_0	f1_B_12_0_A_140_1	0.0000	0.0000	0.8333	0.2887	1	-0.2560	-2.8868	0.0039
f1_B_16_0_A_4_0	f1_B_145_0_B_158_1	0.0000	0.0000	-0.6667	0.2887	1	0.0893	2.3094	0.0209
f1_B_16_0_A_4_0	f1_B_157_0_B_146_1	0.0000	0.0000	0.5000	0.0000	1	-0.5000	-inf	0.0000
f1_B_16_0_A_4_0	f1_B_168_1_B_190_0	0.0000	0.0000	-0.6667	0.2887	1	0.0893	2.3094	0.0209
f1_B_16_0_A_4_0	f1_B_16_0_A_4_0	0.0000	0.0000	1.0000	0.0000	1	-1.0000	-inf	0.0000
f1_B_16_0_A_4_0	f1_B_63_1_B_59_1	0.0000	0.0000	-0.6667	0.2887	1	0.0893	2.3094	0.0209
f1_B_16_0_A_4_0	f1_B_67_1_B_64_1	0.0000	0.0000	-0.8333	0.2887	1	0.2560	2.8868	0.0039
f1_B_16_0_A_4_0	f1_B_78_1_B_74_1	0.0000	0.0000	-0.6667	0.2887	1	0.0893	2.3094	0.0209
f1_B_179_0_B_177_0	f1_A_41_0_A_54_1	0.0000	0.0000	0.5000	0.0000	1	-0.5000	-inf	0.0000
f1_B_179_0_B_177_0	f1_B_104_0_B_114_1	0.1667	0.2887	1.0000	0.0000	1	-0.2560	-2.8868	0.0039
f1_B_179_0_B_177_0	f1_B_130_0_B_137_0	0.1667	0.2887	-1.0000	0.0000	1	0.5893	4.0415	0.0001
f1_B_179_0_B_177_0	f1_B_131_0_B_160_1	0.0000	0.0000	-0.8333	0.2887	1	0.2560	2.8868	0.0039
f1_B_179_0_B_177_0	f1_B_32_0_A_77_0	0.0000	0.0000	0.8333	0.2887	1	-0.2560	-2.8868	0.0039
f1_B_179_0_B_177_0	f1_B_51_0_B_36_1	0.0000	0.0000	-0.5000	0.0000	1	0.5000	inf	0.0000
f1_B_179_0_B_177_0	f1_B_57_1_B_54_1	0.1667	0.2887	-0.8333	0.2887	1	0.1835	2.4495	0.0143
f1_B_179_0_B_177_0	f1_B_60_1_B_57_1	-0.6667	0.5774	0.6667	0.2887	1	-0.0423	-2.0656	0.0389
f1_B_179_0_B_177_0	f1_B_74_1_B_70_1	0.1667	0.2887	-0.5000	0.0000	1	0.0893	2.3094	0.0209
f1_B_179_0_B_177_0	f1_B_89_1_B_86_1	0.3333	0.2887	-0.5000	0.0000	1	0.2560	2.8868	0.0039
f1_B_179_0_B_95_1	f1_B_130_0_B_137_0	-0.3333	0.2887	0.8333	0.2887	1	-0.3502	-2.8577	0.0043
f1_B_179_0_B_95_1	f1_B_23_1_B_22_0	0.6667	0.2887	0.0000	0.0000	1	0.0893	2.3094	0.0209
f1_B_179_0_B_95_1	f1_B_29_0_A_141_0	0.0000	0.0000	0.5000	0.0000	1	-0.5000	-inf	0.0000
f1_B_179_0_B_95_1	f1_B_32_0_A_77_0	0.0000	0.0000	-0.6667	0.2887	1	0.0893	2.3094	0.0209
f1_B_179_0_B_95_1	f1_B_36_1_B_35_0	-1.0000	0.0000	0.0000	0.0000	1	-1.0000	-inf	0.0000
f1_B_179_0_B_95_1	f1_B_51_0_B_36_1	-0.1667	0.2887	0.6667	0.2887	1	-0.0168	-2.0412	0.0412
f1_B_179_0_B_95_1	f1_B_59_1_B_55_1	-0.6667	0.5774	0.6667	0.2887	1	-0.0423	-2.0656	0.0389
f1_B_179_0_B_95_1	f1_B_74_1_B_70_1	-0.1667	0.2887	0.6667	0.2887	1	-0.0168	-2.0412	0.0412
f1_B_180_1_B_177_1	f1_A_64_1_A_60_1	0.0000	0.0000	-0.6667	0.2887	1	0.0893	2.3094	0.0209
f1_B_180_1_B_177_1	f1_B_106_1_B_110_0	0.0000	0.0000	-0.6667	0.2887	1	0.0893	2.3094	0.0209
f1_B_180_1_B_177_1	f1_B_106_1_B_113_0	-0.1667	0.2887	0.5000	0.0000	1	-0.0893	-2.3094	0.0209
f1_B_180_1_B_177_1	f1_B_107_1_B_110_0	0.0000	0.0000	-0.6667	0.2887	1	0.0893	2.3094	0.0209
f1_B_180_1_B_177_1	f1_B_153_1_A_29_0	0.1667	0.2887	-0.5000	0.0000	1	0.0893	2.3094	0.0209
f1_B_180_1_B_177_1	f1_B_29_0_A_141_0	0.0000	0.0000	0.6667	0.2887	1	-0.0893	-2.3094	0.0209
f1_B_180_1_B_177_1	f1_B_74_1_B_70_1	0.0000	0.0000	0.5000	0.0000	1	-0.5000	-inf	0.0000
f1_B_23_1_B_22_0	f1_A_118_0_A_166_0	-0.6667	0.2887	0.0000	0.0000	1	-0.0893	-2.3094	0.0209
f1_B_23_1_B_22_0	f1_A_44_0_A_134_1	-0.8333	0.2887	0.0000	0.0000	1	-0.2560	-2.8868	0.0039
f1_B_23_1_B_22_0	f1_A_44_0_A_30_0	-0.8333	0.2887	0.0000	0.0000	1	-0.2560	-2.8868	0.0039
f1_B_23_1_B_22_0	f1_A_48_1_A_45_1	0.8333	0.2887	0.0000	0.0000	1	0.2560	2.8868	0.0039
f1_B_23_1_B_22_0	f1_A_66_1_A_62_1	-0.5000	0.0000	0.0000	0.0000	1	-0.5000	-inf	0.0000
f1_B_23_1_B_22_0	f1_A_6_1_A_27_0	-0.6667	0.2887	0.0000	0.0000	1	-0.0893	-2.3094	0.0209
f1_B_23_1_B_22_0	f1_B_127_1_B_125_1	-0.6667	0.2887	0.0000	0.0000	1	-0.0893	-2.3094	0.0209
f1_B_23_1_B_22_0	f1_B_179_0_B_95_1	0.6667	0.2887	0.0000	0.0000	1	0.0893	2.3094	0.0209
f1_B_23_1_B_22_0	f1_B_23_1_B_22_0	1.0000	0.0000	0.0000	0.0000	1	1.0000	inf	0.0000
f1_B_23_1_B_22_0	f1_B_36_1_B_35_0	-0.6667	0.2887	0.0000	0.0000	1	-0.0893	-2.3094	0.0209
f1_B_23_1_B_22_0	f1_B_43_1_B_41_0	0.6667	0.2887	0.0000	0.0000	1	0.0893	2.3094	0.0209
f1_B_23_1_B_22_0	f1_B_89_1_B_86_1	-0.8333	0.2887	0.0000	0.0000	1	-0.2560	-2.8868	0.0039
f1_B_23_1_B_22_0	f1_B_92_0_B_87_0	-0.6667	0.2887	0.0000	0.0000	1	-0.0893	-2.3094	0.0209
f1_B_23_1_B_22_0	f2_MHCII	-0.6446	0.2805	0.0000	0.0000	1	-0.0835	-2.2978	0.0216
f1_B_25_0_B_41_0	f1_A_5_1_B_17_1	-0.8333	0.2887	0.1667	0.2887	1	-0.1835	-2.4495	0.0143
f1_B_25_0_B_41_0	f1_B_157_0_B_146_1	-0.6667	0.2887	0.3333	0.2887	1	-0.1835	-2.4495	0.0143
f1_B_25_0_B_41_0	f1_B_26_1_B_42_0	0.8333	0.2887	0.0000	0.0000	1	0.2560	2.8868	0.0039
f1_B_25_0_B_41_0	f1_B_36_1_B_35_0	-0.6667	0.2887	0.0000	0.0000	1	-0.0893	-2.3094	0.0209
f1_B_25_0_B_41_0	f1_B_90_1_B_86_1	-1.0000	0.0000	0.1667	0.2887	1	-0.5893	-4.0415	0.0001
f1_B_25_0_B_41_0	f1_B_92_0_B_87_0	-0.6667	0.2887	0.0000	0.0000	1	-0.0893	-2.3094	0.0209
f1_B_25_0_B_41_0	f1_B_93_0_B_153_1	-0.5000	0.0000	0.1667	0.2887	1	-0.0893	-2.3094	0.0209
f1_B_26_1_B_42_0	f1_A_38_1_A_35_1	-0.8333	0.2887	0.0000	0.0000	1	-0.2560	-2.8868	0.0039
f1_B_26_1_B_42_0	f1_A_50_0_A_47_0	-0.8333	0.2887	0.0000	0.0000	1	-0.2560	-2.8868	0.0039
f1_B_26_1_B_42_0	f1_A_50_1_A_46_1	0.6667	0.2887	0.0000	0.0000	1	0.0893	2.3094	0.0209
f1_B_26_1_B_42_0	f1_A_50_1_A_47_1	-0.6667	0.2887	0.0000	0.0000	1	-0.0893	-2.3094	0.0209
f1_B_26_1_B_42_0	f1_A_59_1_A_56_1	0.6667	0.2887	0.0000	0.0000	1	0.0893	2.3094	0.0209
f1_B_26_1_B_42_0	f1_A_5_0_A_27_0	-0.6667	0.2887	0.0000	0.0000	1	-0.0893	-2.3094	0.0209
f1_B_26_1_B_42_0	f1_A_5_1_B_17_1	-0.6667	0.2887	0.0000	0.0000	1	-0.0893	-2.3094	0.0209
f1_B_26_1_B_42_0	f1_A_99_1_A_98_0	0.5000	0.0000	0.0000	0.0000	1	0.5000	inf	0.0000
f1_B_26_1_B_42_0	f1_B_123_1_B_95_1	1.0000	0.0000	0.0000	0.0000	1	1.0000	inf	0.0000
f1_B_26_1_B_42_0	f1_B_130_0_B_128_0	-0.6667	0.2887	0.0000	0.0000	1	-0.0893	-2.3094	0.0209
f1_B_26_1_B_42_0	f1_B_145_1_B_158_1	-0.6667	0.2887	0.0000	0.0000	1	-0.0893	-2.3094	0.0209
f1_B_26_1_B_42_0	f1_B_157_0_B_146_1	-0.8333	0.2887	0.0000	0.0000	1	-0.2560	-2.8868	0.0039
f1_B_26_1_B_42_0	f1_B_25_0_B_41_0	0.8333	0.2887	0.0000	0.0000	1	0.2560	2.8868	0.0039
f1_B_26_1_B_42_0	f1_B_26_1_B_42_0	1.0000	0.0000	0.0000	0.0000	1	1.0000	inf	0.0000
f1_B_26_1_B_42_0	f1_B_67_1_B_64_1	-0.8333	0.2887	0.0000	0.0000	1	-0.2560	-2.8868	0.0039
f1_B_26_1_B_42_0	f1_B_90_1_B_86_1	-0.8333	0.2887	0.0000	0.0000	1	-0.2560	-2.8868	0.0039
f1_B_26_1_B_42_0	f1_B_93_0_A_47_0	0.8333	0.2887	0.0000	0.0000	1	0.2560	2.8868	0.0039
f1_B_26_1_B_42_0	f1_B_93_0_B_153_1	-0.6667	0.2887	0.0000	0.0000	1	-0.0893	-2.3094	0.0209
f1_B_28_1_B_40_1	f1_A_118_0_A_166_0	-0.6667	0.2887	0.0000	0.0000	1	-0.0893	-2.3094	0.0209
f1_B_28_1_B_40_1	f1_A_143_0_B_36_0	0.5000	0.0000	-0.1667	0.2887	1	0.0893	2.3094	0.0209
f1_B_28_1_B_40_1	f1_A_150_1_A_149_0	-0.6667	0.2887	0.1667	0.2887	1	-0.0168	-2.0412	0.0412
f1_B_28_1_B_40_1	f1_A_6_1_A_27_0	-0.6667	0.2887	0.1667	0.2887	1	-0.0168	-2.0412	0.0412
f1_B_28_1_B_40_1	f1_B_43_1_B_41_0	0.6667	0.2887	-0.1667	0.2887	1	0.0168	2.0412	0.0412
f1_B_29_0_A_141_0	f1_A_17_1_A_17_0	0.0000	0.0000	0.5000	0.0000	1	-0.5000	-inf	0.0000
f1_B_29_0_A_141_0	f1_A_19_1_A_14_1	0.0000	0.0000	0.5000	0.0000	1	-0.5000	-inf	0.0000
f1_B_29_0_A_141_0	f1_A_27_1_A_6_1	0.0000	0.0000	0.6667	0.2887	1	-0.0893	-2.3094	0.0209
f1_B_29_0_A_141_0	f1_A_28_1_A_25_0	0.0000	0.0000	0.6667	0.2887	1	-0.0893	-2.3094	0.0209
f1_B_29_0_A_141_0	f1_A_41_0_A_54_1	0.0000	0.0000	0.6667	0.2887	1	-0.0893	-2.3094	0.0209
f1_B_29_0_A_141_0	f1_A_46_1_A_44_1	0.0000	0.0000	0.5000	0.0000	1	-0.5000	-inf	0.0000
f1_B_29_0_A_141_0	f1_A_53_1_C_105_1	0.0000	0.0000	0.5000	0.0000	1	-0.5000	-inf	0.0000
f1_B_29_0_A_141_0	f1_A_64_1_A_60_1	0.0000	0.0000	-0.6667	0.2887	1	0.0893	2.3094	0.0209
f1_B_29_0_A_141_0	f1_A_72_1_A_69_1	0.0000	0.0000	0.6667	0.2887	1	-0.0893	-2.3094	0.0209
f1_B_29_0_A_141_0	f1_B_153_1_A_29_0	0.0000	0.0000	-0.8333	0.2887	1	0.2560	2.8868	0.0039
f1_B_29_0_A_141_0	f1_B_157_0_B_146_1	0.0000	0.0000	0.5000	0.0000	1	-0.5000	-inf	0.0000
f1_B_29_0_A_141_0	f1_B_179_0_B_95_1	0.0000	0.0000	0.5000	0.0000	1	-0.5000	-inf	0.0000
f1_B_29_0_A_141_0	f1_B_180_1_B_177_1	0.0000	0.0000	0.6667	0.2887	1	-0.0893	-2.3094	0.0209
f1_B_29_0_A_141_0	f1_B_29_0_A_141_0	0.0000	0.0000	1.0000	0.0000	1	-1.0000	-inf	0.0000
f1_B_29_0_A_141_0	f1_B_74_1_B_70_1	0.0000	0.0000	0.8333	0.2887	1	-0.2560	-2.8868	0.0039
f1_B_29_0_A_141_0	f1_B_80_0_B_76_0	0.0000	0.0000	0.5000	0.0000	1	-0.5000	-inf	0.0000
f1_B_29_0_A_141_0	f1_C_104_1_A_51_1	0.0000	0.0000	0.6667	0.2887	1	-0.0893	-2.3094	0.0209
f1_B_32_0_A_77_0	f1_A_150_1_A_133_0	0.0000	0.0000	-0.6667	0.2887	1	0.0893	2.3094	0.0209
f1_B_32_0_A_77_0	f1_A_158_1_A_156_0	0.0000	0.0000	0.6667	0.2887	1	-0.0893	-2.3094	0.0209
f1_B_32_0_A_77_0	f1_A_19_1_A_14_1	0.0000	0.0000	-0.6667	0.2887	1	0.0893	2.3094	0.0209
f1_B_32_0_A_77_0	f1_B_104_0_B_114_1	0.0000	0.0000	0.8333	0.2887	1	-0.2560	-2.8868	0.0039
f1_B_32_0_A_77_0	f1_B_130_0_B_137_0	0.0000	0.0000	-0.8333	0.2887	1	0.2560	2.8868	0.0039
f1_B_32_0_A_77_0	f1_B_131_0_B_160_1	0.0000	0.0000	-0.6667	0.2887	1	0.0893	2.3094	0.0209
f1_B_32_0_A_77_0	f1_B_157_0_B_146_1	0.0000	0.0000	-0.6667	0.2887	1	0.0893	2.3094	0.0209
f1_B_32_0_A_77_0	f1_B_179_0_B_177_0	0.0000	0.0000	0.8333	0.2887	1	-0.2560	-2.8868	0.0039
f1_B_32_0_A_77_0	f1_B_179_0_B_95_1	0.0000	0.0000	-0.6667	0.2887	1	0.0893	2.3094	0.0209
f1_B_32_0_A_77_0	f1_B_32_0_A_77_0	0.0000	0.0000	1.0000	0.0000	1	-1.0000	-inf	0.0000
f1_B_32_0_A_77_0	f1_B_57_1_B_54_1	0.0000	0.0000	-0.6667	0.2887	1	0.0893	2.3094	0.0209
f1_B_32_0_A_77_0	f1_B_59_1_B_55_1	0.0000	0.0000	-0.6667	0.2887	1	0.0893	2.3094	0.0209
f1_B_32_0_A_77_0	f1_B_60_1_B_56_1	0.0000	0.0000	-0.8333	0.2887	1	0.2560	2.8868	0.0039
f1_B_32_0_A_77_0	f1_B_60_1_B_57_1	0.0000	0.0000	0.8333	0.2887	1	-0.2560	-2.8868	0.0039
f1_B_32_0_A_77_0	f1_B_74_1_B_70_1	0.0000	0.0000	-0.6667	0.2887	1	0.0893	2.3094	0.0209
f1_B_35_1_B_33_1	f1_A_118_0_A_166_0	-0.5000	0.0000	0.0000	0.0000	1	-0.5000	-inf	0.0000
f1_B_35_1_B_33_1	f1_A_5_0_A_27_0	0.5000	0.0000	-0.1667	0.2887	1	0.0893	2.3094	0.0209
f1_B_35_1_B_33_1	f1_B_62_1_B_58_1	0.6667	0.2887	-0.1667	0.2887	1	0.0168	2.0412	0.0412
f1_B_35_1_B_33_1	f1_B_6_0_B_4_1	-0.6667	0.2887	0.1667	0.2887	1	-0.0168	-2.0412	0.0412
f1_B_35_1_B_33_1	f1_B_92_0_B_87_0	-0.5000	0.0000	0.0000	0.0000	1	-0.5000	-inf	0.0000
f1_B_35_1_B_33_1	f1_B_96_1_B_96_0	0.6667	0.2887	-0.1667	0.2887	1	0.0168	2.0412	0.0412
f1_B_36_1_B_35_0	f1_A_157_0_A_158_0	-0.5000	0.0000	0.0000	0.0000	1	-0.5000	-inf	0.0000
f1_B_36_1_B_35_0	f1_A_164_0_A_120_0	-0.5000	0.0000	0.0000	0.0000	1	-0.5000	-inf	0.0000
f1_B_36_1_B_35_0	f1_A_30_1_A_29_0	0.8333	0.2887	0.0000	0.0000	1	0.2560	2.8868	0.0039
f1_B_36_1_B_35_0	f1_A_53_1_C_105_1	0.5000	0.0000	0.0000	0.0000	1	0.5000	inf	0.0000
f1_B_36_1_B_35_0	f1_A_5_1_B_17_1	0.5000	0.0000	0.0000	0.0000	1	0.5000	inf	0.0000
f1_B_36_1_B_35_0	f1_B_130_0_B_128_0	0.5000	0.0000	0.0000	0.0000	1	0.5000	inf	0.0000
f1_B_36_1_B_35_0	f1_B_149_0_A_28_1	-0.5000	0.0000	0.0000	0.0000	1	-0.5000	-inf	0.0000
f1_B_36_1_B_35_0	f1_B_168_1_B_190_0	0.6667	0.2887	0.0000	0.0000	1	0.0893	2.3094	0.0209
f1_B_36_1_B_35_0	f1_B_168_1_B_190_1	-0.5000	0.0000	0.0000	0.0000	1	-0.5000	-inf	0.0000
f1_B_36_1_B_35_0	f1_B_179_0_B_95_1	-1.0000	0.0000	0.0000	0.0000	1	-1.0000	-inf	0.0000
f1_B_36_1_B_35_0	f1_B_23_1_B_22_0	-0.6667	0.2887	0.0000	0.0000	1	-0.0893	-2.3094	0.0209
f1_B_36_1_B_35_0	f1_B_25_0_B_41_0	-0.6667	0.2887	0.0000	0.0000	1	-0.0893	-2.3094	0.0209
f1_B_36_1_B_35_0	f1_B_36_1_B_35_0	1.0000	0.0000	0.0000	0.0000	1	1.0000	inf	0.0000
f1_B_36_1_B_35_0	f1_B_89_1_B_86_1	0.5000	0.0000	0.0000	0.0000	1	0.5000	inf	0.0000
f1_B_36_1_B_35_0	f1_B_90_1_B_86_1	0.6667	0.2887	0.0000	0.0000	1	0.0893	2.3094	0.0209
f1_B_43_1_B_41_0	f1_A_118_0_A_166_0	-1.0000	0.0000	0.0000	0.0000	1	-1.0000	-inf	0.0000
f1_B_43_1_B_41_0	f1_A_44_0_A_30_0	-0.8333	0.2887	0.0000	0.0000	1	-0.2560	-2.8868	0.0039
f1_B_43_1_B_41_0	f1_A_48_1_A_45_1	0.8333	0.2887	0.0000	0.0000	1	0.2560	2.8868	0.0039
f1_B_43_1_B_41_0	f1_B_23_1_B_22_0	0.6667	0.2887	0.0000	0.0000	1	0.0893	2.3094	0.0209
f1_B_43_1_B_41_0	f1_B_28_1_B_40_1	0.6667	0.2887	-0.1667	0.2887	1	0.0168	2.0412	0.0412
f1_B_43_1_B_41_0	f1_B_89_1_B_86_1	-0.5000	0.0000	0.3333	0.2887	1	-0.2560	-2.8868	0.0039
f1_B_44_1_B_41_1	f1_A_101_1_A_98_1	-0.3333	0.2887	1.0000	0.0000	1	-0.7560	-4.6188	0.0000
f1_B_44_1_B_41_1	f1_B_51_0_B_36_1	0.0000	0.0000	-0.8333	0.2887	1	0.2560	2.8868	0.0039
f1_B_44_1_B_41_1	f1_B_76_1_B_73_1	0.0000	0.0000	0.8333	0.2887	1	-0.2560	-2.8868	0.0039
f1_B_44_1_B_41_1	f1_B_80_0_B_76_0	-0.1667	0.2887	0.6667	0.2887	1	-0.0168	-2.0412	0.0412
f1_B_44_1_B_41_1	f1_B_86_1_B_83_1	0.0000	0.0000	0.5000	0.0000	1	-0.5000	-inf	0.0000
f1_B_51_0_B_36_1	f1_A_101_1_A_98_1	0.0000	0.0000	-0.8333	0.2887	1	0.2560	2.8868	0.0039
f1_B_51_0_B_36_1	f1_A_27_1_A_6_1	-0.1667	0.2887	0.5000	0.0000	1	-0.0893	-2.3094	0.0209
f1_B_51_0_B_36_1	f1_A_75_1_A_72_1	-0.1667	0.2887	1.0000	0.0000	1	-0.5893	-4.0415	0.0001
f1_B_51_0_B_36_1	f1_A_95_1_A_103_0	-0.1667	0.2887	0.5000	0.0000	1	-0.0893	-2.3094	0.0209
f1_B_51_0_B_36_1	f1_B_130_0_B_137_0	-0.1667	0.2887	0.5000	0.0000	1	-0.0893	-2.3094	0.0209
f1_B_51_0_B_36_1	f1_B_179_0_B_177_0	0.0000	0.0000	-0.5000	0.0000	1	0.5000	inf	0.0000
f1_B_51_0_B_36_1	f1_B_179_0_B_95_1	-0.1667	0.2887	0.6667	0.2887	1	-0.0168	-2.0412	0.0412
f1_B_51_0_B_36_1	f1_B_44_1_B_41_1	0.0000	0.0000	-0.8333	0.2887	1	0.2560	2.8868	0.0039
f1_B_51_0_B_36_1	f1_B_57_1_B_54_1	-0.1667	0.2887	0.6667	0.2887	1	-0.0168	-2.0412	0.0412
f1_B_51_1_B_37_1	f1_A_143_0_B_36_0	-0.8333	0.2887	0.1667	0.2887	1	-0.1835	-2.4495	0.0143
f1_B_51_1_B_37_1	f1_A_150_1_A_149_0	1.0000	0.0000	-0.1667	0.2887	1	0.5893	4.0415	0.0001
f1_B_51_1_B_37_1	f1_A_158_1_A_156_0	0.8333	0.2887	-0.5000	0.5000	1	0.1786	2.3094	0.0209
f1_B_51_1_B_37_1	f1_B_142_1_B_139_1	-0.6667	0.2887	0.0000	0.0000	1	-0.0893	-2.3094	0.0209
f1_B_51_1_B_37_1	f1_C_117_1_C_114_1	0.8333	0.2887	0.0000	0.0000	1	0.2560	2.8868	0.0039
f1_B_55_1_B_52_1	f1_A_46_1_A_44_1	0.0000	0.0000	-0.6667	0.2887	1	0.0893	2.3094	0.0209
f1_B_55_1_B_52_1	f1_A_64_1_A_60_1	0.0000	0.0000	0.5000	0.0000	1	-0.5000	-inf	0.0000
f1_B_55_1_B_52_1	f1_A_72_1_A_69_1	0.1667	0.2887	-0.5000	0.0000	1	0.0893	2.3094	0.0209
f1_B_55_1_B_52_1	f1_A_95_1_A_103_0	-0.1667	0.2887	0.6667	0.2887	1	-0.0168	-2.0412	0.0412
f1_B_55_1_B_52_1	f1_B_153_1_A_29_0	-0.1667	0.2887	0.6667	0.2887	1	-0.0168	-2.0412	0.0412
f1_B_55_1_B_52_1	f1_B_58_1_B_54_1	0.1667	0.2887	-0.6667	0.2887	1	0.0168	2.0412	0.0412
f1_B_57_1_B_54_1	f1_A_150_1_A_133_0	-0.3333	0.2887	0.6667	0.2887	1	-0.1835	-2.4495	0.0143
f1_B_57_1_B_54_1	f1_A_75_1_A_72_1	-0.1667	0.2887	0.6667	0.2887	1	-0.0168	-2.0412	0.0412
f1_B_57_1_B_54_1	f1_B_131_0_B_160_1	0.0000	0.0000	0.6667	0.2887	1	-0.0893	-2.3094	0.0209
f1_B_57_1_B_54_1	f1_B_179_0_B_177_0	0.1667	0.2887	-0.8333	0.2887	1	0.1835	2.4495	0.0143
f1_B_57_1_B_54_1	f1_B_32_0_A_77_0	0.0000	0.0000	-0.6667	0.2887	1	0.0893	2.3094	0.0209
f1_B_57_1_B_54_1	f1_B_51_0_B_36_1	-0.1667	0.2887	0.6667	0.2887	1	-0.0168	-2.0412	0.0412
f1_B_57_1_B_54_1	f1_B_72_0_B_69_0	0.0000	0.0000	-0.6667	0.2887	1	0.0893	2.3094	0.0209
f1_B_57_1_B_54_1	f1_B_74_1_B_70_1	0.0000	0.0000	0.6667	0.2887	1	-0.0893	-2.3094	0.0209
f1_B_57_1_B_54_1	f1_B_89_1_B_86_1	-0.3333	0.2887	0.6667	0.2887	1	-0.1835	-2.4495	0.0143
f1_B_58_1_B_54_1	f1_A_144_1_A_142_1	0.1667	0.2887	-0.8333	0.2887	1	0.1835	2.4495	0.0143
f1_B_58_1_B_54_1	f1_A_150_1_A_133_0	-0.1667	0.2887	0.6667	0.2887	1	-0.0168	-2.0412	0.0412
f1_B_58_1_B_54_1	f1_A_64_1_A_60_1	0.0000	0.0000	-0.8333	0.2887	1	0.2560	2.8868	0.0039
f1_B_58_1_B_54_1	f1_B_107_1_B_110_0	0.0000	0.0000	-0.5000	0.0000	1	0.5000	inf	0.0000
f1_B_58_1_B_54_1	f1_B_131_0_B_160_1	0.0000	0.0000	0.6667	0.2887	1	-0.0893	-2.3094	0.0209
f1_B_58_1_B_54_1	f1_B_153_1_A_29_0	0.0000	0.0000	-0.6667	0.2887	1	0.0893	2.3094	0.0209
f1_B_58_1_B_54_1	f1_B_55_1_B_52_1	0.1667	0.2887	-0.6667	0.2887	1	0.0168	2.0412	0.0412
f1_B_59_1_B_55_1	f1_A_41_0_A_54_1	0.0000	0.0000	-0.6667	0.2887	1	0.0893	2.3094	0.0209
f1_B_59_1_B_55_1	f1_A_71_1_A_67_1	0.0000	0.0000	-0.5000	0.0000	1	0.5000	inf	0.0000
f1_B_59_1_B_55_1	f1_B_104_0_B_114_1	0.3333	0.2887	-0.8333	0.2887	1	0.3502	2.8577	0.0043
f1_B_59_1_B_55_1	f1_B_131_0_B_160_1	0.0000	0.0000	0.6667	0.2887	1	-0.0893	-2.3094	0.0209
f1_B_59_1_B_55_1	f1_B_179_0_B_95_1	-0.6667	0.5774	0.6667	0.2887	1	-0.0423	-2.0656	0.0389
f1_B_59_1_B_55_1	f1_B_32_0_A_77_0	0.0000	0.0000	-0.6667	0.2887	1	0.0893	2.3094	0.0209
f1_B_59_1_B_55_1	f1_B_91_1_B_87_1	0.1667	0.2887	-0.8333	0.2887	1	0.1835	2.4495	0.0143
f1_B_59_1_B_55_1	f1_C_104_1_A_51_1	0.1667	0.2887	-0.6667	0.2887	1	0.0168	2.0412	0.0412
f1_B_60_1_B_56_1	f1_A_150_1_A_133_0	-0.5000	0.5000	0.8333	0.2887	1	-0.1786	-2.3094	0.0209
f1_B_60_1_B_56_1	f1_A_19_1_A_14_1	-0.3333	0.2887	0.5000	0.0000	1	-0.2560	-2.8868	0.0039
f1_B_60_1_B_56_1	f1_B_131_0_B_160_1	0.0000	0.0000	0.5000	0.0000	1	-0.5000	-inf	0.0000
f1_B_60_1_B_56_1	f1_B_32_0_A_77_0	0.0000	0.0000	-0.8333	0.2887	1	0.2560	2.8868	0.0039
f1_B_60_1_B_56_1	f1_B_72_0_B_69_0	0.0000	0.0000	-0.8333	0.2887	1	0.2560	2.8868	0.0039
f1_B_60_1_B_56_1	f1_B_74_1_B_70_1	0.0000	0.0000	0.8333	0.2887	1	-0.2560	-2.8868	0.0039
f1_B_60_1_B_57_1	f1_A_150_1_A_133_0	0.5000	0.5000	-0.8333	0.2887	1	0.1786	2.3094	0.0209
f1_B_60_1_B_57_1	f1_A_19_1_A_14_1	0.3333	0.2887	-0.5000	0.0000	1	0.2560	2.8868	0.0039
f1_B_60_1_B_57_1	f1_B_131_0_B_160_1	0.0000	0.0000	-0.5000	0.0000	1	0.5000	inf	0.0000
f1_B_60_1_B_57_1	f1_B_179_0_B_177_0	-0.6667	0.5774	0.6667	0.2887	1	-0.0423	-2.0656	0.0389
f1_B_60_1_B_57_1	f1_B_32_0_A_77_0	0.0000	0.0000	0.8333	0.2887	1	-0.2560	-2.8868	0.0039
f1_B_60_1_B_57_1	f1_B_62_1_B_58_1	1.0000	0.0000	-0.1667	0.5774	1	0.0120	2.0207	0.0433
f1_B_60_1_B_57_1	f1_B_69_1_B_66_1	0.6667	0.2887	0.0000	0.0000	1	0.0893	2.3094	0.0209
f1_B_60_1_B_57_1	f1_B_80_0_B_76_1	0.6667	0.2887	0.0000	0.0000	1	0.0893	2.3094	0.0209
f1_B_60_1_B_57_1	f1_B_90_0_B_86_1	-0.8333	0.2887	0.5000	0.5000	1	-0.1786	-2.3094	0.0209
f1_B_60_1_B_57_1	f1_B_92_0_B_87_0	-0.8333	0.2887	0.1667	0.2887	1	-0.1835	-2.4495	0.0143
f1_B_62_1_B_58_1	f1_A_19_0_A_17_1	0.1667	0.2887	-0.8333	0.2887	1	0.1835	2.4495	0.0143
f1_B_62_1_B_58_1	f1_B_35_1_B_33_1	0.6667	0.2887	-0.1667	0.2887	1	0.0168	2.0412	0.0412
f1_B_62_1_B_58_1	f1_B_60_1_B_57_1	1.0000	0.0000	-0.1667	0.5774	1	0.0120	2.0207	0.0433
f1_B_62_1_B_58_1	f1_B_69_1_B_66_1	0.6667	0.2887	0.0000	0.0000	1	0.0893	2.3094	0.0209
f1_B_62_1_B_58_1	f1_B_80_0_B_76_1	0.6667	0.2887	0.0000	0.0000	1	0.0893	2.3094	0.0209
f1_B_62_1_B_58_1	f1_B_86_1_B_83_1	0.0000	0.0000	-0.8333	0.2887	1	0.2560	2.8868	0.0039
f1_B_62_1_B_58_1	f1_B_90_0_B_86_1	-0.8333	0.2887	0.3333	0.2887	1	-0.3502	-2.8577	0.0043
f1_B_62_1_B_58_1	f1_B_91_1_B_87_1	0.1667	0.2887	-0.6667	0.2887	1	0.0168	2.0412	0.0412
f1_B_62_1_B_58_1	f1_B_92_0_B_87_0	-0.8333	0.2887	0.1667	0.2887	1	-0.1835	-2.4495	0.0143
f1_B_62_1_B_58_1	f1_C_105_0_A_51_1	0.6667	0.2887	-0.1667	0.2887	1	0.0168	2.0412	0.0412
f1_B_63_1_B_59_1	f1_A_119_1_A_118_0	0.0000	0.0000	-0.5000	0.0000	1	0.5000	inf	0.0000
f1_B_63_1_B_59_1	f1_A_27_1_A_6_1	-0.1667	0.2887	0.5000	0.0000	1	-0.0893	-2.3094	0.0209
f1_B_63_1_B_59_1	f1_A_41_0_A_54_1	0.0000	0.0000	0.5000	0.0000	1	-0.5000	-inf	0.0000
f1_B_63_1_B_59_1	f1_A_46_1_A_44_1	0.0000	0.0000	0.6667	0.2887	1	-0.0893	-2.3094	0.0209
f1_B_63_1_B_59_1	f1_A_5_0_A_27_0	-0.1667	0.2887	0.8333	0.2887	1	-0.1835	-2.4495	0.0143
f1_B_63_1_B_59_1	f1_A_6_1_A_27_0	0.1667	0.2887	1.0000	0.0000	1	-0.2560	-2.8868	0.0039
f1_B_63_1_B_59_1	f1_B_12_0_A_140_1	0.1667	0.2887	-0.5000	0.0000	1	0.0893	2.3094	0.0209
f1_B_63_1_B_59_1	f1_B_130_0_B_128_0	-0.1667	0.2887	0.6667	0.2887	1	-0.0168	-2.0412	0.0412
f1_B_63_1_B_59_1	f1_B_145_0_B_158_1	0.0000	0.0000	0.6667	0.2887	1	-0.0893	-2.3094	0.0209
f1_B_63_1_B_59_1	f1_B_16_0_A_4_0	0.0000	0.0000	-0.6667	0.2887	1	0.0893	2.3094	0.0209
f1_B_63_1_B_59_1	f1_C_104_1_A_51_1	0.0000	0.0000	0.5000	0.0000	1	-0.5000	-inf	0.0000
f1_B_67_1_B_64_1	f1_A_50_1_A_46_1	-0.5000	0.0000	0.5000	0.0000	1	-1.0000	-inf	0.0000
f1_B_67_1_B_64_1	f1_A_50_1_A_47_1	0.8333	0.2887	-0.6667	0.2887	1	0.6835	3.6742	0.0002
f1_B_67_1_B_64_1	f1_A_59_1_A_55_1	-0.5000	0.0000	0.1667	0.2887	1	-0.0893	-2.3094	0.0209
f1_B_67_1_B_64_1	f1_A_5_1_B_17_1	0.5000	0.0000	-0.3333	0.2887	1	0.2560	2.8868	0.0039
f1_B_67_1_B_64_1	f1_A_71_1_A_67_1	0.1667	0.2887	-0.6667	0.2887	1	0.0168	2.0412	0.0412
f1_B_67_1_B_64_1	f1_B_16_0_A_4_0	0.0000	0.0000	-0.8333	0.2887	1	0.2560	2.8868	0.0039
f1_B_67_1_B_64_1	f1_B_26_1_B_42_0	-0.8333	0.2887	0.0000	0.0000	1	-0.2560	-2.8868	0.0039
f1_B_67_1_B_64_1	f1_B_69_1_B_66_1	-0.5000	0.0000	0.0000	0.0000	1	-0.5000	-inf	0.0000
f1_B_67_1_B_64_1	f1_B_90_1_B_86_1	0.6667	0.2887	-0.5000	0.5000	1	0.0120	2.0207	0.0433
f1_B_67_1_B_64_1	f1_B_93_0_A_47_0	-0.6667	0.2887	0.6667	0.5774	1	-0.0423	-2.0656	0.0389
f1_B_69_1_B_66_1	f1_A_164_0_A_120_0	-0.5000	0.0000	0.0000	0.0000	1	-0.5000	-inf	0.0000
f1_B_69_1_B_66_1	f1_A_164_0_A_166_0	0.6667	0.2887	0.0000	0.0000	1	0.0893	2.3094	0.0209
f1_B_69_1_B_66_1	f1_A_17_1_A_17_0	-0.5000	0.0000	0.0000	0.0000	1	-0.5000	-inf	0.0000
f1_B_69_1_B_66_1	f1_A_38_1_A_35_1	-0.5000	0.0000	0.0000	0.0000	1	-0.5000	-inf	0.0000
f1_B_69_1_B_66_1	f1_A_57_0_A_55_0	-0.5000	0.0000	0.0000	0.0000	1	-0.5000	-inf	0.0000
f1_B_69_1_B_66_1	f1_A_59_1_A_55_1	1.0000	0.0000	0.0000	0.0000	1	1.0000	inf	0.0000
f1_B_69_1_B_66_1	f1_A_59_1_A_56_1	-0.5000	0.0000	0.0000	0.0000	1	-0.5000	-inf	0.0000
f1_B_69_1_B_66_1	f1_A_66_1_A_62_1	-0.6667	0.2887	0.0000	0.0000	1	-0.0893	-2.3094	0.0209
f1_B_69_1_B_66_1	f1_A_68_1_A_65_1	0.8333	0.2887	0.0000	0.0000	1	0.2560	2.8868	0.0039
f1_B_69_1_B_66_1	f1_B_134_0_B_169_0	0.5000	0.0000	0.0000	0.0000	1	0.5000	inf	0.0000
f1_B_69_1_B_66_1	f1_B_145_1_B_158_1	0.5000	0.0000	0.0000	0.0000	1	0.5000	inf	0.0000
f1_B_69_1_B_66_1	f1_B_60_1_B_57_1	0.6667	0.2887	0.0000	0.0000	1	0.0893	2.3094	0.0209
f1_B_69_1_B_66_1	f1_B_62_1_B_58_1	0.6667	0.2887	0.0000	0.0000	1	0.0893	2.3094	0.0209
f1_B_69_1_B_66_1	f1_B_67_1_B_64_1	-0.5000	0.0000	0.0000	0.0000	1	-0.5000	-inf	0.0000
f1_B_69_1_B_66_1	f1_B_69_1_B_66_1	1.0000	0.0000	0.0000	0.0000	1	1.0000	inf	0.0000
f1_B_69_1_B_66_1	f1_B_80_0_B_76_1	0.6667	0.2887	0.0000	0.0000	1	0.0893	2.3094	0.0209
f1_B_69_1_B_66_1	f1_B_89_1_B_86_1	0.5000	0.0000	0.0000	0.0000	1	0.5000	inf	0.0000
f1_B_69_1_B_66_1	f1_B_90_0_B_86_1	-0.5000	0.0000	0.0000	0.0000	1	-0.5000	-inf	0.0000
f1_B_69_1_B_66_1	f1_B_92_0_B_87_0	-0.5000	0.0000	0.0000	0.0000	1	-0.5000	-inf	0.0000
f1_B_69_1_B_66_1	f1_B_96_1_B_96_0	0.6667	0.2887	0.0000	0.0000	1	0.0893	2.3094	0.0209
f1_B_6_0_B_4_1	f1_A_19_0_A_17_1	-0.1667	0.2887	0.6667	0.2887	1	-0.0168	-2.0412	0.0412
f1_B_6_0_B_4_1	f1_B_153_1_A_29_0	0.1667	0.2887	-0.5000	0.0000	1	0.0893	2.3094	0.0209
f1_B_6_0_B_4_1	f1_B_35_1_B_33_1	-0.6667	0.2887	0.1667	0.2887	1	-0.0168	-2.0412	0.0412
f1_B_6_0_B_4_1	f1_B_86_1_B_83_1	0.0000	0.0000	0.6667	0.2887	1	-0.0893	-2.3094	0.0209
f1_B_6_0_B_4_1	f1_B_90_0_B_86_1	0.8333	0.2887	-0.3333	0.2887	1	0.3502	2.8577	0.0043
f1_B_71_0_B_47_0	f1_A_156_0_A_159_0	-0.1667	0.2887	0.5000	0.0000	1	-0.0893	-2.3094	0.0209
f1_B_71_0_B_47_0	f1_A_19_0_A_17_1	-0.1667	0.2887	0.6667	0.2887	1	-0.0168	-2.0412	0.0412
f1_B_71_0_B_47_0	f1_B_145_0_B_158_1	0.1667	0.2887	-0.6667	0.2887	1	0.0168	2.0412	0.0412
f1_B_71_0_B_47_0	f1_B_153_1_A_29_0	0.1667	0.2887	-0.5000	0.0000	1	0.0893	2.3094	0.0209
f1_B_71_0_B_47_0	f1_B_86_1_B_83_1	0.0000	0.0000	0.6667	0.2887	1	-0.0893	-2.3094	0.0209
f1_B_72_0_B_69_0	f1_A_150_1_A_133_0	0.0000	0.0000	-0.6667	0.2887	1	0.0893	2.3094	0.0209
f1_B_72_0_B_69_0	f1_A_95_1_A_103_0	0.0000	0.0000	0.6667	0.2887	1	-0.0893	-2.3094	0.0209
f1_B_72_0_B_69_0	f1_B_106_1_B_110_0	0.1667	0.2887	-0.6667	0.2887	1	0.0168	2.0412	0.0412
f1_B_72_0_B_69_0	f1_B_107_1_B_110_0	0.0000	0.0000	-0.6667	0.2887	1	0.0893	2.3094	0.0209
f1_B_72_0_B_69_0	f1_B_57_1_B_54_1	0.0000	0.0000	-0.6667	0.2887	1	0.0893	2.3094	0.0209
f1_B_72_0_B_69_0	f1_B_60_1_B_56_1	0.0000	0.0000	-0.8333	0.2887	1	0.2560	2.8868	0.0039
f1_B_72_0_B_69_0	f1_B_86_1_B_83_1	0.0000	0.0000	0.6667	0.2887	1	-0.0893	-2.3094	0.0209
f1_B_74_1_B_70_1	f1_A_19_1_A_14_1	0.0000	0.0000	0.6667	0.2887	1	-0.0893	-2.3094	0.0209
f1_B_74_1_B_70_1	f1_A_27_1_A_6_1	-0.1667	0.2887	0.5000	0.0000	1	-0.0893	-2.3094	0.0209
f1_B_74_1_B_70_1	f1_A_28_1_A_25_0	0.0000	0.0000	0.5000	0.0000	1	-0.5000	-inf	0.0000
f1_B_74_1_B_70_1	f1_A_41_0_A_54_1	0.0000	0.0000	0.5000	0.0000	1	-0.5000	-inf	0.0000
f1_B_74_1_B_70_1	f1_B_130_0_B_137_0	0.0000	0.0000	0.5000	0.0000	1	-0.5000	-inf	0.0000
f1_B_74_1_B_70_1	f1_B_179_0_B_177_0	0.1667	0.2887	-0.5000	0.0000	1	0.0893	2.3094	0.0209
f1_B_74_1_B_70_1	f1_B_179_0_B_95_1	-0.1667	0.2887	0.6667	0.2887	1	-0.0168	-2.0412	0.0412
f1_B_74_1_B_70_1	f1_B_180_1_B_177_1	0.0000	0.0000	0.5000	0.0000	1	-0.5000	-inf	0.0000
f1_B_74_1_B_70_1	f1_B_29_0_A_141_0	0.0000	0.0000	0.8333	0.2887	1	-0.2560	-2.8868	0.0039
f1_B_74_1_B_70_1	f1_B_32_0_A_77_0	0.0000	0.0000	-0.6667	0.2887	1	0.0893	2.3094	0.0209
f1_B_74_1_B_70_1	f1_B_57_1_B_54_1	0.0000	0.0000	0.6667	0.2887	1	-0.0893	-2.3094	0.0209
f1_B_74_1_B_70_1	f1_B_60_1_B_56_1	0.0000	0.0000	0.8333	0.2887	1	-0.2560	-2.8868	0.0039
f1_B_74_1_B_71_1	f1_A_30_1_A_29_0	-0.5000	0.0000	0.1667	0.2887	1	-0.0893	-2.3094	0.0209
f1_B_74_1_B_71_1	f1_B_168_1_B_190_1	0.8333	0.2887	-0.1667	0.2887	1	0.1835	2.4495	0.0143
f1_B_76_1_B_73_1	f1_A_101_1_A_98_1	0.0000	0.0000	0.8333	0.2887	1	-0.2560	-2.8868	0.0039
f1_B_76_1_B_73_1	f1_A_156_0_A_159_0	0.0000	0.0000	0.5000	0.0000	1	-0.5000	-inf	0.0000
f1_B_76_1_B_73_1	f1_A_19_0_A_17_1	0.0000	0.0000	0.6667	0.2887	1	-0.0893	-2.3094	0.0209
f1_B_76_1_B_73_1	f1_B_145_0_B_158_1	0.0000	0.0000	-0.6667	0.2887	1	0.0893	2.3094	0.0209
f1_B_76_1_B_73_1	f1_B_153_1_A_29_0	0.1667	0.2887	-0.5000	0.0000	1	0.0893	2.3094	0.0209
f1_B_76_1_B_73_1	f1_B_44_1_B_41_1	0.0000	0.0000	0.8333	0.2887	1	-0.2560	-2.8868	0.0039
f1_B_76_1_B_73_1	f1_B_86_1_B_83_1	0.0000	0.0000	0.6667	0.2887	1	-0.0893	-2.3094	0.0209
f1_B_78_1_B_74_1	f1_A_124_0_A_159_0	0.0000	0.0000	-0.5000	0.0000	1	0.5000	inf	0.0000
f1_B_78_1_B_74_1	f1_A_158_1_A_156_0	0.0000	0.0000	0.5000	0.0000	1	-0.5000	-inf	0.0000
f1_B_78_1_B_74_1	f1_A_17_1_A_17_0	0.0000	0.0000	-0.8333	0.2887	1	0.2560	2.8868	0.0039
f1_B_78_1_B_74_1	f1_A_41_0_A_54_1	0.0000	0.0000	-0.6667	0.2887	1	0.0893	2.3094	0.0209
f1_B_78_1_B_74_1	f1_A_50_0_A_47_0	0.0000	0.0000	-0.6667	0.2887	1	0.0893	2.3094	0.0209
f1_B_78_1_B_74_1	f1_A_53_1_C_105_1	0.0000	0.0000	0.6667	0.2887	1	-0.0893	-2.3094	0.0209
f1_B_78_1_B_74_1	f1_A_59_1_A_56_1	0.0000	0.0000	-0.8333	0.2887	1	0.2560	2.8868	0.0039
f1_B_78_1_B_74_1	f1_B_106_1_B_110_0	0.0000	0.0000	-0.5000	0.0000	1	0.5000	inf	0.0000
f1_B_78_1_B_74_1	f1_B_107_1_B_110_0	0.0000	0.0000	-0.5000	0.0000	1	0.5000	inf	0.0000
f1_B_78_1_B_74_1	f1_B_12_0_A_140_1	0.0000	0.0000	-0.8333	0.2887	1	0.2560	2.8868	0.0039
f1_B_78_1_B_74_1	f1_B_131_0_B_160_1	0.0000	0.0000	0.6667	0.2887	1	-0.0893	-2.3094	0.0209
f1_B_78_1_B_74_1	f1_B_168_1_B_190_0	0.0000	0.0000	1.0000	0.0000	1	-1.0000	-inf	0.0000
f1_B_78_1_B_74_1	f1_B_16_0_A_4_0	0.0000	0.0000	-0.6667	0.2887	1	0.0893	2.3094	0.0209
f1_B_78_1_B_74_1	f1_B_78_1_B_74_1	0.0000	0.0000	1.0000	0.0000	1	-1.0000	-inf	0.0000
f1_B_78_1_B_74_1	f1_C_104_1_A_51_1	0.0000	0.0000	-0.6667	0.2887	1	0.0893	2.3094	0.0209
f1_B_80_0_B_76_0	f1_A_101_1_A_98_1	-0.1667	0.2887	0.6667	0.2887	1	-0.0168	-2.0412	0.0412
f1_B_80_0_B_76_0	f1_B_29_0_A_141_0	0.0000	0.0000	0.5000	0.0000	1	-0.5000	-inf	0.0000
f1_B_80_0_B_76_0	f1_B_44_1_B_41_1	-0.1667	0.2887	0.6667	0.2887	1	-0.0168	-2.0412	0.0412
f1_B_80_0_B_76_0	f1_B_86_1_B_83_1	0.0000	0.0000	0.8333	0.2887	1	-0.2560	-2.8868	0.0039
f1_B_80_0_B_76_0	f1_B_91_1_B_87_1	-0.1667	0.2887	0.6667	0.2887	1	-0.0168	-2.0412	0.0412
f1_B_80_0_B_76_0	f2_MHCII	0.0802	0.3948	0.8988	0.0896	1	-0.0089	-2.0220	0.0432
f1_B_80_0_B_76_1	f1_A_143_0_B_36_0	0.6667	0.2887	0.0000	0.0000	1	0.0893	2.3094	0.0209
f1_B_80_0_B_76_1	f1_A_157_0_A_158_0	0.6667	0.2887	0.0000	0.0000	1	0.0893	2.3094	0.0209
f1_B_80_0_B_76_1	f1_A_30_1_A_29_0	-0.6667	0.2887	0.0000	0.0000	1	-0.0893	-2.3094	0.0209
f1_B_80_0_B_76_1	f1_A_50_0_A_47_0	0.6667	0.2887	0.0000	0.0000	1	0.0893	2.3094	0.0209
f1_B_80_0_B_76_1	f1_A_59_1_A_55_1	0.6667	0.2887	0.0000	0.0000	1	0.0893	2.3094	0.0209
f1_B_80_0_B_76_1	f1_A_59_1_A_56_1	-0.8333	0.2887	0.0000	0.0000	1	-0.2560	-2.8868	0.0039
f1_B_80_0_B_76_1	f1_A_68_1_A_65_1	0.8333	0.2887	0.0000	0.0000	1	0.2560	2.8868	0.0039
f1_B_80_0_B_76_1	f1_B_145_1_B_158_1	0.8333	0.2887	0.0000	0.0000	1	0.2560	2.8868	0.0039
f1_B_80_0_B_76_1	f1_B_157_0_B_146_1	0.6667	0.2887	0.0000	0.0000	1	0.0893	2.3094	0.0209
f1_B_80_0_B_76_1	f1_B_168_1_B_190_0	-0.5000	0.0000	0.0000	0.0000	1	-0.5000	-inf	0.0000
f1_B_80_0_B_76_1	f1_B_60_1_B_57_1	0.6667	0.2887	0.0000	0.0000	1	0.0893	2.3094	0.0209
f1_B_80_0_B_76_1	f1_B_62_1_B_58_1	0.6667	0.2887	0.0000	0.0000	1	0.0893	2.3094	0.0209
f1_B_80_0_B_76_1	f1_B_69_1_B_66_1	0.6667	0.2887	0.0000	0.0000	1	0.0893	2.3094	0.0209
f1_B_80_0_B_76_1	f1_B_80_0_B_76_1	1.0000	0.0000	0.0000	0.0000	1	1.0000	inf	0.0000
f1_B_80_0_B_76_1	f1_B_90_0_B_86_1	-0.8333	0.2887	0.0000	0.0000	1	-0.2560	-2.8868	0.0039
f1_B_80_0_B_76_1	f1_B_93_0_A_47_0	-0.6667	0.2887	0.0000	0.0000	1	-0.0893	-2.3094	0.0209
f1_B_80_0_B_76_1	f1_B_93_0_B_153_1	0.5000	0.0000	0.0000	0.0000	1	0.5000	inf	0.0000
f1_B_80_0_B_76_1	f1_B_96_1_B_96_0	0.6667	0.2887	0.0000	0.0000	1	0.0893	2.3094	0.0209
f1_B_80_0_B_76_1	f1_C_105_0_A_51_1	0.6667	0.2887	0.0000	0.0000	1	0.0893	2.3094	0.0209
f1_B_80_0_B_76_1	f2_MHCII	0.6675	0.2607	0.0000	0.0000	1	0.1460	2.5601	0.0105
f1_B_86_1_B_83_1	f1_A_101_1_A_98_1	0.0000	0.0000	0.5000	0.0000	1	-0.5000	-inf	0.0000
f1_B_86_1_B_83_1	f1_A_156_0_A_159_0	0.0000	0.0000	0.8333	0.2887	1	-0.2560	-2.8868	0.0039
f1_B_86_1_B_83_1	f1_A_19_0_A_17_1	0.0000	0.0000	1.0000	0.0000	1	-1.0000	-inf	0.0000
f1_B_86_1_B_83_1	f1_A_50_0_A_47_0	0.0000	0.0000	0.6667	0.2887	1	-0.0893	-2.3094	0.0209
f1_B_86_1_B_83_1	f1_A_50_1_A_46_1	0.0000	0.0000	-0.6667	0.2887	1	0.0893	2.3094	0.0209
f1_B_86_1_B_83_1	f1_A_50_1_A_47_1	0.0000	0.0000	0.5000	0.0000	1	-0.5000	-inf	0.0000
f1_B_86_1_B_83_1	f1_A_68_1_A_64_1	0.0000	0.0000	0.6667	0.2887	1	-0.0893	-2.3094	0.0209
f1_B_86_1_B_83_1	f1_A_71_1_A_67_1	0.0000	0.0000	0.5000	0.0000	1	-0.5000	-inf	0.0000
f1_B_86_1_B_83_1	f1_A_95_1_A_103_0	0.0000	0.0000	0.6667	0.2887	1	-0.0893	-2.3094	0.0209
f1_B_86_1_B_83_1	f1_B_44_1_B_41_1	0.0000	0.0000	0.5000	0.0000	1	-0.5000	-inf	0.0000
f1_B_86_1_B_83_1	f1_B_62_1_B_58_1	0.0000	0.0000	-0.8333	0.2887	1	0.2560	2.8868	0.0039
f1_B_86_1_B_83_1	f1_B_6_0_B_4_1	0.0000	0.0000	0.6667	0.2887	1	-0.0893	-2.3094	0.0209
f1_B_86_1_B_83_1	f1_B_71_0_B_47_0	0.0000	0.0000	0.6667	0.2887	1	-0.0893	-2.3094	0.0209
f1_B_86_1_B_83_1	f1_B_72_0_B_69_0	0.0000	0.0000	0.6667	0.2887	1	-0.0893	-2.3094	0.0209
f1_B_86_1_B_83_1	f1_B_76_1_B_73_1	0.0000	0.0000	0.6667	0.2887	1	-0.0893	-2.3094	0.0209
f1_B_86_1_B_83_1	f1_B_80_0_B_76_0	0.0000	0.0000	0.8333	0.2887	1	-0.2560	-2.8868	0.0039
f1_B_86_1_B_83_1	f1_B_86_1_B_83_1	0.0000	0.0000	1.0000	0.0000	1	-1.0000	-inf	0.0000
f1_B_86_1_B_83_1	f1_B_91_1_B_87_1	0.0000	0.0000	0.8333	0.2887	1	-0.2560	-2.8868	0.0039
f1_B_86_1_B_83_1	f2_MHCII	0.0000	0.0000	0.7717	0.1458	1	-0.4802	-5.2943	0.0000
f1_B_89_1_B_86_1	f1_A_118_0_A_166_0	0.5000	0.0000	0.0000	0.0000	1	0.5000	inf	0.0000
f1_B_89_1_B_86_1	f1_A_119_1_A_118_0	0.1667	0.2887	1.0000	0.0000	1	-0.2560	-2.8868	0.0039
f1_B_89_1_B_86_1	f1_A_44_0_A_134_1	0.6667	0.2887	-0.1667	0.2887	1	0.0168	2.0412	0.0412
f1_B_89_1_B_86_1	f1_A_44_0_A_30_0	0.6667	0.2887	-0.1667	0.2887	1	0.0168	2.0412	0.0412
f1_B_89_1_B_86_1	f1_A_48_1_A_45_1	-0.6667	0.2887	0.0000	0.0000	1	-0.0893	-2.3094	0.0209
f1_B_89_1_B_86_1	f1_A_59_1_A_55_1	0.5000	0.0000	-0.1667	0.2887	1	0.0893	2.3094	0.0209
f1_B_89_1_B_86_1	f1_A_6_1_A_27_0	0.5000	0.0000	-0.5000	0.0000	1	1.0000	inf	0.0000
f1_B_89_1_B_86_1	f1_A_71_1_A_67_1	-0.1667	0.2887	0.6667	0.2887	1	-0.0168	-2.0412	0.0412
f1_B_89_1_B_86_1	f1_B_131_0_B_160_1	0.0000	0.0000	0.6667	0.2887	1	-0.0893	-2.3094	0.0209
f1_B_89_1_B_86_1	f1_B_179_0_B_177_0	0.3333	0.2887	-0.5000	0.0000	1	0.2560	2.8868	0.0039
f1_B_89_1_B_86_1	f1_B_23_1_B_22_0	-0.8333	0.2887	0.0000	0.0000	1	-0.2560	-2.8868	0.0039
f1_B_89_1_B_86_1	f1_B_36_1_B_35_0	0.5000	0.0000	0.0000	0.0000	1	0.5000	inf	0.0000
f1_B_89_1_B_86_1	f1_B_43_1_B_41_0	-0.5000	0.0000	0.3333	0.2887	1	-0.2560	-2.8868	0.0039
f1_B_89_1_B_86_1	f1_B_57_1_B_54_1	-0.3333	0.2887	0.6667	0.2887	1	-0.1835	-2.4495	0.0143
f1_B_89_1_B_86_1	f1_B_69_1_B_66_1	0.5000	0.0000	0.0000	0.0000	1	0.5000	inf	0.0000
f1_B_89_1_B_86_1	f2_MHCII	0.8197	0.2851	-0.6422	0.4768	1	0.3508	2.6314	0.0085
f1_B_90_0_B_86_1	f1_A_164_0_A_120_0	-0.5000	0.0000	0.1667	0.2887	1	-0.0893	-2.3094	0.0209
f1_B_90_0_B_86_1	f1_A_30_1_A_29_0	0.8333	0.2887	-0.1667	0.2887	1	0.1835	2.4495	0.0143
f1_B_90_0_B_86_1	f1_A_59_1_A_55_1	-0.5000	0.0000	0.0000	0.0000	1	-0.5000	-inf	0.0000
f1_B_90_0_B_86_1	f1_A_68_1_A_65_1	-0.6667	0.2887	0.1667	0.2887	1	-0.0168	-2.0412	0.0412
f1_B_90_0_B_86_1	f1_B_60_1_B_57_1	-0.8333	0.2887	0.5000	0.5000	1	-0.1786	-2.3094	0.0209
f1_B_90_0_B_86_1	f1_B_62_1_B_58_1	-0.8333	0.2887	0.3333	0.2887	1	-0.3502	-2.8577	0.0043
f1_B_90_0_B_86_1	f1_B_69_1_B_66_1	-0.5000	0.0000	0.0000	0.0000	1	-0.5000	-inf	0.0000
f1_B_90_0_B_86_1	f1_B_6_0_B_4_1	0.8333	0.2887	-0.3333	0.2887	1	0.3502	2.8577	0.0043
f1_B_90_0_B_86_1	f1_B_80_0_B_76_1	-0.8333	0.2887	0.0000	0.0000	1	-0.2560	-2.8868	0.0039
f1_B_90_0_B_86_1	f1_B_96_1_B_96_0	-0.8333	0.2887	0.3333	0.2887	1	-0.3502	-2.8577	0.0043
f1_B_90_1_B_86_1	f1_B_25_0_B_41_0	-1.0000	0.0000	0.1667	0.2887	1	-0.5893	-4.0415	0.0001
f1_B_90_1_B_86_1	f1_B_26_1_B_42_0	-0.8333	0.2887	0.0000	0.0000	1	-0.2560	-2.8868	0.0039
f1_B_90_1_B_86_1	f1_B_36_1_B_35_0	0.6667	0.2887	0.0000	0.0000	1	0.0893	2.3094	0.0209
f1_B_90_1_B_86_1	f1_B_67_1_B_64_1	0.6667	0.2887	-0.5000	0.5000	1	0.0120	2.0207	0.0433
f1_B_90_1_B_86_1	f1_B_93_0_B_153_1	0.5000	0.0000	0.0000	0.0000	1	0.5000	inf	0.0000
f1_B_91_1_B_87_1	f1_A_156_0_A_159_0	0.0000	0.0000	1.0000	0.0000	1	-1.0000	-inf	0.0000
f1_B_91_1_B_87_1	f1_A_19_0_A_17_1	0.0000	0.0000	0.8333	0.2887	1	-0.2560	-2.8868	0.0039
f1_B_91_1_B_87_1	f1_A_41_0_A_54_1	0.0000	0.0000	0.5000	0.0000	1	-0.5000	-inf	0.0000
f1_B_91_1_B_87_1	f1_A_71_1_A_67_1	0.0000	0.0000	0.6667	0.2887	1	-0.0893	-2.3094	0.0209
f1_B_91_1_B_87_1	f1_B_59_1_B_55_1	0.1667	0.2887	-0.8333	0.2887	1	0.1835	2.4495	0.0143
f1_B_91_1_B_87_1	f1_B_62_1_B_58_1	0.1667	0.2887	-0.6667	0.2887	1	0.0168	2.0412	0.0412
f1_B_91_1_B_87_1	f1_B_80_0_B_76_0	-0.1667	0.2887	0.6667	0.2887	1	-0.0168	-2.0412	0.0412
f1_B_91_1_B_87_1	f1_B_86_1_B_83_1	0.0000	0.0000	0.8333	0.2887	1	-0.2560	-2.8868	0.0039
f1_B_91_1_B_87_1	f1_C_104_1_A_51_1	0.0000	0.0000	0.5000	0.0000	1	-0.5000	-inf	0.0000
f1_B_92_0_B_87_0	f1_A_66_1_A_62_1	0.8333	0.2887	0.0000	0.0000	1	0.2560	2.8868	0.0039
f1_B_92_0_B_87_0	f1_A_99_1_A_98_0	-0.6667	0.2887	0.0000	0.0000	1	-0.0893	-2.3094	0.0209
f1_B_92_0_B_87_0	f1_B_23_1_B_22_0	-0.6667	0.2887	0.0000	0.0000	1	-0.0893	-2.3094	0.0209
f1_B_92_0_B_87_0	f1_B_25_0_B_41_0	-0.6667	0.2887	0.0000	0.0000	1	-0.0893	-2.3094	0.0209
f1_B_92_0_B_87_0	f1_B_35_1_B_33_1	-0.5000	0.0000	0.0000	0.0000	1	-0.5000	-inf	0.0000
f1_B_92_0_B_87_0	f1_B_60_1_B_57_1	-0.8333	0.2887	0.1667	0.2887	1	-0.1835	-2.4495	0.0143
f1_B_92_0_B_87_0	f1_B_62_1_B_58_1	-0.8333	0.2887	0.1667	0.2887	1	-0.1835	-2.4495	0.0143
f1_B_92_0_B_87_0	f1_B_69_1_B_66_1	-0.5000	0.0000	0.0000	0.0000	1	-0.5000	-inf	0.0000
f1_B_92_0_B_87_0	f1_B_96_1_B_96_0	-0.8333	0.2887	0.0000	0.0000	1	-0.2560	-2.8868	0.0039
f1_B_92_0_B_87_0	f1_C_105_0_A_51_1	-0.5000	0.0000	0.0000	0.0000	1	-0.5000	-inf	0.0000
f1_B_93_0_A_47_0	f1_A_38_1_A_35_1	-0.6667	0.2887	0.5000	0.5000	1	-0.0120	-2.0207	0.0433
f1_B_93_0_A_47_0	f1_A_59_1_A_56_1	0.8333	0.2887	-0.3333	0.2887	1	0.3502	2.8577	0.0043
f1_B_93_0_A_47_0	f1_A_68_1_A_65_1	-0.5000	0.0000	0.3333	0.2887	1	-0.2560	-2.8868	0.0039
f1_B_93_0_A_47_0	f1_B_123_1_B_95_1	0.8333	0.2887	-0.1667	0.2887	1	0.1835	2.4495	0.0143
f1_B_93_0_A_47_0	f1_B_157_0_B_146_1	-1.0000	0.0000	-0.3333	0.2887	1	-0.0893	-2.3094	0.0209
f1_B_93_0_A_47_0	f1_B_26_1_B_42_0	0.8333	0.2887	0.0000	0.0000	1	0.2560	2.8868	0.0039
f1_B_93_0_A_47_0	f1_B_67_1_B_64_1	-0.6667	0.2887	0.6667	0.5774	1	-0.0423	-2.0656	0.0389
f1_B_93_0_A_47_0	f1_B_80_0_B_76_1	-0.6667	0.2887	0.0000	0.0000	1	-0.0893	-2.3094	0.0209
f1_B_93_0_A_47_0	f1_C_117_1_C_114_1	0.6667	0.2887	0.0000	0.0000	1	0.0893	2.3094	0.0209
f1_B_93_0_B_153_1	f1_A_53_1_C_105_1	0.6667	0.2887	-0.1667	0.2887	1	0.0168	2.0412	0.0412
f1_B_93_0_B_153_1	f1_A_5_1_B_17_1	0.6667	0.2887	-0.1667	0.2887	1	0.0168	2.0412	0.0412
f1_B_93_0_B_153_1	f1_B_123_1_B_95_1	-0.6667	0.2887	0.0000	0.0000	1	-0.0893	-2.3094	0.0209
f1_B_93_0_B_153_1	f1_B_134_0_B_169_0	0.6667	0.2887	0.0000	0.0000	1	0.0893	2.3094	0.0209
f1_B_93_0_B_153_1	f1_B_145_1_B_158_1	0.6667	0.2887	0.0000	0.0000	1	0.0893	2.3094	0.0209
f1_B_93_0_B_153_1	f1_B_149_0_A_28_1	-0.6667	0.2887	0.0000	0.0000	1	-0.0893	-2.3094	0.0209
f1_B_93_0_B_153_1	f1_B_157_0_B_146_1	0.8333	0.2887	-0.1667	0.2887	1	0.1835	2.4495	0.0143
f1_B_93_0_B_153_1	f1_B_25_0_B_41_0	-0.5000	0.0000	0.1667	0.2887	1	-0.0893	-2.3094	0.0209
f1_B_93_0_B_153_1	f1_B_26_1_B_42_0	-0.6667	0.2887	0.0000	0.0000	1	-0.0893	-2.3094	0.0209
f1_B_93_0_B_153_1	f1_B_80_0_B_76_1	0.5000	0.0000	0.0000	0.0000	1	0.5000	inf	0.0000
f1_B_93_0_B_153_1	f1_B_90_1_B_86_1	0.5000	0.0000	0.0000	0.0000	1	0.5000	inf	0.0000
f1_B_93_0_B_153_1	f1_C_117_1_C_114_1	-0.5000	0.0000	0.0000	0.0000	1	-0.5000	-inf	0.0000
f1_B_96_1_B_96_0	f1_A_59_1_A_55_1	0.6667	0.2887	0.0000	0.0000	1	0.0893	2.3094	0.0209
f1_B_96_1_B_96_0	f1_A_66_1_A_62_1	-0.6667	0.2887	0.3333	0.2887	1	-0.1835	-2.4495	0.0143
f1_B_96_1_B_96_0	f1_A_99_1_A_98_0	0.5000	0.0000	-0.3333	0.2887	1	0.2560	2.8868	0.0039
f1_B_96_1_B_96_0	f1_B_35_1_B_33_1	0.6667	0.2887	-0.1667	0.2887	1	0.0168	2.0412	0.0412
f1_B_96_1_B_96_0	f1_B_69_1_B_66_1	0.6667	0.2887	0.0000	0.0000	1	0.0893	2.3094	0.0209
f1_B_96_1_B_96_0	f1_B_80_0_B_76_1	0.6667	0.2887	0.0000	0.0000	1	0.0893	2.3094	0.0209
f1_B_96_1_B_96_0	f1_B_90_0_B_86_1	-0.8333	0.2887	0.3333	0.2887	1	-0.3502	-2.8577	0.0043
f1_B_96_1_B_96_0	f1_B_92_0_B_87_0	-0.8333	0.2887	0.0000	0.0000	1	-0.2560	-2.8868	0.0039
f1_B_96_1_B_96_0	f1_C_105_0_A_51_1	0.6667	0.2887	-0.1667	0.2887	1	0.0168	2.0412	0.0412
f1_C_104_1_A_51_1	f1_A_41_0_A_54_1	0.0000	0.0000	1.0000	0.0000	1	-1.0000	-inf	0.0000
f1_C_104_1_A_51_1	f1_A_5_0_A_27_0	-0.3333	0.2887	0.6667	0.2887	1	-0.1835	-2.4495	0.0143
f1_C_104_1_A_51_1	f1_A_68_1_A_64_1	0.1667	0.2887	-0.5000	0.0000	1	0.0893	2.3094	0.0209
f1_C_104_1_A_51_1	f1_A_6_1_A_27_0	-0.6667	0.5774	0.5000	0.0000	1	-0.0120	-2.0207	0.0433
f1_C_104_1_A_51_1	f1_B_12_0_A_140_1	-0.1667	0.2887	0.5000	0.0000	1	-0.0893	-2.3094	0.0209
f1_C_104_1_A_51_1	f1_B_131_0_B_160_1	0.0000	0.0000	-0.6667	0.2887	1	0.0893	2.3094	0.0209
f1_C_104_1_A_51_1	f1_B_153_1_A_29_0	0.0000	0.0000	-0.5000	0.0000	1	0.5000	inf	0.0000
f1_C_104_1_A_51_1	f1_B_29_0_A_141_0	0.0000	0.0000	0.6667	0.2887	1	-0.0893	-2.3094	0.0209
f1_C_104_1_A_51_1	f1_B_59_1_B_55_1	0.1667	0.2887	-0.6667	0.2887	1	0.0168	2.0412	0.0412
f1_C_104_1_A_51_1	f1_B_63_1_B_59_1	0.0000	0.0000	0.5000	0.0000	1	-0.5000	-inf	0.0000
f1_C_104_1_A_51_1	f1_B_78_1_B_74_1	0.0000	0.0000	-0.6667	0.2887	1	0.0893	2.3094	0.0209
f1_C_104_1_A_51_1	f1_B_91_1_B_87_1	0.0000	0.0000	0.5000	0.0000	1	-0.5000	-inf	0.0000
f1_C_105_0_A_51_1	f1_A_118_0_A_166_0	-0.5000	0.0000	0.0000	0.0000	1	-0.5000	-inf	0.0000
f1_C_105_0_A_51_1	f1_A_17_1_A_17_0	-0.5000	0.0000	0.1667	0.2887	1	-0.0893	-2.3094	0.0209
f1_C_105_0_A_51_1	f1_A_59_1_A_56_1	-0.5000	0.0000	0.1667	0.2887	1	-0.0893	-2.3094	0.0209
f1_C_105_0_A_51_1	f1_A_66_1_A_62_1	-0.6667	0.2887	0.1667	0.2887	1	-0.0168	-2.0412	0.0412
f1_C_105_0_A_51_1	f1_A_68_1_A_65_1	0.8333	0.2887	-0.1667	0.2887	1	0.1835	2.4495	0.0143
f1_C_105_0_A_51_1	f1_B_134_0_B_169_0	0.5000	0.0000	0.0000	0.0000	1	0.5000	inf	0.0000
f1_C_105_0_A_51_1	f1_B_145_1_B_158_1	0.5000	0.0000	0.0000	0.0000	1	0.5000	inf	0.0000
f1_C_105_0_A_51_1	f1_B_149_0_A_28_1	-0.5000	0.0000	0.0000	0.0000	1	-0.5000	-inf	0.0000
f1_C_105_0_A_51_1	f1_B_168_1_B_190_1	-0.5000	0.0000	0.1667	0.2887	1	-0.0893	-2.3094	0.0209
f1_C_105_0_A_51_1	f1_B_62_1_B_58_1	0.6667	0.2887	-0.1667	0.2887	1	0.0168	2.0412	0.0412
f1_C_105_0_A_51_1	f1_B_80_0_B_76_1	0.6667	0.2887	0.0000	0.0000	1	0.0893	2.3094	0.0209
f1_C_105_0_A_51_1	f1_B_92_0_B_87_0	-0.5000	0.0000	0.0000	0.0000	1	-0.5000	-inf	0.0000
f1_C_105_0_A_51_1	f1_B_96_1_B_96_0	0.6667	0.2887	-0.1667	0.2887	1	0.0168	2.0412	0.0412
f1_C_105_0_A_51_1	f1_C_117_1_C_114_1	-0.6667	0.2887	0.0000	0.0000	1	-0.0893	-2.3094	0.0209
f1_C_117_1_C_114_1	f1_A_143_0_B_36_0	-0.6667	0.2887	0.0000	0.0000	1	-0.0893	-2.3094	0.0209
f1_C_117_1_C_114_1	f1_A_150_1_A_149_0	0.8333	0.2887	0.0000	0.0000	1	0.2560	2.8868	0.0039
f1_C_117_1_C_114_1	f1_A_157_0_A_158_0	-0.6667	0.2887	0.0000	0.0000	1	-0.0893	-2.3094	0.0209
f1_C_117_1_C_114_1	f1_A_158_1_A_156_0	0.6667	0.2887	0.0000	0.0000	1	0.0893	2.3094	0.0209
f1_C_117_1_C_114_1	f1_A_44_0_B_152_0	-0.6667	0.2887	0.0000	0.0000	1	-0.0893	-2.3094	0.0209
f1_C_117_1_C_114_1	f1_A_50_0_A_47_0	-0.6667	0.2887	0.0000	0.0000	1	-0.0893	-2.3094	0.0209
f1_C_117_1_C_114_1	f1_A_5_1_B_17_1	-0.8333	0.2887	0.0000	0.0000	1	-0.2560	-2.8868	0.0039
f1_C_117_1_C_114_1	f1_A_99_1_A_98_0	0.6667	0.2887	0.0000	0.0000	1	0.0893	2.3094	0.0209
f1_C_117_1_C_114_1	f1_B_142_1_B_139_1	-0.8333	0.2887	0.0000	0.0000	1	-0.2560	-2.8868	0.0039
f1_C_117_1_C_114_1	f1_B_157_0_B_146_1	-0.6667	0.2887	0.0000	0.0000	1	-0.0893	-2.3094	0.0209
f1_C_117_1_C_114_1	f1_B_51_1_B_37_1	0.8333	0.2887	0.0000	0.0000	1	0.2560	2.8868	0.0039
f1_C_117_1_C_114_1	f1_B_93_0_A_47_0	0.6667	0.2887	0.0000	0.0000	1	0.0893	2.3094	0.0209
f1_C_117_1_C_114_1	f1_B_93_0_B_153_1	-0.5000	0.0000	0.0000	0.0000	1	-0.5000	-inf	0.0000
f1_C_117_1_C_114_1	f1_C_105_0_A_51_1	-0.6667	0.2887	0.0000	0.0000	1	-0.0893	-2.3094	0.0209
f1_C_117_1_C_114_1	f1_C_117_1_C_114_1	1.0000	0.0000	0.0000	0.0000	1	1.0000	inf	0.0000
f2_MHCII	f1_A_118_0_A_166_0	0.7249	0.2636	0.0000	0.0000	1	0.1976	2.7498	0.0060
f2_MHCII	f1_A_48_1_A_45_1	-0.8143	0.2947	0.0000	0.0000	1	-0.2249	-2.7631	0.0057
f2_MHCII	f1_A_50_1_A_47_1	0.5612	0.1216	-0.1413	0.2219	1	0.1965	2.7767	0.0055
f2_MHCII	f1_B_23_1_B_22_0	-0.6446	0.2805	0.0000	0.0000	1	-0.0835	-2.2978	0.0216
f2_MHCII	f1_B_80_0_B_76_0	0.0802	0.3948	0.8988	0.0896	1	-0.0089	-2.0220	0.0432
f2_MHCII	f1_B_80_0_B_76_1	0.6675	0.2607	0.0000	0.0000	1	0.1460	2.5601	0.0105
f2_MHCII	f1_B_86_1_B_83_1	0.0000	0.0000	0.7717	0.1458	1	-0.4802	-5.2943	0.0000
f2_MHCII	f1_B_89_1_B_86_1	0.8197	0.2851	-0.6422	0.4768	1	0.3508	2.6314	0.0085
