rgn	WT.pcca2	WT.pcca2	bN82A.pcca2	bN82A.pcca2	aT41A.pcca1	aT41A.pcca1
	mf	sf	mf	sf	mf	sf
A110b	1.0558	0.4258	1.1962	0.3142	1.0700	0.1081
A110s	1.0558	0.4258	1.1962	0.3142	1.0700	0.1081
A117b	2.1605	0.6435	2.9263	0.8722	1.7184	0.0999
A117s	2.1605	0.6435	2.9263	0.8722	1.7184	0.0999
K102b	2.7154	0.0903	4.0200	2.4322	2.9473	1.4397
K102s	2.7154	0.0903	4.0200	2.4322	2.9473	1.4397
K106b	1.2884	0.7281	1.4321	0.2135	1.3413	0.4558
K106s	1.2884	0.7281	1.4321	0.2135	1.3413	0.4558
L113b	1.2163	0.6002	2.0851	0.7204	1.2480	0.3812
L113s	1.2163	0.6002	2.0851	0.7204	1.2480	0.3812
L114b	1.2839	0.6334	2.3645	0.7252	1.2597	0.3746
L114s	1.2839	0.6334	2.3645	0.7252	1.2597	0.3746
L118b	2.1128	0.8701	3.7270	2.0122	1.8128	0.1030
L118s	2.1128	0.8701	3.7270	2.0122	1.8128	0.1030
M109b	0.9834	0.3483	1.1879	0.0985	1.0051	0.1073
M109s	0.9834	0.3483	1.1879	0.0985	1.0051	0.1073
M115b	1.4228	0.6820	2.4562	0.8727	1.3836	0.3256
M115s	1.4228	0.6820	2.4562	0.8727	1.3836	0.3256
M120b	5.2202	2.5421	5.4722	4.5712	2.1231	0.7310
M120s	5.2202	2.5421	5.4722	4.5712	2.1231	0.7310
MHCII	1.1131	0.1513	1.5591	0.4047	1.0534	0.1084
P103b	2.4046	0.8721	2.9610	1.3670	2.2328	1.4408
P103s	2.4046	0.8721	2.9610	1.3670	2.2328	1.4408
P112b	1.1284	0.6612	1.7219	0.6713	1.1107	0.1692
P112s	1.1284	0.6612	1.7219	0.6713	1.1107	0.1692
P119b	3.8772	1.6214	4.6296	3.3158	1.7018	0.3057
P119s	3.8772	1.6214	4.6296	3.3158	1.7018	0.3057
Q116b	2.1222	1.2787	2.2252	1.2181	1.6288	0.2036
Q116s	2.1222	1.2787	2.2252	1.2181	1.6288	0.2036
R108b	0.9968	0.2727	1.3063	0.1434	1.1054	0.1126
R108s	0.9968	0.2727	1.3063	0.1434	1.1054	0.1126
S105b	1.8301	0.5516	1.4740	0.2951	1.3070	0.5835
S105s	1.8301	0.5516	1.4740	0.2951	1.3070	0.5835
T111b	0.9483	0.6359	1.5137	0.4963	1.1098	0.0771
T111s	0.9483	0.6359	1.5137	0.4963	1.1098	0.0771
V104b	2.8269	1.0320	1.8409	0.0793	1.7218	1.4439
V104s	2.8269	1.0320	1.8409	0.0793	1.7218	1.4439
W107b	0.9443	0.4762	1.1862	0.1724	1.0998	0.1948
W107s	0.9443	0.4762	1.1862	0.1724	1.0998	0.1948
