rgn	WT.pcca2	WT.pcca2	bN82A.pcca2	bN82A.pcca2	aT41A.pcca1	aT41A.pcca1
	mf	sf	mf	sf	mf	sf
a1_0	1.3496	0.7387	1.8622	1.3956	0.5076	0.3678
a1_1	0.2659	1.3617	-0.1653	0.9884	0.9961	0.6683
a1_10	0.1093	1.0211	0.3381	0.6456	0.3435	1.7529
a1_11	-0.5935	0.3838	-0.3322	0.6580	0.1098	0.3569
a1_12	0.7834	1.9427	-0.5700	1.0359	0.3367	0.0214
a1_13	0.7417	0.3715	0.7619	0.6860	-0.3539	1.3455
a1_14	1.1849	1.0219	1.4009	0.4134	2.0806	0.3901
a1_15	1.1901	0.4308	1.1783	0.7691	0.2984	1.1551
a1_16	0.0969	1.7050	0.7899	1.0316	1.6520	0.6830
a1_17	1.0178	1.1672	0.5627	0.4131	1.6678	0.6400
a1_18	1.8418	1.0722	1.1766	0.4259	2.3365	0.6632
a1_19	0.9872	0.6637	1.1769	0.7546	0.9601	0.7142
a1_2	0.5301	0.3970	1.6422	0.6495	1.4114	1.0017
a1_20	2.5438	0.4003	1.6088	0.6956	2.5327	0.3679
a1_21	2.3319	0.0183	1.6591	0.6668	1.2040	0.4038
a1_22	0.3272	0.7300	0.5383	0.7622	0.5382	0.3818
a1_23	1.8759	0.3641	1.8737	1.4177	1.8880	0.8117
a1_24	-0.3543	0.6870	-0.1024	0.7492	-0.5493	1.3929
a1_25	0.2750	0.6045	1.1954	0.3989	0.0523	0.9792
a1_26	0.7765	1.0314	0.9755	1.1534	0.7636	0.8160
a1_27	0.0227	0.3772	0.4964	0.7814	0.2897	0.7065
a1_3	0.2970	1.0323	0.2451	0.7817	-0.4607	1.0061
a1_4	-1.4084	0.7768	-0.7334	0.7816	-0.7392	1.0473
a1_5	0.1327	0.7278	0.7641	0.3685	-0.7932	0.7973
a1_6	0.1314	1.0607	0.3140	0.0573	0.9605	0.6950
a1_7	1.4541	0.7813	1.4530	0.8206	0.7838	0.8402
a1_8	2.2906	0.0064	0.9605	0.6317	1.6045	0.6910
a1_9	2.0577	0.7088	2.5033	0.7975	2.2618	0.6244
a2_0	0.5867	0.4056	0.5475	1.0226	-0.1331	1.0162
a2_1	-0.5722	0.3800	0.3191	0.6722	0.3392	0.6679
a2_10	-1.2416	0.7586	-0.0910	0.7790	-0.7677	1.3869
a2_11	0.7448	0.3444	1.0043	0.7130	1.8869	0.7508
a2_12	0.1034	1.7039	0.5403	1.4071	-0.3049	0.6675
a2_13	0.0811	1.5669	-0.1180	1.0162	-0.5836	1.0288
a2_14	-1.4365	0.4168	0.1185	1.3935	0.1213	1.0014
a2_15	-0.3522	0.6638	0.0548	0.9857	-0.1076	0.4072
a2_16	0.3287	0.0213	0.1094	1.3853	0.5619	0.7646
a2_17	1.8531	0.4239	1.6092	0.6333	0.7433	0.3963
a2_18	0.9424	1.1428	0.4901	1.6628	0.7399	0.3436
a2_19	0.9602	1.7272	1.1946	0.3908	2.3334	0.6588
a2_2	0.3404	0.6617	-0.0708	1.0326	-0.3693	0.7121
a2_20	-0.1171	0.4140	-0.3008	1.1836	0.3518	0.6603
a2_21	0.7521	0.4079	0.9429	0.6255	0.0614	0.3876
a2_22	0.5253	0.7783	0.1192	0.3711	-0.3322	1.3337
a2_23	0.3559	1.2867	0.7781	0.4114	0.1374	2.1327
a2_24	0.7034	0.3767	0.5223	0.3259	0.2900	0.6595
a2_25	-0.3169	0.0330	0.3409	2.0413	-0.0842	1.6778
a2_26	0.3193	0.6490	-0.3174	1.3222	1.4373	1.0031
a2_27	0.5872	1.0649	0.0868	2.0421	0.9883	1.3493
a2_28	0.3271	0.6397	0.8028	1.3897	0.9589	0.6700
a2_29	0.0651	0.4255	1.4664	0.3835	1.4073	0.4334
a2_3	0.7831	0.3799	-0.1114	1.4106	-0.3536	0.6684
a2_30	0.7828	0.3957	0.9700	0.0294	0.1138	1.0367
a2_31	0.1259	0.8185	0.3431	0.6498	0.0957	0.7941
a2_4	-0.5557	1.5367	0.0936	0.8040	0.0892	0.3491
a2_5	0.7655	1.3683	0.9776	0.0447	0.9715	0.6356
a2_6	0.3108	0.6895	0.9746	0.7024	0.9450	0.6962
a2_7	0.8278	0.4132	0.3465	0.0113	-0.0970	0.3436
a2_8	0.5642	0.6640	1.0066	1.0474	0.7931	0.3960
a2_9	-1.4538	1.0234	-0.5405	0.9941	-0.3564	1.3254
b1_0	-0.7751	1.0198	-0.1260	1.0311	-0.3386	0.6939
b1_1	0.7411	0.3999	-0.3485	0.7154	0.7830	0.3991
b1_10	-0.1226	1.3872	-0.5660	1.4152	0.0879	0.7997
b1_11	0.7227	0.3538	0.5151	0.3577	1.6579	0.6653
b1_12	0.5545	1.7085	0.5372	0.7702	1.9101	0.3807
b1_13	0.3312	1.1593	1.2363	0.3947	-0.3525	0.0265
b1_14	2.5464	0.4131	0.7403	1.3573	0.7233	1.0378
b1_15	0.9562	1.3423	1.6219	0.6977	1.4220	1.4117
b1_16	0.9615	1.2967	0.5631	0.4026	1.0034	0.6744
b1_17	1.2210	0.7655	-0.8126	1.5601	0.5455	1.0135
b1_18	0.3259	0.6719	1.4272	0.4042	1.4307	0.4244
b1_19	1.4359	0.9683	1.0013	0.6725	0.7548	1.3455
b1_2	1.6137	0.6137	0.9658	0.6983	1.6367	0.6708
b1_20	0.3566	0.7245	0.8123	0.4046	0.7600	0.9982
b1_21	0.9854	0.0245	1.6350	0.6966	2.0813	1.0067
b1_22	2.1073	1.0304	2.0988	0.4187	2.1080	0.4044
b1_23	1.4348	0.3938	1.2013	1.0081	0.9965	1.1596
b1_24	-0.9671	0.6593	-0.0757	0.3753	-1.5931	0.0491
b1_25	0.3114	0.6673	-0.5575	0.7293	1.6740	0.0113
b1_26	0.9618	1.2068	0.5509	1.5684	0.0955	1.3678
b1_27	0.1362	1.0326	-0.0657	0.7737	0.5583	0.9662
b1_28	-0.7816	0.4174	-0.7649	0.3914	-0.5091	0.3770
b1_29	-0.0771	1.0051	1.4491	0.7431	1.4236	0.3829
b1_3	0.1702	1.6599	-0.1132	0.3814	-0.7191	1.0547
b1_4	0.3121	0.6300	0.5494	0.8147	-0.1385	1.0400
b1_5	0.1376	0.4277	-0.7738	0.3993	-0.1262	0.3589
b1_6	0.7834	0.9991	0.1249	0.4335	-0.6005	0.3879
b1_7	1.8583	0.7598	1.6480	0.6764	0.0873	0.7326
b1_8	-0.9224	0.6661	-0.3218	1.3277	-0.3139	0.0452
b1_9	-0.3644	0.6367	-1.4715	0.7968	0.1001	0.7570
b2_0	-0.3370	1.3580	0.1038	1.0640	0.1340	1.0223
b2_1	0.9565	0.0757	0.9428	0.7447	0.7193	0.9894
b2_10	-0.7717	0.3843	-0.5752	0.4213	-0.5545	1.3891
b2_11	0.5003	1.0323	0.3193	0.0063	0.7340	0.3384
b2_12	2.0742	1.0067	1.4133	0.3565	1.4320	0.3709
b2_13	0.3044	1.1770	-0.3285	0.6556	-1.0046	0.6990
b2_14	0.7704	0.3929	-0.3748	1.7812	-0.5579	0.7780
b2_15	0.5519	2.1573	1.4745	1.0245	-1.2026	0.7976
b2_16	0.5615	1.0215	0.5182	0.4109	0.5507	2.1057
b2_17	-0.7867	1.4110	1.2026	0.7841	-0.1091	1.9520
b2_18	-0.5830	1.5638	-0.2979	1.1459	-0.1143	0.9787
b2_19	1.1690	1.3535	0.3056	1.6847	0.7341	0.7589
b2_2	0.5440	1.9123	1.0009	0.6666	1.2306	1.0101
b2_20	1.6109	0.0090	0.7661	0.3858	1.4277	0.3927
b2_21	-0.5438	0.9766	0.3679	1.3444	0.1272	1.4219
b2_22	1.4405	0.3859	-0.3458	0.6614	1.2535	0.7583
b2_23	-0.1222	0.3771	1.0121	1.1342	0.5521	1.4161
b2_24	0.3013	0.0383	0.0962	1.0229	0.1252	1.0389
b2_25	2.1086	0.7771	0.1134	0.3871	1.2241	0.7694
b2_26	1.1697	1.0024	0.7279	0.4201	0.3155	0.6628
b2_27	-1.4303	1.4006	0.3312	0.0105	-0.1018	0.3684
b2_28	-0.3102	0.6614	-0.3425	0.6839	0.1167	1.3715
b2_29	0.0949	2.3079	0.3248	0.6765	1.2074	1.0124
b2_3	-0.1230	1.3915	0.1064	1.0046	0.1094	1.3890
b2_30	-1.4275	0.3876	-0.3062	0.0722	-0.7479	0.3980
b2_31	1.2105	1.6983	-0.5709	0.8331	-0.5665	1.0176
b2_4	0.5729	0.4204	-0.1253	1.3603	0.7495	0.7210
b2_5	0.2876	1.3462	0.5322	0.7879	0.3083	1.9665
b2_6	0.5649	0.8104	0.3386	1.7684	0.1115	1.6982
b2_7	-0.9924	1.7282	0.2760	0.0343	-0.0651	1.3593
b2_8	-0.1236	0.3569	1.2024	0.3568	0.0975	1.0024
b2_9	0.1847	1.0555	-0.0357	0.0420	0.2124	1.0164
c2_0	-0.6771	1.1124	-0.3829	0.5574	-0.6808	2.5268
c2_1	-0.1137	1.3474	0.3340	0.0390	0.7299	1.0052
c2_2	0.0892	0.3950	0.9751	0.6826	-0.5742	1.0060
c2_3	0.5245	0.3981	0.3667	0.0526	0.5805	0.7673
c2_4	0.3056	0.0287	0.1327	1.0216	0.7996	0.3612
c2_5	0.7860	1.0107	-0.1265	0.4237	0.1433	0.7583
c2_6	-0.3736	2.9527	-0.3087	1.1725	0.9906	1.9518
