rgn	WT.pcca2	WT.pcca2	WT.pcca2	WT.pcca2	bN82A.pcca2	bN82A.pcca2	bN82A.pcca2	bN82A.pcca2	aT41A.pcca1	aT41A.pcca1	aT41A.pcca1	aT41A.pcca1
	mf	sf	mf.2	sf.2	mf	sf	mf.2	sf.2	mf	sf	mf.2	sf.2
a1_0	1.0403	0.2799	0.0656	0.0682	1.1384	0.2189	0.0193	0.0136	1.0074	0.2431	0.2375	0.1191
a1_1	0.3370	0.2135	0.0681	0.1011	0.6508	0.1341	0.0732	0.0887	0.8267	0.0370	0.1345	0.1140
a1_10	0.5979	0.4640	0.1633	0.2720	0.6918	0.4076	0.0951	0.1035	0.7582	0.4538	0.1323	0.1734
a1_11	1.0185	0.2400	0.1313	0.1584	1.0447	0.0896	0.0853	0.0888	0.9798	0.1430	0.1281	0.1125
a1_12	1.1610	0.3418	0.0775	0.0101	0.7601	0.0729	0.0511	0.0689	0.9203	0.1665	0.0989	0.0598
a1_13	0.4335	0.0389	0.0541	0.0456	0.3926	0.2668	0.1203	0.1721	0.3495	0.1652	0.0487	0.0279
a1_14	1.2155	0.3387	0.0197	0.0090	1.1320	0.1791	0.1679	0.2338	1.0105	0.3560	0.1136	0.0869
a1_15	0.7862	0.2791	0.1269	0.1561	0.9431	0.0962	0.0813	0.0666	0.7924	0.0833	0.0627	0.0449
a1_16	1.0965	0.1184	0.0505	0.0448	1.3523	0.1013	0.0757	0.0673	1.1548	0.0638	0.0919	0.0778
a1_17	1.0184	0.1269	0.1508	0.0481	1.2164	0.1886	0.0731	0.0507	1.0432	0.1173	0.0957	0.0509
a1_18	0.9907	0.2189	0.0419	0.0448	1.1962	0.1988	0.0438	0.0473	1.1198	0.1164	0.0873	0.0723
a1_19	0.9970	0.2557	0.0564	0.0687	0.9752	0.3634	0.0588	0.0598	0.8950	0.2192	0.1197	0.1031
a1_2	1.8291	0.1026	0.0384	0.0364	1.7864	0.1300	0.1549	0.1689	1.7472	0.3227	0.1345	0.1598
a1_20	1.0532	0.1017	0.0373	0.0178	1.2077	0.1866	0.0561	0.0493	1.0178	0.1188	0.0296	0.0143
a1_21	1.1215	0.1629	0.1582	0.2436	0.9663	0.1352	0.1190	0.1369	0.9906	0.0342	0.0576	0.0166
a1_22	1.1647	0.1848	0.0315	0.0034	0.9542	0.2300	0.1140	0.1076	1.1660	0.1104	0.1802	0.0623
a1_23	1.0204	0.3001	0.0086	0.0080	1.0782	0.0935	0.1349	0.1062	1.3887	0.2093	0.0745	0.0697
a1_24	1.3091	0.1334	0.0312	0.0384	1.4010	0.2131	0.0880	0.0758	1.4785	0.1553	0.1187	0.0668
a1_25	1.0236	0.1312	0.1282	0.1837	1.1002	0.2110	0.0074	0.0049	1.0898	0.0632	0.0235	0.0349
a1_26	0.5134	0.1703	0.1009	0.0846	0.8243	0.1649	0.0420	0.0127	0.9467	0.1114	0.0389	0.0329
a1_27	1.1069	0.0335	0.1120	0.1023	0.8272	0.1204	0.0539	0.0527	0.9741	0.1688	0.0597	0.0430
a1_3	1.1328	0.0065	0.0575	0.0435	1.1955	0.0776	0.1060	0.0748	1.0553	0.1178	0.0687	0.0369
a1_4	1.1609	0.4666	0.0556	0.0579	1.3230	0.2051	0.1645	0.1082	1.1650	0.1042	0.0840	0.0374
a1_5	1.8374	0.2268	0.0374	0.0228	1.6886	0.0626	0.1976	0.1523	1.7650	0.1463	0.1642	0.1336
a1_6	1.4070	0.3887	0.0196	0.0130	1.3703	0.2125	0.0605	0.0506	1.3433	0.1390	0.0694	0.0849
a1_7	1.7597	0.2330	0.0489	0.0420	1.6621	0.0827	0.1196	0.1049	1.7817	0.0304	0.0810	0.0185
a1_8	1.1762	0.0726	0.1067	0.0909	0.9546	0.3030	0.1042	0.0509	1.3405	0.1733	0.1755	0.0902
a1_9	1.3927	0.0424	0.0392	0.0248	1.3289	0.2431	0.0148	0.0141	1.3183	0.1767	0.0436	0.0363
a2_0	0.8905	0.1371	0.0079	0.0062	0.5446	0.0834	0.0434	0.0500	0.8906	0.2275	0.2065	0.2717
a2_1	1.3697	0.0806	0.0180	0.0148	1.1655	0.3865	0.0849	0.0904	0.9996	0.0288	0.0787	0.0503
a2_10	1.2193	0.1449	0.2982	0.2686	1.3134	0.0749	0.0815	0.0479	1.0595	0.1448	0.1628	0.0892
a2_11	0.7503	0.2511	0.0817	0.0774	0.8574	0.1189	0.0673	0.0596	0.6135	0.0488	0.0949	0.1082
a2_12	1.0910	0.1139	0.0866	0.1000	1.4388	0.4316	0.0416	0.0497	1.2795	0.1771	0.0458	0.0263
a2_13	0.6569	0.3722	0.1033	0.0921	1.1304	0.1810	0.0771	0.0293	0.7997	0.0834	0.1156	0.0869
a2_14	0.9940	0.4677	0.1645	0.1910	0.7628	0.3638	0.1574	0.2185	0.8013	0.1976	0.1826	0.1888
a2_15	1.3306	0.4617	0.3573	0.2568	1.0692	0.2255	0.0559	0.0386	1.3106	0.3638	0.1092	0.0604
a2_16	0.8345	0.1939	0.1653	0.1183	0.5264	0.1057	0.1209	0.1203	0.6174	0.2622	0.0569	0.0801
a2_17	0.7533	0.1907	0.1388	0.1685	0.5778	0.1455	0.0713	0.0131	0.8343	0.2461	0.1319	0.1182
a2_18	0.6160	0.0332	0.0336	0.0332	0.8514	0.0922	0.0883	0.0344	0.5888	0.1032	0.1368	0.0487
a2_19	1.6484	0.2514	0.0392	0.0005	1.7198	0.1259	0.0873	0.0507	1.6403	0.2999	0.0287	0.0110
a2_2	0.9362	0.3435	0.1152	0.1791	1.0894	0.0395	0.1672	0.0719	1.3719	0.3006	0.2108	0.2076
a2_20	1.1529	0.2256	0.0198	0.0291	1.2876	0.0700	0.0852	0.1222	1.0917	0.2055	0.0214	0.0242
a2_21	1.8553	0.2343	0.0841	0.0876	1.7095	0.5547	0.1208	0.1375	1.5680	0.0566	0.0926	0.0502
a2_22	1.2888	0.2629	0.0518	0.0421	1.2170	0.1060	0.2479	0.3543	1.4249	0.1758	0.0700	0.0582
a2_23	0.7251	0.1264	0.1258	0.0603	0.7560	0.1463	0.1957	0.1508	0.7533	0.1334	0.1084	0.0792
a2_24	1.2741	0.1659	0.0611	0.0532	1.2158	0.3168	0.0636	0.0672	1.3063	0.2191	0.0965	0.1066
a2_25	0.5011	0.1749	0.0952	0.1070	0.4841	0.1275	0.0474	0.0610	0.3485	0.1342	0.0228	0.0166
a2_26	1.1257	0.2452	0.0346	0.0279	1.1287	0.2483	0.0644	0.0502	1.1891	0.2990	0.1506	0.1771
a2_27	0.7093	0.3330	0.0331	0.0267	0.5763	0.1414	0.1178	0.0210	0.5061	0.3793	0.0675	0.1031
a2_28	0.9768	0.1166	0.1375	0.0283	0.7827	0.2264	0.0993	0.0853	0.9922	0.0589	0.0722	0.0372
a2_29	0.9267	0.3019	0.0512	0.0468	0.9281	0.1317	0.1082	0.0507	1.0671	0.2913	0.0281	0.0206
a2_3	1.3248	0.1819	0.0874	0.0110	1.3162	0.4831	0.0900	0.0349	1.1962	0.2115	0.2071	0.1759
a2_30	1.5620	0.0441	0.0162	0.0040	1.5417	0.1758	0.0616	0.0209	1.5302	0.0169	0.0993	0.0493
a2_31	1.5000	0.2390	0.0996	0.1467	1.4653	0.1685	0.1660	0.0531	1.2628	0.2251	0.1995	0.2011
a2_32	0.4903	0.0799	0.2525	0.2867	1.0511	0.6832	0.3864	0.2227	1.1163	0.4757	0.4048	0.2007
a2_4	1.3483	0.1691	0.1529	0.1479	1.4064	0.1128	0.0950	0.0727	1.1802	0.0972	0.0710	0.0258
a2_5	1.2015	0.1901	0.0058	0.0086	1.1019	0.2123	0.1887	0.1378	1.0541	0.2389	0.0271	0.0312
a2_6	0.7341	0.2466	0.1242	0.0690	0.6049	0.0625	0.1472	0.1730	0.4089	0.1550	0.1322	0.1114
a2_7	1.6798	0.1802	0.1323	0.2251	1.5749	0.2835	0.0936	0.0935	1.4152	0.1896	0.0232	0.0316
a2_8	1.5754	0.1003	0.1558	0.0686	1.3583	0.1362	0.0499	0.0330	1.6927	0.3355	0.0340	0.0454
a2_9	0.9973	0.2262	0.0881	0.0786	0.7727	0.2533	0.1056	0.1388	1.0196	0.0992	0.1208	0.0529
b1_0	0.7993	0.3035	0.0266	0.0302	0.8421	0.0927	0.2728	0.2248	0.9986	0.4044	0.0687	0.1042
b1_1	1.0640	0.0896	0.0843	0.0484	0.8243	0.1128	0.0402	0.0296	1.0784	0.1313	0.0477	0.0563
b1_10	1.0229	0.3082	0.1872	0.1742	1.0556	0.1790	0.0384	0.0345	1.3135	0.4505	0.1542	0.0812
b1_11	1.1396	0.0817	0.0275	0.0088	1.2599	0.0386	0.0801	0.0380	1.3059	0.1083	0.0586	0.0289
b1_12	1.2738	0.1102	0.0480	0.0417	1.2438	0.1804	0.1317	0.0856	1.0747	0.1939	0.2819	0.2381
b1_13	0.8151	0.3805	0.0883	0.0777	0.9432	0.1714	0.0368	0.0179	0.7528	0.1664	0.1500	0.0973
b1_14	1.3368	0.1422	0.0925	0.0737	1.2323	0.0415	0.0511	0.0710	1.4321	0.2638	0.2378	0.1708
b1_15	0.6159	0.1521	0.0410	0.0684	0.7214	0.1391	0.0958	0.0483	0.8198	0.2543	0.2041	0.3131
b1_16	0.7770	0.2531	0.0179	0.0248	1.1478	0.1800	0.0310	0.0147	1.1209	0.3505	0.0473	0.0385
b1_17	1.2178	0.0328	0.0224	0.0189	1.5545	0.2185	0.1066	0.0699	1.4178	0.2697	0.0471	0.0196
b1_18	1.1339	0.2811	0.1191	0.1228	0.9051	0.2610	0.1311	0.1538	0.7795	0.3145	0.0944	0.1004
b1_19	0.7420	0.2592	0.0353	0.0316	0.4916	0.2518	0.0541	0.0499	0.6901	0.2987	0.0794	0.0648
b1_2	1.2719	0.1151	0.1290	0.1611	1.4021	0.0753	0.0258	0.0267	1.0629	0.0932	0.0367	0.0168
b1_20	1.0063	0.2309	0.1117	0.1408	0.9186	0.2625	0.1023	0.1214	1.0783	0.4300	0.0589	0.0498
b1_21	0.9587	0.4036	0.1095	0.1131	1.1574	0.1539	0.0558	0.0475	0.9061	0.1337	0.0335	0.0236
b1_22	0.8886	0.1275	0.0553	0.0600	1.0208	0.0979	0.0732	0.0636	1.0566	0.4562	0.2507	0.2285
b1_23	1.7597	0.2876	0.1360	0.1077	1.3987	0.3477	0.2532	0.1959	1.0962	0.3022	0.2508	0.1456
b1_24	0.7469	0.1524	0.0716	0.0442	0.4387	0.3191	0.0372	0.0388	0.9874	0.2826	0.2060	0.2084
b1_25	1.2903	0.0680	0.0124	0.0124	0.9486	0.0828	0.0375	0.0342	1.1106	0.1798	0.0981	0.0605
b1_26	1.4475	0.2520	0.0263	0.0274	0.9543	0.2311	0.0529	0.0624	0.7514	0.2866	0.0609	0.0361
b1_27	0.9338	0.2738	0.0240	0.0101	0.8354	0.2217	0.1564	0.1856	1.2953	0.2013	0.2301	0.1978
b1_28	0.7953	0.2611	0.0344	0.0305	0.8476	0.1016	0.0398	0.0246	1.0976	0.2191	0.1779	0.1173
b1_29	0.7411	0.3160	0.0610	0.0560	0.7196	0.2394	0.1736	0.2121	1.0141	0.0977	0.0656	0.0898
b1_3	0.5123	0.2841	0.0196	0.0130	0.5281	0.0686	0.0689	0.0635	1.0718	0.3042	0.0967	0.0906
b1_4	1.0867	0.2325	0.1059	0.0687	1.0580	0.2510	0.2054	0.1751	1.2793	0.1228	0.1044	0.0655
b1_5	1.1668	0.1205	0.1627	0.0253	1.4796	0.0901	0.1093	0.0428	1.4928	0.1927	0.0958	0.0864
b1_6	1.0096	0.3949	0.2561	0.3499	1.3935	0.5092	0.1154	0.1943	1.1197	0.3784	0.0474	0.0310
b1_7	0.6546	0.1380	0.0591	0.0537	0.9047	0.2692	0.0969	0.0333	0.9371	0.1544	0.0344	0.0201
b1_8	0.8666	0.1543	0.0206	0.0077	0.9141	0.3291	0.0523	0.0502	1.1736	0.1023	0.0661	0.0524
b1_9	1.9124	0.4352	0.0380	0.0381	1.8449	0.2613	0.0251	0.0195	1.7873	0.3614	0.1158	0.0897
b2_0	0.9915	0.1149	0.1466	0.1305	1.0630	0.1740	0.0386	0.0180	1.1462	0.1721	0.0161	0.0214
b2_1	0.9540	0.4671	0.1460	0.1076	0.9233	0.2679	0.0107	0.0117	0.9994	0.1932	0.0500	0.0332
b2_10	0.7189	0.0744	0.0439	0.0141	0.8447	0.2537	0.1359	0.0812	0.8562	0.2363	0.0455	0.0274
b2_11	0.9546	0.1469	0.0992	0.0412	1.1803	0.1993	0.0677	0.0331	1.2565	0.1245	0.2967	0.1291
b2_12	1.0146	0.1102	0.0350	0.0289	0.9566	0.2514	0.1574	0.0780	1.0987	0.2218	0.0892	0.1058
b2_13	1.4162	0.2761	0.0179	0.0162	1.4489	0.2749	0.0954	0.1010	1.6513	0.1648	0.0792	0.0977
b2_14	0.9743	0.3445	0.1124	0.0248	0.6143	0.4447	0.0727	0.0445	0.7921	0.4295	0.0381	0.0520
b2_15	0.8984	0.3534	0.1331	0.0449	1.1211	0.1142	0.1136	0.0189	0.9804	0.3918	0.2737	0.1065
b2_16	0.9916	0.4752	0.2268	0.2241	0.8940	0.3141	0.0593	0.0411	1.1221	0.4159	0.1618	0.1153
b2_17	0.8154	0.1652	0.0454	0.0632	0.5117	0.1880	0.1413	0.1140	0.3378	0.0701	0.0642	0.0360
b2_18	1.0442	0.0519	0.0441	0.0684	0.6720	0.1956	0.0178	0.0229	0.7188	0.1761	0.0600	0.0827
b2_19	1.1104	0.2511	0.1174	0.0615	1.5671	0.0971	0.1136	0.1114	1.2480	0.1360	0.1020	0.0753
b2_2	1.8671	0.4342	0.0634	0.0930	1.9028	0.3541	0.0443	0.0247	1.7280	0.4584	0.0299	0.0289
b2_20	1.1202	0.3135	0.0230	0.0166	1.2144	0.1667	0.0461	0.0553	1.2853	0.1549	0.0759	0.0484
b2_21	1.9023	0.3203	0.0355	0.0279	1.7737	0.0971	0.1072	0.0921	1.5565	0.0863	0.0448	0.0306
b2_22	1.2135	0.1738	0.0619	0.0844	1.1477	0.2825	0.0585	0.0618	1.1629	0.2174	0.1186	0.1059
b2_23	0.6806	0.2351	0.0621	0.0859	0.6861	0.0336	0.0881	0.0208	0.6101	0.1759	0.0969	0.0992
b2_24	0.9025	0.3513	0.0691	0.0877	0.7215	0.2474	0.0295	0.0158	0.6810	0.1646	0.1041	0.0318
b2_25	0.5225	0.2674	0.0690	0.0341	0.5002	0.1889	0.0703	0.0126	0.5272	0.1243	0.0573	0.0219
b2_26	0.9126	0.0928	0.0138	0.0238	0.7561	0.2140	0.1157	0.0981	0.9421	0.1276	0.0567	0.0760
b2_27	1.2703	0.2780	0.0443	0.0249	1.3917	0.2169	0.1594	0.1002	1.3585	0.1956	0.1204	0.1076
b2_28	1.0404	0.0892	0.1015	0.0641	1.1332	0.2185	0.2350	0.1151	1.1290	0.2538	0.0619	0.0533
b2_29	1.2014	0.0821	0.0678	0.0154	0.9723	0.2014	0.1298	0.1081	1.3201	0.1444	0.0792	0.0501
b2_3	1.3579	0.1874	0.0939	0.0354	1.1836	0.1358	0.0943	0.0550	1.2844	0.1244	0.0754	0.0345
b2_30	1.0130	0.1095	0.0431	0.0386	1.0228	0.1165	0.0927	0.0445	1.1312	0.1730	0.2029	0.1164
b2_31	1.0678	0.0338	0.1105	0.1847	0.9931	0.1219	0.0132	0.0119	1.3268	0.3802	0.0933	0.1170
b2_4	1.1031	0.4118	0.1030	0.1099	1.2132	0.1663	0.0906	0.0790	1.1706	0.1451	0.0997	0.0500
b2_5	1.1314	0.1978	0.0624	0.0502	1.5077	0.2883	0.2558	0.0835	1.1397	0.2983	0.1273	0.1485
b2_6	1.8828	0.1921	0.1153	0.1032	1.7127	0.1812	0.0981	0.0735	2.0425	0.2216	0.2792	0.0634
b2_7	0.4359	0.1828	0.0607	0.0538	0.5931	0.1835	0.0399	0.0324	0.8565	0.3349	0.1646	0.2348
b2_8	1.2175	0.0080	0.2464	0.2264	1.2389	0.1272	0.0291	0.0189	1.5730	0.2666	0.2577	0.2318
b2_9	0.8872	0.0733	0.0322	0.0160	0.8817	0.1462	0.0122	0.0102	1.0072	0.1159	0.0205	0.0061
c2_0	1.3047	0.3880	0.1190	0.1098	1.0262	0.1856	0.2707	0.2060	1.1342	0.5782	0.2979	0.2504
c2_1	0.7919	0.3553	0.0118	0.0169	0.5639	0.1479	0.0445	0.0352	0.9102	0.1986	0.2420	0.4013
c2_2	0.6480	0.2140	0.0326	0.0221	0.8935	0.0567	0.1137	0.0445	0.5078	0.2054	0.0596	0.0186
c2_3	0.4121	0.1555	0.1076	0.1498	0.6980	0.0725	0.0325	0.0039	0.6183	0.0280	0.0209	0.0167
c2_4	0.3763	0.1174	0.0371	0.0512	0.4419	0.2029	0.0677	0.1126	0.8517	0.2057	0.0754	0.0787
c2_5	1.1132	0.1975	0.1391	0.0564	0.7775	0.3454	0.0603	0.0587	1.4840	0.3714	0.1277	0.0965
c2_6	0.9177	0.3791	0.0394	0.0400	1.0166	0.3165	0.2277	0.2098	1.1394	0.4497	0.1986	0.1177
