rgn1	rgn2	bN82A.pcca2	bN82A.pcca2	WT.pcca2	WT.pcca2	lsdm	sdiff	score	pval
		mf	sf	mf	sf				
a1_0	a1_7	0.5624	0.1155	0.8592	0.0756	1	-0.0206	-2.1491	0.0316
a1_0	a2_13	0.1094	0.2026	-0.7557	0.3594	1	0.0400	2.0970	0.0360
a1_0	a2_14	0.2551	0.3550	-0.7491	0.1838	1	0.2046	2.5117	0.0120
a1_0	a2_3	0.4163	0.1844	-0.4987	0.3631	1	0.1005	2.2467	0.0247
a1_0	b1_19	-0.0038	0.3700	0.8529	0.0550	1	-0.1085	-2.2900	0.0220
a1_0	b1_20	-0.0345	0.3157	0.9227	0.0882	1	-0.3017	-2.9205	0.0035
a1_0	b1_21	-0.0135	0.3257	0.9334	0.0507	1	-0.2877	-2.8728	0.0041
a1_0	b1_22	0.0505	0.3889	0.9254	0.0373	1	-0.0936	-2.2395	0.0251
a1_0	b1_23	0.2602	0.3154	0.9029	0.0291	1	-0.0093	-2.0292	0.0424
a1_0	b1_24	0.3060	0.1839	0.8241	0.0308	1	-0.1452	-2.7789	0.0055
a1_0	b1_27	0.5162	0.0443	0.6872	0.0141	1	-0.0779	-3.6748	0.0002
a1_0	b1_4	0.8612	0.0282	0.9671	0.0438	1	-0.0017	-2.0320	0.0422
a1_0	b2_11	0.0348	0.2929	0.8882	0.1654	1	-0.1807	-2.5372	0.0112
a1_0	b2_12	-0.2492	0.2974	0.8480	0.1706	1	-0.4114	-3.1999	0.0014
a1_0	b2_13	-0.2718	0.3803	0.7581	0.3429	1	-0.0058	-2.0113	0.0443
a1_0	b2_14	-0.2459	0.3334	0.7307	0.3031	1	-0.0755	-2.1676	0.0302
a1_0	b2_15	-0.3430	0.3895	0.5956	0.0534	1	-0.1524	-2.3876	0.0170
a1_0	b2_16	-0.2526	0.3084	0.5828	0.0561	1	-0.2085	-2.6653	0.0077
a1_0	b2_17	-0.1276	0.1534	0.6219	0.0627	1	-0.4179	-4.5212	0.0000
a1_0	b2_2	-0.2638	0.0740	0.7046	0.0707	1	-0.7637	-9.4603	0.0000
a1_0	b2_21	-0.2049	0.1411	0.7539	0.0469	1	-0.6614	-6.4478	0.0000
a1_0	b2_22	-0.4090	0.3104	0.5527	0.1366	1	-0.2835	-2.8359	0.0046
a1_0	b2_23	-0.4192	0.2325	0.4216	0.0793	1	-0.3496	-3.4230	0.0006
a1_0	b2_24	-0.4043	0.2529	0.6280	0.0572	1	-0.5137	-3.9808	0.0001
a1_0	b2_25	-0.3471	0.2788	0.8449	0.1773	1	-0.5311	-3.6072	0.0003
a1_0	b2_26	-0.1540	0.2299	0.8981	0.1653	1	-0.4858	-3.7155	0.0002
a1_0	b2_30	-0.0249	0.3890	0.8472	0.1126	1	-0.0622	-2.1537	0.0313
a1_0	b2_31	-0.3091	0.1395	0.8335	0.1678	1	-0.7061	-5.2353	0.0000
a1_0	b2_7	-0.3690	0.1274	0.6755	0.0502	1	-0.7705	-7.6251	0.0000
a1_0	b2_8	-0.0687	0.1329	0.8051	0.0547	1	-0.5864	-6.0817	0.0000
a1_1	a1_10	0.3177	0.2331	-0.3351	0.2205	1	0.0111	2.0344	0.0419
a1_1	a1_11	0.2767	0.2126	-0.3767	0.1900	1	0.0831	2.2915	0.0219
a1_1	a2_14	0.2671	0.1987	-0.4754	0.0356	1	0.3388	3.6786	0.0002
a1_1	b2_1	0.4554	0.1458	0.9101	0.0306	1	-0.1566	-3.0509	0.0023
a1_1	b2_11	0.2766	0.1083	0.7404	0.0663	1	-0.2098	-3.6522	0.0003
a1_1	b2_12	0.0083	0.2915	0.6419	0.0232	1	-0.0487	-2.1664	0.0303
a1_1	b2_2	0.0805	0.3170	0.8000	0.0596	1	-0.0745	-2.2310	0.0257
a1_1	b2_25	-0.1287	0.3598	0.6597	0.0219	1	-0.0674	-2.1869	0.0288
a1_1	b2_26	0.1103	0.2277	0.8049	0.0624	1	-0.2225	-2.9428	0.0033
a1_1	b2_30	0.2334	0.0885	0.9045	0.1038	1	-0.3983	-4.9199	0.0000
a1_1	b2_31	-0.0593	0.2818	0.7553	0.0592	1	-0.2388	-2.8294	0.0047
a1_1	b2_8	0.3067	0.1466	0.8860	0.0729	1	-0.2519	-3.5391	0.0004
a1_10	a1_22	0.6631	0.1467	0.2252	0.0682	1	0.1145	2.7077	0.0068
a1_10	b1_1	0.6045	0.1085	0.1426	0.0807	1	0.1914	3.4157	0.0006
a1_10	b1_10	0.2437	0.1603	-0.4674	0.2708	1	0.0817	2.2597	0.0238
a1_10	b1_11	0.3221	0.3528	-0.7107	0.3365	1	0.0577	2.1183	0.0342
a1_10	b1_12	0.3356	0.3759	-0.7830	0.1187	1	0.3304	2.8381	0.0045
a1_10	b1_13	0.2086	0.4830	-0.7962	0.0723	1	0.0280	2.0572	0.0397
a1_10	b1_19	0.3864	0.4894	-0.7683	0.2865	1	0.0204	2.0359	0.0418
a1_10	b1_2	0.6940	0.0792	-0.4155	0.2172	1	0.6471	4.7989	0.0000
a1_10	b1_22	0.3675	0.3882	-0.5061	0.1294	1	0.0552	2.1348	0.0328
a1_10	b1_23	0.2922	0.2354	-0.4718	0.2248	1	0.1131	2.3477	0.0189
a1_10	b1_24	0.4350	0.1396	-0.3243	0.3474	1	0.0104	2.0278	0.0426
a1_10	b1_3	0.3413	0.2007	-0.5982	0.0750	1	0.5109	4.3843	0.0000
a1_10	b1_7	0.2667	0.1209	-0.7067	0.0484	1	0.7129	7.4736	0.0000
a1_10	b1_8	0.4306	0.3141	-0.7220	0.3012	1	0.2823	2.6488	0.0081
a1_10	b1_9	0.4662	0.0810	-0.2813	0.2122	1	0.2933	3.2914	0.0010
a1_10	b2_1	0.7197	0.1280	-0.1550	0.3366	1	0.1545	2.4292	0.0151
a1_10	b2_11	0.2401	0.0356	-0.6354	0.1958	1	0.4774	4.3991	0.0000
a1_10	b2_12	0.3809	0.1507	-0.7404	0.2087	1	0.6065	4.3563	0.0000
a1_10	b2_13	0.2957	0.2353	-0.7053	0.2216	1	0.3546	3.0971	0.0020
a1_10	b2_14	0.3018	0.1843	-0.7350	0.2853	1	0.3576	3.0529	0.0023
a1_10	b2_15	0.2305	0.1621	-0.7849	0.3221	1	0.2941	2.8156	0.0049
a1_10	b2_16	0.3784	0.0989	-0.7311	0.4064	1	0.2729	2.6525	0.0080
a1_10	b2_2	0.6266	0.0914	-0.2463	0.1714	1	0.4844	4.4939	0.0000
a1_10	b2_20	0.4874	0.3069	-0.1375	0.0517	1	0.0025	2.0080	0.0446
a1_10	b2_21	0.5395	0.2328	-0.7497	0.3320	1	0.4782	3.1795	0.0015
a1_10	b2_22	0.3014	0.1115	-0.7369	0.3617	1	0.2814	2.7435	0.0061
a1_10	b2_24	0.3911	0.0485	-0.7396	0.3505	1	0.4231	3.1958	0.0014
a1_10	b2_25	0.4451	0.1222	-0.7616	0.1420	1	0.8321	6.4429	0.0000
a1_10	b2_26	0.5427	0.1678	-0.6195	0.1093	1	0.7617	5.8039	0.0000
a1_10	b2_27	0.3228	0.0818	-0.5410	0.0770	1	0.6392	7.6909	0.0000
a1_10	b2_28	0.2165	0.1333	-0.3165	0.0987	1	0.2013	3.2137	0.0013
a1_10	b2_29	0.4191	0.1622	-0.4471	0.1668	1	0.4009	3.7228	0.0002
a1_10	b2_3	0.4093	0.1623	-0.3206	0.1622	1	0.2711	3.1815	0.0015
a1_10	b2_30	0.6292	0.1722	-0.3981	0.1418	1	0.5811	4.6050	0.0000
a1_10	b2_31	0.5460	0.0346	-0.5804	0.1090	1	0.8976	9.8495	0.0000
a1_10	b2_5	0.4027	0.0542	-0.1036	0.0755	1	0.3205	5.4497	0.0000
a1_10	b2_6	0.3538	0.0872	-0.4639	0.2871	1	0.2176	2.7250	0.0064
a1_10	b2_7	0.5258	0.0805	-0.7195	0.3372	1	0.5519	3.5921	0.0003
a1_10	b2_8	0.6362	0.2266	-0.3113	0.1467	1	0.4075	3.5094	0.0004
a1_10	c2_4	0.6817	0.2379	-0.0124	0.1768	1	0.1013	2.3419	0.0192
a1_10	c2_5	0.4887	0.2438	-0.2062	0.0515	1	0.1965	2.7888	0.0053
a1_11	a1_22	0.6829	0.1537	0.2811	0.0805	1	0.0548	2.3157	0.0206
a1_11	b1_1	0.6031	0.1285	0.2013	0.0819	1	0.0971	2.6375	0.0084
a1_11	b1_11	0.3007	0.2948	-0.6859	0.3499	1	0.0715	2.1563	0.0311
a1_11	b1_12	0.3211	0.3164	-0.7982	0.1518	1	0.4175	3.1898	0.0014
a1_11	b1_13	0.1631	0.4251	-0.8219	0.0918	1	0.1151	2.2647	0.0235
a1_11	b1_19	0.3955	0.4468	-0.7807	0.3058	1	0.0932	2.1721	0.0299
a1_11	b1_2	0.6480	0.1128	-0.3814	0.2276	1	0.5214	4.0527	0.0001
a1_11	b1_20	0.4312	0.4827	-0.6201	0.0764	1	0.0739	2.1512	0.0315
a1_11	b1_21	0.4463	0.4240	-0.5540	0.0299	1	0.1502	2.3533	0.0186
a1_11	b1_22	0.4253	0.3580	-0.5527	0.1103	1	0.2287	2.6105	0.0090
a1_11	b1_23	0.3630	0.1587	-0.5061	0.1827	1	0.3851	3.5915	0.0003
a1_11	b1_24	0.3998	0.0424	-0.3677	0.3132	1	0.1353	2.4282	0.0152
a1_11	b1_3	0.3218	0.1874	-0.6198	0.1091	1	0.5080	4.3427	0.0000
a1_11	b1_7	0.2608	0.0813	-0.7207	0.0983	1	0.7263	7.6931	0.0000
a1_11	b1_8	0.3935	0.2850	-0.7078	0.3278	1	0.2326	2.5354	0.0112
a1_11	b1_9	0.4594	0.1028	-0.2272	0.2064	1	0.2254	2.9772	0.0029
a1_11	b2_1	0.6727	0.1567	-0.2146	0.3267	1	0.1626	2.4488	0.0143
a1_11	b2_11	0.1689	0.1364	-0.6534	0.2390	1	0.2720	2.9883	0.0028
a1_11	b2_12	0.3703	0.0959	-0.7578	0.2357	1	0.6191	4.4330	0.0000
a1_11	b2_13	0.3144	0.2194	-0.7445	0.2162	1	0.4430	3.4382	0.0006
a1_11	b2_14	0.2907	0.1349	-0.7519	0.3032	1	0.3790	3.1422	0.0017
a1_11	b2_15	0.2284	0.1127	-0.7912	0.3062	1	0.3670	3.1249	0.0018
a1_11	b2_16	0.3504	0.1120	-0.7217	0.4056	1	0.2305	2.5479	0.0108
a1_11	b2_2	0.6185	0.0569	-0.2864	0.1620	1	0.5615	5.2708	0.0000
a1_11	b2_21	0.4894	0.2689	-0.7451	0.3606	1	0.3348	2.7442	0.0061
a1_11	b2_22	0.2964	0.0624	-0.7257	0.3545	1	0.3021	2.8392	0.0045
a1_11	b2_24	0.4461	0.0859	-0.7462	0.3432	1	0.4848	3.3704	0.0008
a1_11	b2_25	0.4796	0.1556	-0.8032	0.1307	1	0.8764	6.3137	0.0000
a1_11	b2_26	0.5344	0.1661	-0.6657	0.1156	1	0.7953	5.9288	0.0000
a1_11	b2_27	0.2489	0.0702	-0.5875	0.0786	1	0.6256	7.9356	0.0000
a1_11	b2_28	0.1479	0.2060	-0.3839	0.1085	1	0.0662	2.2843	0.0224
a1_11	b2_29	0.3487	0.0895	-0.5193	0.1851	1	0.4568	4.2220	0.0000
a1_11	b2_3	0.4133	0.1001	-0.2752	0.1412	1	0.3422	3.9773	0.0001
a1_11	b2_30	0.6059	0.1730	-0.4674	0.1548	1	0.6091	4.6238	0.0000
a1_11	b2_31	0.5799	0.0899	-0.6387	0.0948	1	0.9573	9.3271	0.0000
a1_11	b2_5	0.4380	0.0558	-0.0384	0.0862	1	0.2710	4.6384	0.0000
a1_11	b2_6	0.3871	0.0560	-0.4381	0.2514	1	0.3100	3.2034	0.0014
a1_11	b2_7	0.5168	0.0911	-0.7246	0.3349	1	0.5472	3.5763	0.0003
a1_11	b2_8	0.5937	0.2834	-0.3485	0.1204	1	0.3264	3.0601	0.0022
a1_11	c2_4	0.7051	0.1985	0.0159	0.1594	1	0.1801	2.7074	0.0068
a1_11	c2_5	0.5208	0.2284	-0.1612	0.0280	1	0.2218	2.9637	0.0030
a1_12	a1_22	0.2564	0.0608	-0.0635	0.0832	1	0.1137	3.1035	0.0019
a1_12	b1_12	0.1357	0.3002	-0.6304	0.0232	1	0.1639	2.5445	0.0109
a1_12	b1_19	0.1489	0.3918	-0.7089	0.1244	1	0.0355	2.0864	0.0369
a1_12	b1_2	0.4051	0.2215	-0.5429	0.2219	1	0.3209	3.0234	0.0025
a1_12	b1_3	0.3705	0.2121	-0.4051	0.1585	1	0.2460	2.9292	0.0034
a1_12	b1_6	0.1957	0.0826	-0.2539	0.0768	1	0.2241	3.9868	0.0001
a1_12	b1_7	0.2324	0.0816	-0.5118	0.0807	1	0.5146	6.4827	0.0000
a1_12	b1_8	0.1085	0.2464	-0.7111	0.2573	1	0.1071	2.3006	0.0214
a1_12	b2_10	0.4132	0.0881	-0.2249	0.0515	1	0.4340	6.2527	0.0000
a1_12	b2_11	0.4455	0.0934	-0.4460	0.0817	1	0.6434	7.1868	0.0000
a1_12	b2_12	0.4277	0.1668	-0.5669	0.1480	1	0.5485	4.4598	0.0000
a1_12	b2_13	0.2375	0.1459	-0.4987	0.1966	1	0.2466	3.0074	0.0026
a1_12	b2_14	0.3565	0.2023	-0.5714	0.2607	1	0.2679	2.8118	0.0049
a1_12	b2_15	0.2474	0.2496	-0.7696	0.3016	1	0.2341	2.5979	0.0094
a1_12	b2_16	0.3814	0.0743	-0.7380	0.4031	1	0.2996	2.7309	0.0063
a1_12	b2_17	0.4471	0.0633	-0.6688	0.3977	1	0.3105	2.7712	0.0056
a1_12	b2_18	0.5692	0.1159	-0.0616	0.2014	1	0.1661	2.7151	0.0066
a1_12	b2_20	0.6286	0.0823	0.0501	0.2362	1	0.0783	2.3131	0.0207
a1_12	b2_21	0.5365	0.0637	-0.6967	0.2336	1	0.7489	5.0929	0.0000
a1_12	b2_22	0.1997	0.2341	-0.7770	0.3518	1	0.1316	2.3114	0.0208
a1_12	b2_24	0.1383	0.0558	-0.7002	0.3284	1	0.1723	2.5172	0.0118
a1_12	b2_25	0.2546	0.0066	-0.5790	0.0862	1	0.6607	9.6436	0.0000
a1_12	b2_26	0.4912	0.0774	-0.4174	0.0628	1	0.7093	9.1148	0.0000
a1_12	b2_27	0.5041	0.1266	-0.3298	0.2055	1	0.3512	3.4551	0.0006
a1_12	b2_3	0.1795	0.1036	-0.5444	0.2545	1	0.1743	2.6341	0.0084
a1_12	b2_30	0.4977	0.0135	-0.1704	0.3063	1	0.0549	2.1789	0.0293
a1_12	b2_31	0.2868	0.0881	-0.3798	0.0366	1	0.4758	6.9876	0.0000
a1_12	b2_5	0.0943	0.0780	-0.3376	0.1993	1	0.0038	2.0179	0.0436
a1_12	b2_7	0.3734	0.0188	-0.7055	0.2559	1	0.5658	4.2054	0.0000
a1_12	c2_5	0.2775	0.2537	-0.4541	0.1647	1	0.1266	2.4184	0.0156
a1_13	b1_3	0.4043	0.1835	-0.0159	0.0950	1	0.0070	2.0340	0.0420
a1_13	b2_11	0.5370	0.1162	-0.0113	0.2349	1	0.0242	2.0922	0.0364
a1_13	b2_18	0.7003	0.1527	0.3147	0.1173	1	0.0005	2.0024	0.0452
a1_13	b2_27	0.5802	0.0969	0.1205	0.0441	1	0.2468	4.3183	0.0000
a1_14	a2_16	0.2515	0.0419	-0.0913	0.0844	1	0.1544	3.6384	0.0003
a1_15	a1_22	-0.3374	0.0944	-0.6539	0.0274	1	0.1198	3.2185	0.0013
a1_15	a1_23	-0.4157	0.0754	-0.7760	0.0861	1	0.1313	3.1469	0.0016
a1_15	b1_1	-0.3581	0.1584	-0.7049	0.0475	1	0.0161	2.0977	0.0359
a1_15	b2_12	0.1918	0.0199	-0.2234	0.1780	1	0.0571	2.3188	0.0204
a1_15	b2_14	0.1270	0.0430	-0.2430	0.0372	1	0.2563	6.5047	0.0000
a1_15	b2_15	-0.0176	0.1684	-0.5206	0.1838	1	0.0044	2.0177	0.0436
a1_15	b2_16	0.0887	0.0592	-0.6159	0.1445	1	0.3923	4.5114	0.0000
a1_15	b2_17	0.2628	0.0779	-0.5151	0.0739	1	0.5631	7.2442	0.0000
a1_15	b2_21	0.2453	0.2094	-0.4278	0.0299	1	0.2501	3.1822	0.0015
a1_15	b2_22	-0.0897	0.1498	-0.6676	0.1518	1	0.1514	2.7098	0.0067
a1_15	b2_24	-0.2167	0.0974	-0.5034	0.0815	1	0.0327	2.2571	0.0240
a1_15	b2_3	-0.1638	0.1883	-0.8151	0.2287	1	0.0589	2.1988	0.0279
a1_15	b2_5	-0.2819	0.1298	-0.7592	0.1693	1	0.0508	2.2383	0.0252
a1_15	b2_7	0.0289	0.1374	-0.5085	0.0303	1	0.2561	3.8211	0.0001
a1_16	a1_22	-0.2127	0.0437	-0.6782	0.1176	1	0.2145	3.7095	0.0002
a1_16	a1_23	-0.3142	0.0998	-0.8192	0.0261	1	0.2988	4.8978	0.0000
a1_16	a1_24	-0.4000	0.1260	-0.8861	0.0252	1	0.2292	3.7837	0.0002
a1_16	a1_25	-0.4501	0.0769	-0.8483	0.0271	1	0.2352	4.8837	0.0000
a1_16	a1_26	-0.4811	0.1378	-0.8694	0.0086	1	0.1123	2.8136	0.0049
a1_16	a2_17	-0.0874	0.3081	-0.8572	0.1128	1	0.1136	2.3462	0.0190
a1_16	a2_26	-0.1149	0.0912	-0.6298	0.1584	1	0.1494	2.8177	0.0048
a1_16	a2_27	-0.0470	0.1579	-0.7338	0.1069	1	0.3055	3.6021	0.0003
a1_16	a2_28	-0.0075	0.1911	-0.6872	0.1372	1	0.2092	2.8891	0.0039
a1_16	a2_8	-0.2892	0.1900	-0.8109	0.0405	1	0.1331	2.6852	0.0072
a1_16	b1_0	-0.2954	0.0599	-0.7026	0.1152	1	0.1475	3.1358	0.0017
a1_16	b1_1	-0.2701	0.0537	-0.7538	0.0824	1	0.2871	4.9209	0.0000
a1_16	b1_2	0.0456	0.2455	-0.6997	0.0148	1	0.2534	3.0305	0.0024
a1_16	b1_8	-0.1859	0.1692	-0.5773	0.0330	1	0.0467	2.2709	0.0232
a1_16	b1_9	-0.3559	0.1396	-0.8933	0.1024	1	0.1911	3.1040	0.0019
a1_16	b2_12	0.2847	0.0884	-0.2051	0.0866	1	0.2424	3.9585	0.0001
a1_16	b2_14	0.2303	0.0834	-0.2281	0.0466	1	0.2673	4.7972	0.0000
a1_16	b2_15	0.0814	0.1553	-0.5228	0.2239	1	0.0592	2.2173	0.0266
a1_16	b2_16	0.2218	0.0421	-0.6433	0.1373	1	0.5778	6.0232	0.0000
a1_16	b2_17	0.3282	0.0538	-0.5874	0.0082	1	0.8068	16.8239	0.0000
a1_16	b2_21	0.3876	0.1483	-0.4835	0.0738	1	0.5397	5.2580	0.0000
a1_16	b2_22	-0.0105	0.2279	-0.6839	0.1593	1	0.1173	2.4216	0.0155
a1_16	b2_3	-0.0366	0.1730	-0.8418	0.1684	1	0.3224	3.3356	0.0009
a1_16	b2_4	0.0891	0.4480	-0.8835	0.0103	1	0.0762	2.1701	0.0300
a1_16	b2_5	-0.1975	0.1801	-0.8024	0.0626	1	0.2235	3.1722	0.0015
a1_16	b2_6	-0.1488	0.1203	-0.7860	0.2894	1	0.0104	2.0330	0.0421
a1_16	b2_7	0.1502	0.1280	-0.5199	0.0347	1	0.4047	5.0505	0.0000
a1_17	a1_21	0.5324	0.1720	0.0183	0.1442	1	0.0654	2.2913	0.0219
a1_17	a1_22	0.3817	0.1867	-0.2256	0.0501	1	0.2207	3.1416	0.0017
a1_17	a1_23	0.2733	0.2698	-0.4003	0.1897	1	0.0139	2.0420	0.0411
a1_17	a1_24	0.1868	0.2901	-0.5396	0.2130	1	0.0065	2.0181	0.0436
a1_17	a1_25	0.1106	0.1880	-0.4485	0.1787	1	0.0403	2.1554	0.0311
a1_17	a1_26	0.0437	0.0618	-0.5033	0.1688	1	0.1873	3.0419	0.0024
a1_17	a1_27	0.0658	0.0985	-0.4305	0.2179	1	0.0181	2.0756	0.0379
a1_17	a2_17	0.1990	0.0393	-0.7493	0.3314	1	0.2808	2.8414	0.0045
a1_17	a2_18	0.0429	0.1403	-0.7279	0.2966	1	0.1146	2.3493	0.0188
a1_17	a2_19	0.2747	0.2494	-0.2757	0.0329	1	0.0474	2.1883	0.0287
a1_17	a2_26	0.3485	0.1515	-0.1486	0.0307	1	0.1880	3.2163	0.0013
a1_17	a2_27	0.2882	0.0559	-0.2855	0.0760	1	0.3849	6.0789	0.0000
a1_17	a2_28	0.2097	0.1496	-0.2555	0.0112	1	0.1652	3.1015	0.0019
a1_17	a2_7	0.0688	0.2047	-0.4840	0.1406	1	0.0561	2.2257	0.0260
a1_17	a2_8	0.1792	0.0881	-0.4100	0.1347	1	0.2672	3.6596	0.0003
a1_17	a2_9	0.3302	0.1760	-0.1424	0.1275	1	0.0381	2.1751	0.0296
a1_17	b1_0	0.2861	0.1962	-0.2441	0.0681	1	0.1149	2.5534	0.0107
a1_17	b1_1	0.3064	0.1522	-0.3333	0.0700	1	0.3047	3.8195	0.0001
a1_17	b1_19	0.2817	0.3875	-0.5830	0.1658	1	0.0217	2.0516	0.0402
a1_17	b1_2	0.4874	0.0279	-0.5791	0.2016	1	0.6593	5.2393	0.0000
a1_17	b1_7	0.2181	0.1092	-0.3304	0.0196	1	0.3266	4.9430	0.0000
a1_17	b1_9	0.1641	0.1360	-0.6297	0.2648	1	0.1984	2.6665	0.0077
a1_17	b2_11	0.3381	0.1401	-0.3508	0.0153	1	0.4069	4.8861	0.0000
a1_17	b2_12	0.4131	0.1339	-0.4391	0.1548	1	0.4429	4.1640	0.0000
a1_17	b2_14	0.3285	0.0893	-0.4614	0.2561	1	0.2475	2.9128	0.0036
a1_17	b2_15	0.2113	0.1192	-0.7213	0.2878	1	0.3097	2.9943	0.0028
a1_17	b2_16	0.3625	0.0171	-0.7337	0.3359	1	0.4235	3.2590	0.0011
a1_17	b2_17	0.3561	0.1030	-0.6816	0.2647	1	0.4697	3.6536	0.0003
a1_17	b2_21	0.5443	0.1059	-0.6499	0.1618	1	0.8075	6.1766	0.0000
a1_17	b2_22	0.2381	0.1916	-0.7648	0.3195	1	0.2576	2.6915	0.0071
a1_17	b2_24	0.2351	0.0526	-0.6186	0.3559	1	0.1341	2.3727	0.0177
a1_17	b2_25	0.3346	0.1376	-0.3932	0.1897	1	0.2592	3.1059	0.0019
a1_17	b2_26	0.5355	0.1991	-0.2628	0.0304	1	0.3955	3.9635	0.0001
a1_17	b2_27	0.4193	0.1905	-0.1756	0.1907	1	0.0558	2.2071	0.0273
a1_17	b2_3	0.3304	0.0954	-0.6421	0.2402	1	0.4555	3.7627	0.0002
a1_17	b2_30	0.5989	0.0919	0.0209	0.2292	1	0.0840	2.3403	0.0193
a1_17	b2_31	0.4164	0.1171	-0.2007	0.0603	1	0.3536	4.6837	0.0000
a1_17	b2_4	0.2242	0.2095	-0.5288	0.2339	1	0.1249	2.3977	0.0165
a1_17	b2_5	0.2406	0.0365	-0.4695	0.1814	1	0.3400	3.8371	0.0001
a1_17	b2_6	0.2073	0.0977	-0.6945	0.3499	1	0.1753	2.4824	0.0130
a1_17	b2_7	0.4601	0.0590	-0.6608	0.2158	1	0.6735	5.0112	0.0000
a1_17	c2_5	0.2913	0.2722	-0.5399	0.2117	1	0.1415	2.4103	0.0159
a1_18	a1_21	0.7140	0.1398	0.3317	0.1240	1	0.0085	2.0456	0.0408
a1_18	b1_21	0.5249	0.2904	-0.1230	0.1225	1	0.0176	2.0557	0.0398
a1_18	b1_22	0.4693	0.1860	-0.1302	0.0020	1	0.2275	3.2233	0.0013
a1_18	b1_23	0.4230	0.1894	-0.0122	0.0517	1	0.0425	2.2162	0.0267
a1_18	b1_24	0.6058	0.0142	0.1208	0.1265	1	0.2303	3.8093	0.0001
a1_18	b2_2	0.5945	0.0919	0.1496	0.1116	1	0.1556	3.0763	0.0021
a1_18	b2_29	0.4677	0.1452	-0.0913	0.0813	1	0.2261	3.3589	0.0008
a1_18	b2_30	0.6731	0.0166	0.0034	0.0607	1	0.5437	10.6344	0.0000
a1_18	b2_31	0.5353	0.0424	-0.1981	0.3224	1	0.0829	2.2549	0.0241
a1_18	b2_8	0.5770	0.1818	0.0750	0.0458	1	0.1269	2.6769	0.0074
a1_18	c2_4	0.6616	0.2134	0.0666	0.1682	1	0.0516	2.1898	0.0285
a1_19	b1_22	0.5253	0.2092	-0.1962	0.2411	1	0.0830	2.2599	0.0238
a1_19	b1_24	0.5465	0.0285	-0.0203	0.0261	1	0.4896	14.6747	0.0000
a1_19	b2_29	0.3742	0.2128	-0.2091	0.0886	1	0.1223	2.5308	0.0114
a1_19	b2_30	0.6546	0.0230	-0.1093	0.2027	1	0.3559	3.7441	0.0002
a1_19	b2_31	0.6206	0.0852	-0.3126	0.4113	1	0.0930	2.2215	0.0263
a1_19	c2_3	0.8568	0.0355	0.4311	0.0120	1	0.3508	11.3749	0.0000
a1_2	a1_19	0.8140	0.0103	0.6934	0.0468	1	0.0248	2.5176	0.0118
a1_20	c2_2	0.4074	0.0405	0.0400	0.1350	1	0.0855	2.6068	0.0091
a1_21	a2_0	0.2564	0.2206	0.7606	0.0225	1	-0.0607	-2.2738	0.0230
a1_21	a2_1	-0.0585	0.3157	0.7911	0.1968	1	-0.1057	-2.2841	0.0224
a1_21	a2_19	0.5194	0.0960	0.8666	0.0335	1	-0.1438	-3.4136	0.0006
a1_21	a2_32	-0.1066	0.2176	0.6253	0.0260	1	-0.2936	-3.3393	0.0008
a1_21	b2_13	0.3664	0.0087	-0.6091	0.4860	1	0.0033	2.0067	0.0448
a1_21	c2_1	-0.1061	0.1592	-0.4944	0.0519	1	0.0534	2.3188	0.0204
a1_22	a1_25	0.9099	0.0125	0.9467	0.0133	1	-0.0002	-2.0125	0.0442
a1_22	a1_26	0.8203	0.0396	0.9248	0.0108	1	-0.0223	-2.5437	0.0110
a1_22	a2_0	0.3239	0.1685	0.8745	0.1314	1	-0.1232	-2.5766	0.0100
a1_22	a2_1	-0.0376	0.2822	0.7491	0.1572	1	-0.1406	-2.4353	0.0149
a1_22	a2_19	0.5401	0.1315	0.9293	0.0265	1	-0.1210	-2.9026	0.0037
a1_22	a2_32	-0.1780	0.3188	0.7163	0.0435	1	-0.2508	-2.7794	0.0054
a1_22	a2_7	0.5129	0.1811	0.8919	0.0249	1	-0.0134	-2.0736	0.0381
a1_23	a2_0	0.3956	0.1160	0.9059	0.1522	1	-0.1275	-2.6660	0.0077
a1_23	a2_1	-0.0083	0.2124	0.6533	0.0868	1	-0.2027	-2.8835	0.0039
a1_23	a2_19	0.5663	0.0448	0.9205	0.0088	1	-0.2628	-7.7525	0.0000
a1_23	a2_31	-0.1586	0.1031	0.6757	0.3517	1	-0.1013	-2.2763	0.0228
a1_23	a2_32	-0.2300	0.3202	0.7328	0.0486	1	-0.3151	-2.9727	0.0030
a1_23	a2_7	0.5736	0.0826	0.9417	0.0471	1	-0.1778	-3.8700	0.0001
a1_23	b2_13	0.2698	0.0814	-0.3340	0.2709	1	0.0381	2.1347	0.0328
a1_23	c2_0	-0.3495	0.2076	-0.8087	0.0188	1	0.0424	2.2033	0.0276
a1_24	a1_26	0.9029	0.0141	0.9829	0.0184	1	-0.0337	-3.4564	0.0005
a1_24	a2_0	0.4198	0.0485	0.9016	0.1293	1	-0.2056	-3.4884	0.0005
a1_24	a2_1	0.0123	0.1173	0.5742	0.0016	1	-0.3272	-4.7892	0.0000
a1_24	a2_19	0.5602	0.1257	0.8863	0.0341	1	-0.0657	-2.5048	0.0123
a1_24	a2_22	-0.2784	0.1647	0.1466	0.0157	1	-0.0942	-2.5694	0.0102
a1_24	a2_31	-0.1613	0.1807	0.6487	0.2840	1	-0.1369	-2.4069	0.0161
a1_24	a2_32	-0.2359	0.3765	0.7373	0.0243	1	-0.2187	-2.5798	0.0099
a1_24	a2_6	0.1913	0.1663	0.5938	0.0160	1	-0.0684	-2.4095	0.0160
a1_24	a2_7	0.5860	0.1177	0.9478	0.0320	1	-0.1180	-2.9674	0.0030
a1_24	b2_13	0.2372	0.0353	-0.2171	0.1727	1	0.1018	2.5777	0.0099
a1_24	b2_25	0.4366	0.0694	-0.1400	0.2668	1	0.0251	2.0910	0.0365
a1_25	a1_25	0.9721	0.0028	0.9907	0.0076	1	-0.0025	-2.3106	0.0209
a1_25	a1_26	0.9306	0.0220	0.9897	0.0099	1	-0.0109	-2.4526	0.0142
a1_25	a2_0	0.5280	0.0704	0.9284	0.1111	1	-0.1374	-3.0449	0.0023
a1_25	a2_1	0.1102	0.1368	0.6574	0.0258	1	-0.2687	-3.9300	0.0001
a1_25	a2_19	0.6037	0.1085	0.9246	0.0200	1	-0.1002	-2.9086	0.0036
a1_25	a2_32	-0.2353	0.3667	0.7249	0.0568	1	-0.2181	-2.5877	0.0097
a1_25	a2_6	0.2647	0.1924	0.6837	0.0223	1	-0.0315	-2.1628	0.0306
a1_25	a2_7	0.6540	0.1332	0.9536	0.0306	1	-0.0263	-2.1923	0.0284
a1_26	a2_0	0.6828	0.0602	0.9406	0.0840	1	-0.0512	-2.4953	0.0126
a1_26	a2_1	0.2880	0.1291	0.6500	0.0331	1	-0.0956	-2.7174	0.0066
a1_26	a2_32	-0.2381	0.3911	0.7196	0.0615	1	-0.1658	-2.4188	0.0156
a1_26	a2_7	0.7699	0.0520	0.9629	0.0171	1	-0.0835	-3.5259	0.0004
a1_26	a2_8	0.9267	0.0201	0.9808	0.0071	1	-0.0114	-2.5362	0.0112
a1_27	a2_11	0.6904	0.0113	0.6137	0.0283	1	0.0158	2.5198	0.0117
a1_27	a2_32	-0.2356	0.3759	0.6677	0.1654	1	-0.0820	-2.1997	0.0278
a1_27	b1_16	0.6216	0.0124	0.7101	0.0301	1	-0.0233	-2.7154	0.0066
a1_27	b2_16	-0.2411	0.2428	0.3080	0.1004	1	-0.0236	-2.0899	0.0366
a1_3	a1_10	0.7355	0.0612	0.4489	0.1124	1	0.0306	2.2392	0.0251
a1_3	a1_12	0.3614	0.0522	0.1585	0.0574	1	0.0478	2.6161	0.0089
a1_3	a1_17	0.4782	0.1123	-0.0218	0.1036	1	0.1944	3.2721	0.0011
a1_3	a2_19	0.5812	0.1475	0.9047	0.0300	1	-0.0224	-2.1491	0.0316
a1_3	a2_32	-0.1795	0.3244	0.6291	0.0557	1	-0.1504	-2.4568	0.0140
a1_3	c2_1	-0.1684	0.1873	-0.5659	0.0599	1	0.0043	2.0218	0.0432
a1_4	a1_17	0.5201	0.1748	0.1101	0.0507	1	0.0459	2.2524	0.0243
a1_4	a2_32	-0.1020	0.2109	0.4956	0.2097	1	-0.0029	-2.0099	0.0444
a1_4	b2_13	0.3357	0.0501	-0.6933	0.3934	1	0.2359	2.5948	0.0095
a1_4	b2_24	0.5868	0.1114	-0.3333	0.4232	1	0.0449	2.1025	0.0355
a1_4	b2_25	0.5528	0.0833	-0.6653	0.4236	1	0.3548	2.8219	0.0048
a1_4	b2_30	0.4768	0.0689	-0.6389	0.5344	1	0.0380	2.0705	0.0384
a1_4	b2_31	0.6552	0.1011	-0.6293	0.5096	1	0.2455	2.4725	0.0134
a1_4	c2_2	0.1776	0.0510	-0.3854	0.2332	1	0.0855	2.3582	0.0184
a1_4	c2_4	0.8585	0.0918	0.3623	0.2145	1	0.0295	2.1262	0.0335
a1_5	a1_18	0.7876	0.0448	0.5950	0.0530	1	0.0538	2.7746	0.0055
a1_5	a2_32	-0.0516	0.1551	0.3852	0.0448	1	-0.1140	-2.7061	0.0068
a1_5	c2_2	0.4353	0.1391	-0.1129	0.0987	1	0.2071	3.2139	0.0013
a1_5	c2_3	0.7953	0.0904	0.0280	0.3722	1	0.0013	2.0033	0.0451
a1_6	b2_1	0.6969	0.0264	0.4645	0.0915	1	0.0419	2.4398	0.0147
a1_6	b2_28	0.5352	0.0906	0.2480	0.0167	1	0.1029	3.1171	0.0018
a1_6	b2_29	0.6033	0.1541	0.1469	0.0398	1	0.1382	2.8685	0.0041
a1_6	b2_30	0.5641	0.1175	0.2280	0.0589	1	0.0733	2.5574	0.0105
a1_7	a2_14	0.2770	0.1470	-0.4526	0.0384	1	0.4257	4.8017	0.0000
a1_7	a2_2	0.5983	0.0857	0.2056	0.1183	1	0.1006	2.6891	0.0072
a1_7	a2_3	0.4937	0.2329	-0.2331	0.1030	1	0.2176	2.8543	0.0043
a1_7	b1_20	-0.4112	0.4843	0.8380	0.0411	1	-0.2772	-2.5705	0.0102
a1_7	b1_21	-0.3353	0.5180	0.9025	0.0189	1	-0.2010	-2.3877	0.0170
a1_7	b1_22	-0.1667	0.4808	0.8988	0.0379	1	-0.1008	-2.2090	0.0272
a1_7	b1_23	0.1905	0.2098	0.8909	0.0953	1	-0.2396	-3.0397	0.0024
a1_7	b1_24	0.1919	0.2781	0.8986	0.0957	1	-0.1184	-2.4025	0.0163
a1_7	b1_25	0.4377	0.0728	0.9201	0.0607	1	-0.2928	-5.0900	0.0000
a1_7	b1_26	0.5677	0.1134	0.9180	0.0493	1	-0.1030	-2.8324	0.0046
a1_7	b1_3	0.4397	0.1063	0.8664	0.0247	1	-0.2085	-3.9111	0.0001
a1_7	b1_4	0.4545	0.0726	0.8586	0.0153	1	-0.2558	-5.4487	0.0000
a1_7	b1_6	0.3718	0.1478	0.8128	0.1436	1	-0.0289	-2.1401	0.0324
a1_7	b1_7	0.1940	0.2827	0.7993	0.0646	1	-0.0253	-2.0873	0.0369
a1_7	b2_11	0.3497	0.0771	0.7319	0.0368	1	-0.2114	-4.4758	0.0000
a1_7	b2_12	-0.0657	0.1961	0.6235	0.0120	1	-0.2963	-3.5082	0.0005
a1_7	b2_14	-0.0726	0.1611	0.4752	0.1192	1	-0.1469	-2.7332	0.0063
a1_7	b2_2	-0.2529	0.2805	0.7769	0.0568	1	-0.4574	-3.5982	0.0003
a1_7	b2_25	-0.3418	0.3710	0.6364	0.0173	1	-0.2355	-2.6341	0.0084
a1_7	b2_26	-0.1095	0.2765	0.7874	0.0500	1	-0.3349	-3.1921	0.0014
a1_7	b2_27	0.3964	0.1539	0.8566	0.0621	1	-0.1283	-2.7732	0.0056
a1_7	b2_30	-0.1196	0.1846	0.8868	0.1056	1	-0.5810	-4.7312	0.0000
a1_7	b2_31	-0.3757	0.3057	0.7414	0.0408	1	-0.5004	-3.6227	0.0003
a1_7	b2_8	0.0332	0.2945	0.8522	0.1074	1	-0.1921	-2.6130	0.0090
a1_7	c2_3	0.0162	0.3550	0.8179	0.0234	1	-0.0900	-2.2531	0.0243
a1_8	b1_20	-0.2340	0.4108	0.6188	0.0457	1	-0.0262	-2.0633	0.0391
a1_8	b2_2	-0.0713	0.3288	0.6775	0.0385	1	-0.0867	-2.2619	0.0237
a1_8	b2_30	-0.0016	0.1986	0.6770	0.1609	1	-0.1674	-2.6548	0.0079
a1_8	b2_8	0.2148	0.1658	0.7309	0.0572	1	-0.1653	-2.9426	0.0033
a1_8	c2_3	0.1578	0.1972	0.7981	0.0164	1	-0.2446	-3.2362	0.0012
a2_0	b1_0	0.3776	0.2180	0.9290	0.0559	1	-0.1012	-2.4499	0.0143
a2_0	b2_4	-0.1635	0.4046	0.8531	0.1725	1	-0.1369	-2.3112	0.0208
a2_1	b1_0	-0.0131	0.3200	0.7788	0.0889	1	-0.1277	-2.3845	0.0171
a2_1	b1_28	0.3156	0.1355	-0.5416	0.2439	1	0.2991	3.0717	0.0021
a2_1	b2_4	-0.3794	0.0947	0.4977	0.0900	1	-0.6158	-6.7126	0.0000
a2_1	c2_5	-0.1335	0.3069	0.5226	0.1005	1	-0.0104	-2.0321	0.0421
a2_10	b1_2	0.8228	0.0342	0.1477	0.2635	1	0.1438	2.5411	0.0111
a2_10	b1_9	0.7327	0.1044	0.4634	0.0741	1	0.0134	2.1044	0.0353
a2_10	b2_13	0.0554	0.2584	-0.7988	0.2515	1	0.1329	2.3686	0.0179
a2_10	b2_25	0.2289	0.3371	-0.7592	0.3016	1	0.0834	2.1843	0.0289
a2_10	b2_30	0.2418	0.1733	-0.6908	0.4200	1	0.0240	2.0529	0.0401
a2_11	a2_18	0.5410	0.0600	0.1877	0.1625	1	0.0069	2.0398	0.0414
a2_11	b1_10	0.4048	0.0576	0.1414	0.1086	1	0.0176	2.1434	0.0321
a2_11	b1_2	0.6086	0.2096	0.0295	0.1739	1	0.0344	2.1263	0.0335
a2_11	b1_24	0.1229	0.1281	-0.6074	0.3092	1	0.0610	2.1822	0.0291
a2_11	c2_2	0.1403	0.0553	-0.3548	0.0668	1	0.3216	5.7067	0.0000
a2_12	a2_18	0.5146	0.1208	0.2111	0.0641	1	0.0299	2.2188	0.0265
a2_13	b1_24	0.0354	0.0704	-0.5577	0.1768	1	0.2126	3.1172	0.0018
a2_13	b2_4	-0.4218	0.1067	0.2403	0.1487	1	-0.2960	-3.6174	0.0003
a2_14	b1_10	0.0719	0.1274	-0.3381	0.0993	1	0.0870	2.5384	0.0111
a2_14	b1_11	0.0626	0.1115	-0.6339	0.2817	1	0.0907	2.2994	0.0215
a2_14	b1_12	0.0175	0.0680	-0.8007	0.2773	1	0.2471	2.8655	0.0042
a2_14	b1_13	-0.0662	0.1182	-0.8121	0.2508	1	0.1913	2.6900	0.0071
a2_14	b1_14	-0.0658	0.1712	-0.8063	0.2942	1	0.0597	2.1754	0.0296
a2_14	b1_15	0.0339	0.0969	-0.6149	0.2426	1	0.1262	2.4832	0.0130
a2_14	b1_16	0.0032	0.0545	-0.4402	0.1708	1	0.0849	2.4733	0.0134
a2_14	b1_23	0.0067	0.2385	-0.5476	0.0905	1	0.0441	2.1727	0.0298
a2_14	b1_24	0.1666	0.0781	-0.4171	0.0413	1	0.4068	6.6023	0.0000
a2_14	b1_25	0.2144	0.2897	-0.4471	0.0466	1	0.0747	2.2547	0.0242
a2_14	b1_26	0.1864	0.2231	-0.3975	0.1434	1	0.0534	2.2014	0.0277
a2_14	b1_28	0.2117	0.0582	-0.2030	0.0298	1	0.2840	6.3436	0.0000
a2_14	b1_3	0.2750	0.2919	-0.6856	0.2206	1	0.2288	2.6254	0.0087
a2_14	b1_4	0.1982	0.3161	-0.7063	0.1949	1	0.1616	2.4352	0.0149
a2_14	b1_7	0.1230	0.2037	-0.7478	0.2482	1	0.2286	2.7119	0.0067
a2_14	b1_8	0.0931	0.1020	-0.6892	0.2980	1	0.1524	2.4838	0.0130
a2_14	b2_10	0.1462	0.1310	-0.5489	0.3178	1	0.0077	2.0224	0.0431
a2_14	b2_27	-0.0162	0.1386	-0.6313	0.2024	1	0.1245	2.5076	0.0122
a2_14	b2_28	0.1542	0.1206	-0.4741	0.1014	1	0.3132	3.9880	0.0001
a2_14	b2_29	-0.0430	0.1778	-0.5499	0.0999	1	0.0989	2.4848	0.0130
a2_14	b2_4	-0.3278	0.0310	0.0293	0.0136	1	-0.2894	-10.5451	0.0000
a2_14	b2_8	0.0337	0.1533	-0.4438	0.0874	1	0.1246	2.7058	0.0068
a2_15	b1_12	0.2108	0.1413	-0.6942	0.3796	1	0.0949	2.2344	0.0255
a2_15	b1_13	0.2611	0.1861	-0.7143	0.3282	1	0.2208	2.5854	0.0097
a2_15	b1_14	0.3668	0.0941	-0.7247	0.4357	1	0.2000	2.4487	0.0143
a2_15	b1_20	0.2378	0.0515	-0.5198	0.3230	1	0.1035	2.3164	0.0205
a2_15	b1_21	0.2595	0.1318	-0.4678	0.2250	1	0.2057	2.7887	0.0053
a2_15	b1_22	0.2020	0.2573	-0.4554	0.1544	1	0.0573	2.1911	0.0284
a2_15	b2_29	0.0486	0.1869	-0.4334	0.0714	1	0.0819	2.4092	0.0160
a2_15	b2_30	0.0293	0.1305	-0.3745	0.1351	1	0.0281	2.1494	0.0316
a2_15	c2_5	0.3327	0.0682	-0.0826	0.0935	1	0.1838	3.5885	0.0003
a2_16	a2_32	-0.2861	0.2222	0.4312	0.1031	1	-0.2274	-2.9283	0.0034
a2_17	a2_32	-0.3296	0.2459	0.5302	0.1683	1	-0.2638	-2.8854	0.0039
a2_17	b1_10	0.6466	0.0232	0.9076	0.0222	1	-0.1967	-8.1284	0.0000
a2_17	b1_11	0.5991	0.0829	0.8614	0.0201	1	-0.0919	-3.0777	0.0021
a2_17	b1_15	0.4873	0.1572	0.8786	0.0816	1	-0.0370	-2.2091	0.0272
a2_17	b1_16	0.5221	0.0921	0.9157	0.0672	1	-0.1656	-3.4521	0.0006
a2_17	b1_8	0.5957	0.0351	0.7440	0.0587	1	-0.0115	-2.1674	0.0302
a2_17	b2_11	-0.1379	0.0698	0.3238	0.2183	1	-0.0033	-2.0142	0.0440
a2_17	b2_15	-0.1560	0.2860	0.6631	0.2168	1	-0.1014	-2.2826	0.0225
a2_17	b2_16	-0.0212	0.2533	0.7675	0.1234	1	-0.2252	-2.7991	0.0051
a2_17	b2_17	0.0899	0.1611	0.7080	0.0399	1	-0.2861	-3.7230	0.0002
a2_17	c2_5	0.3879	0.0475	0.7311	0.0609	1	-0.1887	-4.4423	0.0000
a2_18	a2_18	0.9667	0.0021	0.9399	0.0068	1	0.0126	3.7767	0.0002
a2_18	a2_25	0.7256	0.0540	0.4461	0.1254	1	0.0065	2.0473	0.0406
a2_18	a2_32	-0.2447	0.4035	0.6424	0.1353	1	-0.0359	-2.0843	0.0371
a2_18	b1_10	0.7614	0.0700	0.9595	0.0024	1	-0.0580	-2.8277	0.0047
a2_18	b1_15	0.5268	0.1627	0.8636	0.0197	1	-0.0091	-2.0556	0.0398
a2_18	b1_16	0.5860	0.1166	0.9436	0.0278	1	-0.1179	-2.9836	0.0028
a2_18	b1_9	0.8121	0.0291	0.9393	0.0134	1	-0.0632	-3.9738	0.0001
a2_18	b2_12	-0.3253	0.1930	0.2832	0.1942	1	-0.0610	-2.2227	0.0262
a2_18	b2_14	-0.3603	0.1832	0.2638	0.0083	1	-0.2575	-3.4043	0.0007
a2_18	b2_15	-0.2994	0.1986	0.6031	0.0908	1	-0.4658	-4.1330	0.0000
a2_18	b2_16	-0.1923	0.2590	0.7120	0.0203	1	-0.3848	-3.4813	0.0005
a2_18	b2_17	-0.1473	0.2433	0.6303	0.0703	1	-0.2711	-3.0705	0.0021
a2_18	c2_5	0.3895	0.0849	0.8340	0.0671	1	-0.2281	-4.1072	0.0000
a2_19	a2_32	-0.2231	0.3244	0.6558	0.1157	1	-0.1899	-2.5515	0.0107
a2_19	b1_0	0.5473	0.1988	0.9520	0.0074	1	-0.0069	-2.0345	0.0419
a2_19	b1_1	0.6793	0.0696	0.9450	0.0053	1	-0.1261	-3.8076	0.0001
a2_20	b1_27	0.1877	0.2514	-0.3751	0.0920	1	0.0275	2.1026	0.0355
a2_20	b1_28	0.1072	0.0945	-0.4571	0.0640	1	0.3360	4.9437	0.0000
a2_21	b1_28	0.4331	0.1935	-0.1881	0.0236	1	0.2314	3.1870	0.0014
a2_21	b2_4	-0.4247	0.1101	0.0023	0.0222	1	-0.2023	-3.8007	0.0001
a2_22	a2_22	0.8405	0.0428	0.9614	0.0258	1	-0.0209	-2.4175	0.0156
a2_22	b1_28	0.5935	0.1069	-0.1722	0.2212	1	0.2744	3.1168	0.0018
a2_22	b2_4	-0.3735	0.0353	0.0596	0.1027	1	-0.2160	-3.9888	0.0001
a2_22	b2_5	-0.4355	0.2404	0.1503	0.1609	1	-0.0072	-2.0249	0.0429
a2_23	b1_5	0.1562	0.1333	-0.6990	0.3530	1	0.1005	2.2664	0.0234
a2_23	b2_6	-0.3568	0.1370	0.0123	0.0145	1	-0.0937	-2.6804	0.0074
a2_23	c2_6	-0.1317	0.0653	0.4382	0.1614	1	-0.2217	-3.2732	0.0011
a2_24	b2_4	-0.2715	0.2975	0.4889	0.2114	1	-0.0303	-2.0831	0.0372
a2_25	b1_2	0.7081	0.1344	0.2460	0.1821	1	0.0095	2.0419	0.0412
a2_25	b2_4	-0.2030	0.4182	0.6669	0.0804	1	-0.0183	-2.0430	0.0411
a2_26	a2_32	-0.1749	0.2687	0.5971	0.2343	1	-0.0590	-2.1654	0.0304
a2_26	b1_9	0.8316	0.0454	0.7162	0.0252	1	0.0116	2.2234	0.0262
a2_27	a2_32	-0.0698	0.2526	0.6615	0.1633	1	-0.1298	-2.4317	0.0150
a2_27	c2_0	-0.1975	0.2399	-0.7296	0.0708	1	0.0318	2.1272	0.0334
a2_27	c2_1	-0.2014	0.2847	-0.7819	0.0409	1	0.0052	2.0181	0.0436
a2_28	b2_4	-0.1223	0.4416	0.8201	0.0596	1	-0.0513	-2.1152	0.0344
a2_29	b2_4	-0.1766	0.3723	0.7582	0.1402	1	-0.1391	-2.3497	0.0188
a2_3	b1_28	0.5719	0.0141	0.1280	0.2027	1	0.0376	2.1851	0.0289
a2_3	b1_6	0.3916	0.0689	-0.3857	0.3203	1	0.1221	2.3726	0.0177
a2_3	b1_7	0.2395	0.0877	-0.5504	0.3649	1	0.0394	2.1050	0.0353
a2_30	c2_6	-0.1578	0.1940	0.5216	0.1717	1	-0.1613	-2.6227	0.0087
a2_31	b1_10	-0.1163	0.1350	0.5414	0.0793	1	-0.3445	-4.2004	0.0000
a2_31	b1_16	-0.2242	0.2290	0.4905	0.1725	1	-0.1413	-2.4927	0.0127
a2_31	b1_5	0.4431	0.1200	-0.6336	0.4796	1	0.0880	2.1780	0.0294
a2_31	b1_9	-0.0985	0.0354	0.6367	0.1286	1	-0.4683	-5.5099	0.0000
a2_31	b2_3	-0.0288	0.1523	0.6813	0.0930	1	-0.3531	-3.9781	0.0001
a2_31	b2_4	-0.0344	0.1698	0.6489	0.2802	1	-0.0279	-2.0852	0.0370
a2_31	b2_5	-0.0743	0.2821	0.7411	0.2173	1	-0.1032	-2.2898	0.0220
a2_31	b2_6	-0.1357	0.2445	0.5579	0.0675	1	-0.1863	-2.7346	0.0062
a2_31	c2_4	-0.1848	0.0690	0.3600	0.2169	1	-0.0895	-2.3932	0.0167
a2_31	c2_5	-0.3913	0.2258	0.7001	0.1697	1	-0.5265	-3.8642	0.0001
a2_31	c2_6	-0.2809	0.1202	0.6456	0.2061	1	-0.4493	-3.8832	0.0001
a2_32	b1_0	-0.2155	0.3659	0.6579	0.1622	1	-0.0728	-2.1819	0.0291
a2_32	b1_1	-0.2073	0.3134	0.7338	0.0413	1	-0.3088	-2.9767	0.0029
a2_32	b1_10	-0.3000	0.3737	0.6619	0.1819	1	-0.1308	-2.3147	0.0206
a2_32	b1_28	0.2806	0.2091	-0.5868	0.3074	1	0.1238	2.3329	0.0197
a2_32	b1_9	-0.2584	0.3235	0.7334	0.0971	1	-0.3163	-2.9363	0.0033
a2_32	b2_6	-0.0543	0.2981	0.7061	0.1444	1	-0.0981	-2.2961	0.0217
a2_32	c2_0	0.6927	0.1957	-0.5827	0.0378	1	0.8769	6.4000	0.0000
a2_32	c2_5	-0.2782	0.2271	0.7333	0.0334	1	-0.5525	-4.4071	0.0000
a2_32	c2_6	-0.2188	0.2373	0.5932	0.2436	1	-0.1319	-2.3878	0.0169
a2_4	a2_22	0.7679	0.0592	0.9065	0.0229	1	-0.0116	-2.1834	0.0290
a2_4	b1_28	0.5089	0.0407	0.1076	0.0364	1	0.2920	7.3452	0.0000
a2_4	b1_6	0.4678	0.2408	-0.3164	0.2886	1	0.0324	2.0861	0.0370
a2_5	b1_28	0.5313	0.0671	-0.1352	0.1022	1	0.4220	5.4522	0.0000
a2_6	b1_28	0.1975	0.1761	-0.6253	0.1434	1	0.3686	3.6232	0.0003
a2_6	b2_4	-0.3563	0.1556	0.5446	0.0388	1	-0.5802	-5.6178	0.0000
a2_6	c2_2	0.2127	0.1960	-0.3598	0.2039	1	0.0069	2.0244	0.0429
a2_7	a2_32	-0.2088	0.2546	0.6679	0.1348	1	-0.3006	-3.0433	0.0023
a2_7	a2_8	0.8772	0.0407	0.9607	0.0069	1	-0.0009	-2.0214	0.0432
a2_7	b1_16	0.5037	0.0525	0.7217	0.0381	1	-0.0883	-3.3620	0.0008
a2_7	c2_5	0.3461	0.1563	0.8408	0.1857	1	-0.0093	-2.0382	0.0415
a2_8	a2_19	0.8374	0.0239	0.9407	0.0222	1	-0.0380	-3.1631	0.0016
a2_8	a2_32	-0.2336	0.2875	0.7020	0.1070	1	-0.3219	-3.0493	0.0023
a2_9	a2_32	-0.1989	0.2569	0.6346	0.1272	1	-0.2603	-2.9081	0.0036
a2_9	b1_9	0.9101	0.0361	0.6985	0.0960	1	0.0066	2.0642	0.0390
b1_0	b2_13	0.3138	0.1022	-0.5221	0.2892	1	0.2224	2.7252	0.0064
b1_0	b2_24	0.5703	0.1010	-0.0509	0.2769	1	0.0318	2.1078	0.0350
b1_0	b2_25	0.5233	0.0714	-0.4653	0.3564	1	0.2617	2.7199	0.0065
b1_0	b2_31	0.5946	0.1564	-0.5056	0.5042	1	0.0443	2.0839	0.0372
b1_10	b1_16	0.8727	0.0121	0.9610	0.0086	1	-0.0586	-5.9423	0.0000
b1_10	b2_17	-0.0641	0.2840	0.6564	0.1009	1	-0.1178	-2.3908	0.0168
b1_11	b2_17	0.0052	0.3165	0.8314	0.0820	1	-0.1722	-2.5266	0.0115
b1_12	b2_11	-0.1070	0.4308	0.8873	0.1351	1	-0.0915	-2.2026	0.0276
b1_12	b2_17	-0.0755	0.3685	0.7504	0.1458	1	-0.0334	-2.0842	0.0371
b1_12	b2_18	0.1242	0.0560	0.4005	0.0284	1	-0.1506	-4.3976	0.0000
b1_12	b2_22	-0.0197	0.3314	0.7282	0.0448	1	-0.0791	-2.2366	0.0253
b1_12	b2_23	0.0621	0.2237	0.5731	0.1044	1	-0.0174	-2.0703	0.0384
b1_12	b2_24	0.0657	0.3282	0.7648	0.1122	1	-0.0055	-2.0159	0.0438
b1_12	b2_25	0.0233	0.3838	0.8899	0.1590	1	-0.0359	-2.0863	0.0369
b1_12	b2_7	0.0720	0.3597	0.8089	0.0172	1	-0.0167	-2.0463	0.0407
b1_13	b2_11	-0.0842	0.3762	0.8721	0.1835	1	-0.1191	-2.2845	0.0223
b1_13	b2_12	-0.0882	0.3489	0.8856	0.1867	1	-0.1823	-2.4606	0.0139
b1_13	b2_13	-0.0434	0.2415	0.8137	0.3057	1	-0.0780	-2.2001	0.0278
b1_13	b2_15	-0.1291	0.3835	0.7317	0.1327	1	-0.0492	-2.1213	0.0339
b1_13	b2_22	-0.0734	0.2793	0.6961	0.0464	1	-0.2032	-2.7175	0.0066
b1_13	b2_24	-0.0161	0.3386	0.7501	0.1182	1	-0.0488	-2.1360	0.0327
b1_13	b2_25	-0.0423	0.3309	0.9044	0.1453	1	-0.2239	-2.6196	0.0088
b1_13	b2_26	0.0314	0.3958	0.8976	0.1080	1	-0.0457	-2.1113	0.0347
b1_13	b2_31	0.0920	0.3020	0.8478	0.0976	1	-0.1211	-2.3815	0.0172
b1_13	b2_7	-0.0265	0.2980	0.7881	0.0373	1	-0.2140	-2.7127	0.0067
b1_14	b2_12	0.0288	0.3544	0.8389	0.1686	1	-0.0252	-2.0641	0.0390
b1_14	b2_22	0.0950	0.3112	0.8273	0.0805	1	-0.0894	-2.2781	0.0227
b1_16	b2_15	0.1362	0.2240	0.7542	0.0528	1	-0.1578	-2.6858	0.0072
b1_16	b2_16	0.1069	0.3367	0.8492	0.0267	1	-0.0668	-2.1979	0.0280
b1_16	b2_17	0.0271	0.2701	0.7687	0.0924	1	-0.1708	-2.5983	0.0094
b1_16	b2_22	0.2486	0.2733	0.8905	0.0239	1	-0.0932	-2.3398	0.0193
b1_16	b2_24	0.3257	0.1651	0.6812	0.0549	1	-0.0076	-2.0438	0.0410
b1_16	b2_6	0.3554	0.2477	0.9078	0.0743	1	-0.0352	-2.1362	0.0327
b1_17	b2_15	0.2438	0.2288	0.8144	0.1136	1	-0.0596	-2.2331	0.0255
b1_17	b2_17	0.0091	0.3905	0.8194	0.0261	1	-0.0276	-2.0706	0.0384
b1_17	b2_22	0.3148	0.2451	0.9246	0.0354	1	-0.1146	-2.4626	0.0138
b1_18	b2_11	-0.1192	0.3517	0.6516	0.0613	1	-0.0567	-2.1588	0.0309
b1_18	b2_12	0.1081	0.2071	0.7267	0.1083	1	-0.1511	-2.6462	0.0081
b1_18	b2_15	0.1250	0.1775	0.8340	0.2511	1	-0.0939	-2.3055	0.0211
b1_18	b2_17	-0.0769	0.4066	0.8412	0.1794	1	-0.0292	-2.0658	0.0389
b1_18	b2_22	0.1538	0.1723	0.9089	0.1235	1	-0.3312	-3.5627	0.0004
b1_18	b2_25	0.2488	0.1575	0.6840	0.1442	1	-0.0082	-2.0383	0.0415
b1_18	b2_6	0.2410	0.1907	0.6923	0.0848	1	-0.0338	-2.1619	0.0306
b1_18	b2_7	0.1669	0.2714	0.8720	0.0592	1	-0.1495	-2.5382	0.0111
b1_19	b2_11	-0.0529	0.2318	0.8156	0.1716	1	-0.2917	-3.0117	0.0026
b1_19	b2_12	0.1971	0.0689	0.8545	0.2071	1	-0.2208	-3.0112	0.0026
b1_19	b2_15	0.1806	0.0483	0.7939	0.2057	1	-0.1908	-2.9029	0.0037
b1_19	b2_22	0.1650	0.0222	0.8001	0.0693	1	-0.4896	-8.7321	0.0000
b1_19	b2_24	0.2881	0.0748	0.8109	0.1692	1	-0.1528	-2.8262	0.0047
b1_19	b2_25	0.2994	0.0641	0.8512	0.1948	1	-0.1416	-2.6906	0.0071
b1_19	b2_26	0.2883	0.1659	0.8200	0.0971	1	-0.1471	-2.7652	0.0057
b1_19	b2_27	0.0621	0.3009	0.7687	0.0633	1	-0.0916	-2.2977	0.0216
b1_19	b2_31	0.3670	0.0709	0.7667	0.1021	1	-0.1512	-3.2161	0.0013
b1_19	b2_7	0.2002	0.1123	0.8571	0.0561	1	-0.4059	-5.2343	0.0000
b1_2	b2_15	0.0186	0.1766	0.5708	0.0580	1	-0.1806	-2.9719	0.0030
b1_2	b2_16	0.1461	0.2001	0.6720	0.1292	1	-0.0495	-2.2080	0.0272
b1_2	b2_17	0.1374	0.0838	0.6159	0.1836	1	-0.0749	-2.3711	0.0177
b1_20	b2_11	-0.0056	0.2108	0.8286	0.2234	1	-0.2199	-2.7162	0.0066
b1_20	b2_12	0.2476	0.0814	0.8115	0.1693	1	-0.1882	-3.0020	0.0027
b1_20	b2_15	0.2362	0.0388	0.5692	0.0602	1	-0.1898	-4.6493	0.0000
b1_20	b2_24	0.2911	0.0949	0.6146	0.0348	1	-0.1213	-3.1991	0.0014
b1_20	b2_25	0.3076	0.0983	0.8578	0.0960	1	-0.2754	-4.0043	0.0001
b1_20	b2_26	0.3117	0.1892	0.9130	0.1077	1	-0.1660	-2.7628	0.0057
b1_20	b2_27	0.0925	0.2538	0.9183	0.0881	1	-0.2884	-3.0734	0.0021
b1_20	b2_28	-0.0362	0.2831	0.8853	0.0368	1	-0.3505	-3.2280	0.0012
b1_20	b2_29	0.1464	0.2778	0.9015	0.0547	1	-0.1888	-2.6666	0.0077
b1_20	b2_30	0.4045	0.2233	0.9102	0.0399	1	-0.0520	-2.2293	0.0258
b1_20	b2_31	0.3580	0.1336	0.8783	0.0658	1	-0.2225	-3.4942	0.0005
b1_20	b2_7	0.2061	0.1720	0.6610	0.0976	1	-0.0594	-2.3004	0.0214
b1_21	b1_27	-0.0526	0.3165	0.7391	0.1497	1	-0.0914	-2.2610	0.0238
b1_21	b2_11	0.0487	0.2124	0.8218	0.1844	1	-0.2105	-2.7481	0.0060
b1_21	b2_12	0.2790	0.0625	0.7776	0.1284	1	-0.2129	-3.4906	0.0005
b1_21	b2_15	0.2599	0.0433	0.4870	0.0979	1	-0.0130	-2.1216	0.0339
b1_21	b2_25	0.2987	0.0406	0.8212	0.0684	1	-0.3635	-6.5707	0.0000
b1_21	b2_26	0.3278	0.1348	0.9068	0.0981	1	-0.2456	-3.4730	0.0005
b1_21	b2_27	0.1418	0.2424	0.9324	0.0889	1	-0.2743	-3.0627	0.0022
b1_21	b2_28	0.0102	0.2065	0.9137	0.0706	1	-0.4671	-4.1405	0.0000
b1_21	b2_29	0.1762	0.2092	0.9273	0.0811	1	-0.3023	-3.3472	0.0008
b1_21	b2_30	0.4023	0.1600	0.9420	0.0528	1	-0.2026	-3.2024	0.0014
b1_21	b2_31	0.3441	0.1142	0.8715	0.0578	1	-0.2714	-4.1206	0.0000
b1_22	b1_22	0.9124	0.0292	0.9787	0.0018	1	-0.0079	-2.2692	0.0233
b1_22	b1_27	-0.0264	0.2649	0.8087	0.0879	1	-0.2770	-2.9927	0.0028
b1_22	b2_11	0.0216	0.2829	0.7883	0.2043	1	-0.0688	-2.1972	0.0280
b1_22	b2_12	0.2049	0.1233	0.7361	0.1399	1	-0.1582	-2.8485	0.0044
b1_22	b2_15	0.1483	0.0695	0.4309	0.0936	1	-0.0495	-2.4251	0.0153
b1_22	b2_2	0.2277	0.1601	0.7895	0.0773	1	-0.2062	-3.1602	0.0016
b1_22	b2_24	0.1849	0.0901	0.4842	0.0872	1	-0.0485	-2.3871	0.0170
b1_22	b2_25	0.2058	0.0488	0.7825	0.0762	1	-0.3957	-6.3724	0.0000
b1_22	b2_26	0.2553	0.1287	0.8750	0.1258	1	-0.2596	-3.4423	0.0006
b1_22	b2_27	0.1308	0.3399	0.9175	0.1088	1	-0.0728	-2.2040	0.0275
b1_22	b2_28	0.0322	0.2271	0.9304	0.0655	1	-0.4255	-3.8000	0.0001
b1_22	b2_29	0.1721	0.2430	0.9358	0.0806	1	-0.2515	-2.9822	0.0029
b1_22	b2_30	0.3388	0.1763	0.9334	0.0840	1	-0.2040	-3.0445	0.0023
b1_22	b2_31	0.2706	0.0180	0.8352	0.0935	1	-0.3743	-5.9324	0.0000
b1_22	b2_7	0.1549	0.0841	0.5357	0.1537	1	-0.0303	-2.1732	0.0298
b1_23	b1_27	0.2000	0.1602	0.8176	0.1548	1	-0.1721	-2.7725	0.0056
b1_23	b2_1	0.3143	0.2388	0.8850	0.0443	1	-0.0849	-2.3497	0.0188
b1_23	b2_11	0.0292	0.2411	0.7957	0.1288	1	-0.2196	-2.8034	0.0051
b1_23	b2_12	0.0872	0.1822	0.7516	0.0188	1	-0.2981	-3.6275	0.0003
b1_23	b2_13	0.0961	0.2299	0.7199	0.1202	1	-0.1051	-2.4050	0.0162
b1_23	b2_14	0.0772	0.1329	0.6351	0.0917	1	-0.2349	-3.4547	0.0006
b1_23	b2_15	-0.0592	0.1139	0.3942	0.1755	1	-0.0349	-2.1670	0.0302
b1_23	b2_2	0.1242	0.1877	0.7938	0.0725	1	-0.2671	-3.3275	0.0009
b1_23	b2_21	-0.0342	0.1769	0.5634	0.0907	1	-0.2000	-3.0061	0.0026
b1_23	b2_24	-0.0476	0.0940	0.4387	0.1564	1	-0.1212	-2.6643	0.0077
b1_23	b2_25	0.0253	0.1867	0.7745	0.0038	1	-0.3758	-4.0127	0.0001
b1_23	b2_26	0.1642	0.2799	0.8711	0.0866	1	-0.1210	-2.4131	0.0158
b1_23	b2_31	0.0957	0.2337	0.8126	0.0881	1	-0.2175	-2.8707	0.0041
b1_23	b2_8	0.1419	0.3230	0.8864	0.1094	1	-0.0625	-2.1833	0.0290
b1_24	b1_27	0.3539	0.1317	0.8695	0.1795	1	-0.0704	-2.3161	0.0206
b1_24	b2_1	0.4744	0.1054	0.9279	0.0741	1	-0.1960	-3.5215	0.0004
b1_24	b2_12	0.3522	0.0719	0.6102	0.0283	1	-0.1036	-3.3412	0.0008
b1_24	b2_13	0.2430	0.0999	0.6171	0.0245	1	-0.1683	-3.6358	0.0003
b1_24	b2_2	0.3179	0.0826	0.7690	0.0931	1	-0.2022	-3.6248	0.0003
b1_24	b2_25	0.1691	0.0649	0.6696	0.1028	1	-0.2574	-4.1168	0.0000
b1_24	b2_26	0.4129	0.0632	0.7830	0.0440	1	-0.2161	-4.8055	0.0000
b1_24	b2_27	0.5256	0.0765	0.8502	0.0842	1	-0.0970	-2.8522	0.0043
b1_24	b2_29	0.5347	0.0744	0.9133	0.0834	1	-0.1550	-3.3861	0.0007
b1_24	b2_30	0.5259	0.0583	0.9181	0.0902	1	-0.1773	-3.6498	0.0003
b1_24	b2_31	0.2312	0.0993	0.7552	0.0189	1	-0.3219	-5.1857	0.0000
b1_24	c2_2	0.7013	0.0487	0.8864	0.0331	1	-0.0673	-3.1431	0.0017
b1_25	b2_12	0.2069	0.1172	0.6147	0.0031	1	-0.1734	-3.4796	0.0005
b1_25	b2_13	0.0816	0.1253	0.5797	0.1198	1	-0.1513	-2.8724	0.0041
b1_25	b2_2	0.1015	0.2470	0.7784	0.0833	1	-0.1555	-2.5965	0.0094
b1_25	b2_25	0.0329	0.0239	0.6501	0.0346	1	-0.5330	-14.6724	0.0000
b1_25	b2_26	0.2502	0.0688	0.7788	0.0762	1	-0.3233	-5.1499	0.0000
b1_25	b2_27	0.4770	0.0903	0.8558	0.0915	1	-0.1218	-2.9473	0.0032
b1_25	b2_29	0.4649	0.1426	0.8973	0.1201	1	-0.0595	-2.3191	0.0204
b1_25	b2_30	0.3146	0.2061	0.9017	0.1265	1	-0.1034	-2.4275	0.0152
b1_25	b2_31	0.0661	0.1779	0.7355	0.0605	1	-0.2935	-3.5618	0.0004
b1_26	b2_12	0.1052	0.0967	0.5217	0.0100	1	-0.2220	-4.2832	0.0000
b1_26	b2_13	-0.0032	0.1452	0.4844	0.1282	1	-0.1001	-2.5166	0.0118
b1_26	b2_14	0.0289	0.0961	0.3744	0.0925	1	-0.0787	-2.5904	0.0096
b1_26	b2_2	-0.0360	0.2719	0.7361	0.1295	1	-0.1697	-2.5634	0.0104
b1_26	b2_25	-0.0391	0.0132	0.5611	0.0416	1	-0.5129	-13.7464	0.0000
b1_26	b2_26	0.1575	0.1242	0.7041	0.0861	1	-0.2444	-3.6172	0.0003
b1_26	b2_27	0.4260	0.0415	0.7984	0.1040	1	-0.1485	-3.3269	0.0009
b1_26	b2_30	0.2271	0.2695	0.8630	0.1489	1	-0.0200	-2.0651	0.0389
b1_26	b2_31	-0.0266	0.2020	0.6688	0.0650	1	-0.2711	-3.2776	0.0010
b1_27	b2_12	0.0326	0.0819	0.3631	0.1195	1	-0.0408	-2.2814	0.0225
b1_27	b2_13	-0.1297	0.0442	0.3521	0.2084	1	-0.0557	-2.2614	0.0237
b1_27	b2_2	-0.2286	0.2357	0.6307	0.2739	1	-0.1366	-2.3779	0.0174
b1_27	b2_24	-0.3254	0.0246	0.0446	0.1519	1	-0.0622	-2.4042	0.0162
b1_27	b2_25	-0.2284	0.0757	0.4235	0.0511	1	-0.4693	-7.1388	0.0000
b1_27	b2_31	-0.2349	0.1749	0.5379	0.1766	1	-0.2757	-3.1090	0.0019
b1_28	b2_22	-0.4676	0.0678	-0.3066	0.0149	1	-0.0221	-2.3187	0.0204
b1_28	b2_24	-0.5733	0.1527	-0.1088	0.1020	1	-0.0974	-2.5304	0.0114
b1_28	b2_25	-0.5087	0.1846	0.2536	0.3291	1	-0.0076	-2.0201	0.0434
b1_28	c2_4	-0.5976	0.1334	-0.2609	0.0228	1	-0.0660	-2.4874	0.0129
b1_29	b2_23	-0.6351	0.1323	-0.1225	0.2155	1	-0.0068	-2.0270	0.0427
b1_29	c2_4	-0.5064	0.0341	-0.1893	0.1278	1	-0.0524	-2.3959	0.0166
b1_3	b2_1	0.4079	0.1225	0.7672	0.0498	1	-0.0949	-2.7180	0.0066
b1_3	b2_10	0.1215	0.1550	0.8311	0.2435	1	-0.1323	-2.4583	0.0140
b1_3	b2_11	0.0293	0.2796	0.8936	0.1349	1	-0.2434	-2.7841	0.0054
b1_3	b2_12	-0.0808	0.3772	0.8446	0.1311	1	-0.1267	-2.3171	0.0205
b1_3	b2_17	-0.0286	0.1905	0.6105	0.0163	1	-0.2567	-3.3424	0.0008
b1_3	b2_2	0.1695	0.2603	0.7586	0.0871	1	-0.0402	-2.1464	0.0318
b1_3	b2_20	0.2453	0.1889	0.7831	0.0727	1	-0.1331	-2.6576	0.0079
b1_3	b2_21	0.0312	0.2824	0.7530	0.0332	1	-0.1531	-2.5384	0.0111
b1_3	b2_24	-0.1077	0.3472	0.6075	0.0341	1	-0.0175	-2.0500	0.0404
b1_3	b2_25	-0.0481	0.3574	0.8231	0.1742	1	-0.0761	-2.1913	0.0284
b1_3	b2_26	0.0929	0.2729	0.9022	0.1528	1	-0.1838	-2.5877	0.0097
b1_3	b2_30	0.2852	0.2028	0.8575	0.1421	1	-0.0770	-2.3109	0.0208
b1_3	b2_31	0.0790	0.2181	0.8235	0.1823	1	-0.1759	-2.6186	0.0088
b1_3	b2_8	0.2607	0.1310	0.8550	0.0234	1	-0.3282	-4.4671	0.0000
b1_4	b1_20	0.2086	0.3113	0.9099	0.1198	1	-0.0341	-2.1023	0.0355
b1_4	b2_17	-0.0636	0.2634	0.5674	0.0745	1	-0.0834	-2.3046	0.0212
b1_4	b2_2	-0.0631	0.0979	0.7001	0.0857	1	-0.5030	-5.8670	0.0000
b1_4	b2_20	0.2255	0.1044	0.7701	0.0948	1	-0.2626	-3.8630	0.0001
b1_4	b2_21	-0.0971	0.2134	0.7009	0.0721	1	-0.3475	-3.5428	0.0004
b1_4	b2_22	-0.2829	0.3239	0.4804	0.1126	1	-0.0774	-2.2258	0.0260
b1_4	b2_23	-0.2541	0.1981	0.3688	0.0930	1	-0.1852	-2.8461	0.0044
b1_4	b2_24	-0.2127	0.2832	0.5597	0.0903	1	-0.1778	-2.5980	0.0094
b1_4	b2_25	-0.1851	0.3040	0.7629	0.2866	1	-0.1125	-2.2692	0.0233
b1_4	b2_26	-0.0293	0.2789	0.8390	0.2671	1	-0.0961	-2.2489	0.0245
b1_4	b2_31	-0.0940	0.1258	0.7762	0.2681	1	-0.2780	-2.9389	0.0033
b1_4	b2_7	-0.1933	0.1058	0.6152	0.0327	1	-0.5870	-7.3016	0.0000
b1_4	b2_8	0.0777	0.1374	0.8141	0.0942	1	-0.4033	-4.4214	0.0000
b1_5	b1_19	0.1306	0.0299	0.5602	0.2029	1	-0.0193	-2.0940	0.0363
b1_5	b2_2	-0.0930	0.1541	0.6218	0.2898	1	-0.0583	-2.1777	0.0294
b1_5	b2_20	0.0861	0.1194	0.8348	0.1454	1	-0.3723	-3.9790	0.0001
b1_5	b2_7	-0.2437	0.2478	0.3851	0.0552	1	-0.1210	-2.4766	0.0133
b1_5	b2_8	-0.0608	0.1679	0.7320	0.3546	1	-0.0082	-2.0208	0.0433
b1_5	c2_3	0.0872	0.1605	0.6038	0.1701	1	-0.0489	-2.2091	0.0272
b1_6	b1_19	0.2802	0.1748	0.7670	0.0500	1	-0.1232	-2.6777	0.0074
b1_6	b1_20	0.2544	0.1435	0.8854	0.1528	1	-0.2117	-3.0101	0.0026
b1_6	b1_21	0.2737	0.1364	0.8921	0.1686	1	-0.1847	-2.8515	0.0044
b1_6	b1_22	0.3290	0.1729	0.8890	0.1665	1	-0.0800	-2.3332	0.0196
b1_6	b1_24	0.4700	0.0392	0.8228	0.1373	1	-0.0672	-2.4708	0.0135
b1_6	b1_25	0.5394	0.0844	0.8435	0.1193	1	-0.0119	-2.0812	0.0374
b1_6	b2_2	-0.1596	0.1181	0.6908	0.1488	1	-0.4704	-4.4755	0.0000
b1_6	b2_21	-0.1627	0.3414	0.5890	0.1338	1	-0.0182	-2.0497	0.0404
b1_6	b2_22	-0.3492	0.3225	0.3531	0.0763	1	-0.0394	-2.1189	0.0341
b1_6	b2_23	-0.3150	0.2497	0.2111	0.0130	1	-0.0262	-2.1047	0.0353
b1_6	b2_24	-0.2694	0.2959	0.4753	0.0802	1	-0.1315	-2.4290	0.0151
b1_6	b2_25	-0.2541	0.2706	0.6960	0.3226	1	-0.1080	-2.2565	0.0240
b1_6	b2_30	0.0900	0.2052	0.8067	0.2863	1	-0.0122	-2.0346	0.0419
b1_6	b2_31	-0.1557	0.1155	0.7394	0.3073	1	-0.2384	-2.7262	0.0064
b1_6	b2_7	-0.2733	0.1840	0.5141	0.0396	1	-0.4109	-4.1829	0.0000
b1_6	b2_8	-0.0235	0.0368	0.7951	0.1991	1	-0.4137	-4.0438	0.0001
b1_6	c2_2	0.3742	0.0887	0.5806	0.0187	1	-0.0253	-2.2788	0.0227
b1_7	b1_27	0.2467	0.1514	0.6149	0.0222	1	-0.0621	-2.4059	0.0161
b1_7	b2_11	-0.0269	0.4048	0.9005	0.1456	1	-0.0670	-2.1556	0.0311
b1_7	b2_12	-0.1175	0.3464	0.8851	0.1383	1	-0.2567	-2.6881	0.0072
b1_7	b2_13	-0.0950	0.2358	0.7934	0.3063	1	-0.1153	-2.2984	0.0215
b1_7	b2_17	-0.0491	0.2908	0.6642	0.0883	1	-0.1054	-2.3470	0.0189
b1_7	b2_18	0.2768	0.0238	0.4377	0.0385	1	-0.0703	-3.5546	0.0004
b1_7	b2_2	0.1298	0.0771	0.6922	0.1135	1	-0.2880	-4.0989	0.0000
b1_7	b2_20	0.2591	0.1824	0.6967	0.0655	1	-0.0500	-2.2579	0.0240
b1_7	b2_21	-0.0034	0.2990	0.8007	0.0446	1	-0.1994	-2.6595	0.0078
b1_7	b2_22	-0.1459	0.1763	0.6061	0.1042	1	-0.3424	-3.6719	0.0002
b1_7	b2_23	-0.0985	0.1467	0.4503	0.0183	1	-0.2531	-3.7116	0.0002
b1_7	b2_24	-0.0676	0.1729	0.6758	0.0630	1	-0.3754	-4.0400	0.0001
b1_7	b2_25	-0.0813	0.1578	0.8646	0.1718	1	-0.4794	-4.0548	0.0001
b1_7	b2_26	0.0146	0.2559	0.8991	0.1486	1	-0.2927	-2.9890	0.0028
b1_7	b2_30	0.2195	0.2474	0.8071	0.1105	1	-0.0457	-2.1687	0.0301
b1_7	b2_31	0.0675	0.0636	0.8221	0.1764	1	-0.3795	-4.0241	0.0001
b1_7	b2_7	-0.0231	0.1176	0.7192	0.0224	1	-0.5029	-6.2015	0.0000
b1_7	b2_8	0.2097	0.0970	0.7870	0.0182	1	-0.3799	-5.8496	0.0000
b1_8	b2_10	-0.1979	0.3054	0.5134	0.1297	1	-0.0479	-2.1442	0.0320
b1_8	b2_11	-0.2014	0.4408	0.7023	0.0855	1	-0.0057	-2.0128	0.0441
b1_8	b2_17	-0.0932	0.3358	0.8260	0.0732	1	-0.2318	-2.6743	0.0075
b1_8	c2_6	0.0871	0.0985	0.3384	0.0634	1	-0.0169	-2.1445	0.0320
b2_0	b2_2	-0.0726	0.3229	0.7292	0.1067	1	-0.1216	-2.3576	0.0184
b2_0	b2_25	-0.2871	0.2475	0.4328	0.1184	1	-0.1712	-2.6240	0.0087
b2_0	b2_30	0.1508	0.1313	0.8123	0.2166	1	-0.1549	-2.6116	0.0090
b2_0	b2_31	-0.2090	0.2681	0.5906	0.1456	1	-0.1894	-2.6207	0.0088
b2_1	b2_28	0.4106	0.1604	0.9271	0.0191	1	-0.1935	-3.1976	0.0014
b2_1	b2_29	0.6173	0.0213	0.8908	0.0305	1	-0.1991	-7.3536	0.0000
b2_1	b2_30	0.7232	0.0261	0.8997	0.0379	1	-0.0844	-3.8336	0.0001
b2_10	c2_3	0.1923	0.1303	0.5941	0.0439	1	-0.1268	-2.9228	0.0035
b2_11	b2_21	0.7245	0.0410	0.8803	0.0648	1	-0.0025	-2.0321	0.0421
b2_12	c2_6	0.3032	0.0759	-0.1188	0.1457	1	0.0935	2.5689	0.0102
b2_13	c2_4	0.3741	0.0374	-0.1049	0.1955	1	0.0809	2.4062	0.0161
b2_13	c2_5	0.2757	0.0238	-0.2272	0.1769	1	0.1458	2.8165	0.0049
b2_14	c2_0	0.1935	0.1882	-0.2933	0.1020	1	0.0587	2.2744	0.0229
b2_15	c2_0	0.0823	0.2561	-0.6057	0.0550	1	0.1642	2.6268	0.0086
b2_16	b2_17	0.8582	0.0177	0.9523	0.0043	1	-0.0577	-5.1723	0.0000
b2_16	c2_0	0.1625	0.1941	-0.6682	0.0680	1	0.4193	4.0387	0.0001
b2_17	b2_21	0.8332	0.0353	0.9345	0.0045	1	-0.0302	-2.8491	0.0044
b2_17	b2_22	0.6864	0.0869	0.9297	0.0095	1	-0.0684	-2.7823	0.0054
b2_17	b2_23	0.4490	0.1431	0.8659	0.0604	1	-0.1063	-2.6845	0.0073
b2_17	c2_0	0.1876	0.0734	-0.5911	0.0491	1	0.6020	8.8142	0.0000
b2_17	c2_1	0.3312	0.0424	-0.3470	0.1342	1	0.3968	4.8192	0.0000
b2_18	b2_19	0.8854	0.0605	0.3872	0.1828	1	0.1131	2.5874	0.0097
b2_19	b2_20	0.8296	0.0669	0.5819	0.0542	1	0.0755	2.8771	0.0040
b2_2	b2_10	-0.0124	0.2980	0.7062	0.1207	1	-0.0756	-2.2350	0.0254
b2_2	b2_31	0.8910	0.0233	0.7056	0.0731	1	0.0320	2.4171	0.0156
b2_2	c2_2	0.3403	0.1285	0.6847	0.0375	1	-0.0767	-2.5726	0.0101
b2_21	c2_0	0.2969	0.2381	-0.5149	0.1687	1	0.2282	2.7819	0.0054
b2_21	c2_1	0.3431	0.2381	-0.1998	0.1078	1	0.0201	2.0771	0.0378
b2_22	c2_0	0.0501	0.3612	-0.7294	0.0550	1	0.0487	2.1334	0.0329
b2_23	b2_31	0.7248	0.1378	0.3010	0.1106	1	0.0704	2.3983	0.0165
b2_24	b2_31	0.9214	0.0388	0.6383	0.0341	1	0.1797	5.4758	0.0000
b2_28	b2_30	0.3281	0.1892	0.9196	0.1243	1	-0.1388	-2.6133	0.0090
b2_28	b2_31	-0.0934	0.3876	0.7651	0.1007	1	-0.0576	-2.1439	0.0320
b2_28	c2_3	0.3200	0.1675	0.7465	0.0814	1	-0.0540	-2.2898	0.0220
b2_3	b2_13	0.6884	0.1639	0.0235	0.2368	1	0.0890	2.3090	0.0209
b2_3	b2_24	0.8242	0.0647	0.4757	0.1173	1	0.0807	2.6022	0.0093
b2_3	c2_5	0.2935	0.1824	0.8696	0.1200	1	-0.1395	-2.6387	0.0083
b2_4	b2_13	0.5311	0.1239	-0.1403	0.2539	1	0.1065	2.3769	0.0175
b2_4	b2_29	0.4709	0.1290	-0.5398	0.4389	1	0.0958	2.2094	0.0272
b2_5	b2_13	0.6723	0.1559	-0.1877	0.3784	1	0.0416	2.1016	0.0356
b2_5	b2_24	0.8441	0.0206	0.2575	0.2290	1	0.1268	2.5517	0.0107
b2_5	b2_25	0.7937	0.0775	-0.1328	0.4296	1	0.0534	2.1223	0.0338
b2_5	b2_31	0.8231	0.0567	-0.2716	0.5278	1	0.0331	2.0624	0.0392
b2_5	b2_6	0.8771	0.0185	0.7999	0.0154	1	0.0290	3.2004	0.0014
b2_6	b2_24	0.8915	0.0304	0.6133	0.0098	1	0.2142	8.7009	0.0000
b2_6	b2_25	0.8257	0.1209	0.3059	0.2164	1	0.0240	2.0967	0.0360
b2_7	b2_17	0.6216	0.0706	0.8959	0.0159	1	-0.1297	-3.7932	0.0001
b2_7	b2_31	0.8781	0.0907	0.6594	0.0584	1	0.0029	2.0265	0.0427
b2_8	b2_11	0.5437	0.0757	0.7761	0.0113	1	-0.0793	-3.0365	0.0024
b2_8	b2_27	0.4668	0.0665	0.8783	0.0480	1	-0.2475	-5.0169	0.0000
b2_8	b2_28	0.1788	0.2503	0.8458	0.1739	1	-0.0575	-2.1889	0.0286
b2_8	c2_2	0.4688	0.0181	0.7338	0.0574	1	-0.1447	-4.4048	0.0000
