rgn1	rgn2	aT41A.pcca1	aT41A.pcca1	WT.pcca2	WT.pcca2	lsdm	sdiff	score	pval
		mf	sf	mf	sf				
a1_0	a1_0	0.8138	0.0440	0.9901	0.0034	1	-0.0881	-3.9990	0.0001
a1_0	a1_10	0.3892	0.3586	-0.6784	0.0654	1	0.3386	2.9290	0.0034
a1_0	a1_11	0.5034	0.3167	-0.7038	0.0719	1	0.5575	3.7165	0.0002
a1_0	a1_12	0.5395	0.2270	-0.4589	0.1285	1	0.4767	3.8274	0.0001
a1_0	a1_13	0.6698	0.1445	-0.0991	0.1060	1	0.4105	4.2904	0.0000
a1_0	a1_14	0.5416	0.1220	0.0847	0.1501	1	0.0701	2.3624	0.0182
a1_0	a1_18	0.3448	0.2460	-0.3079	0.1802	1	0.0429	2.1405	0.0323
a1_0	a2_10	0.4197	0.2364	-0.7217	0.4672	1	0.0943	2.1801	0.0292
a1_0	a2_11	0.3704	0.2415	-0.7402	0.4366	1	0.1128	2.2262	0.0260
a1_0	a2_12	0.2750	0.2267	-0.7329	0.4453	1	0.0085	2.0170	0.0437
a1_0	a2_14	0.2299	0.0433	-0.7491	0.1838	1	0.6013	5.1837	0.0000
a1_0	a2_15	0.4384	0.0296	-0.6312	0.2289	1	0.6080	4.6336	0.0000
a1_0	a2_16	0.6631	0.0861	-0.6324	0.5432	1	0.1955	2.3555	0.0185
a1_0	a2_2	0.6308	0.1789	-0.1721	0.2689	1	0.1569	2.4860	0.0129
a1_0	a2_20	0.6430	0.2482	-0.6458	0.5085	1	0.1571	2.2777	0.0227
a1_0	a2_3	0.4280	0.2618	-0.4987	0.3631	1	0.0314	2.0702	0.0384
a1_0	a2_4	0.6611	0.2129	-0.3995	0.4059	1	0.1439	2.3139	0.0207
a1_0	a2_6	0.6270	0.1324	-0.6764	0.4875	1	0.2931	2.5803	0.0099
a1_0	b1_12	0.3826	0.1787	0.9486	0.0236	1	-0.2056	-3.1409	0.0017
a1_0	b1_13	0.3874	0.1234	0.9556	0.0204	1	-0.3180	-4.5417	0.0000
a1_0	b1_20	0.2959	0.0939	0.9227	0.0882	1	-0.3693	-4.8677	0.0000
a1_0	b1_21	0.2930	0.1215	0.9334	0.0507	1	-0.3770	-4.8625	0.0000
a1_0	b1_24	0.5034	0.1437	0.8241	0.0308	1	-0.0268	-2.1820	0.0291
a1_0	b1_3	0.6726	0.0641	0.9715	0.0331	1	-0.1546	-4.1422	0.0000
a1_0	b1_4	0.6148	0.1547	0.9671	0.0438	1	-0.0308	-2.1913	0.0284
a1_0	b1_7	0.5457	0.0880	0.9702	0.0238	1	-0.2422	-4.6579	0.0000
a1_0	b2_12	0.2287	0.2447	0.8480	0.1706	1	-0.0226	-2.0758	0.0379
a1_0	b2_18	0.7529	0.0527	0.4428	0.0766	1	0.1242	3.3354	0.0009
a1_0	b2_19	0.6571	0.1490	0.0991	0.1134	1	0.1835	2.9798	0.0029
a1_0	b2_21	0.5143	0.0920	0.7539	0.0469	1	-0.0331	-2.3201	0.0203
a1_0	b2_22	0.1243	0.1331	0.5527	0.1366	1	-0.0470	-2.2464	0.0247
a1_0	b2_23	0.1005	0.0687	0.4216	0.0793	1	-0.1114	-3.0619	0.0022
a1_0	b2_24	0.0485	0.0914	0.6280	0.0572	1	-0.3639	-5.3757	0.0000
a1_1	a1_10	0.5810	0.0902	-0.3351	0.2205	1	0.4396	3.8455	0.0001
a1_1	a1_11	0.5598	0.1287	-0.3767	0.1900	1	0.4775	4.0810	0.0000
a1_1	a1_12	0.7345	0.0791	-0.1149	0.4021	1	0.0298	2.0728	0.0382
a1_1	a1_18	0.6491	0.1036	0.0487	0.0893	1	0.3268	4.3893	0.0000
a1_1	a1_19	0.6560	0.0734	-0.0084	0.1793	1	0.2770	3.4298	0.0006
a1_1	a1_6	0.8591	0.0233	0.3676	0.1341	1	0.2192	3.6103	0.0003
a1_1	a1_9	0.8333	0.0819	0.3918	0.0258	1	0.2699	5.1451	0.0000
a1_1	a2_10	0.7139	0.0840	-0.5797	0.4931	1	0.2932	2.5862	0.0097
a1_1	a2_11	0.6251	0.2138	-0.5579	0.4552	1	0.1772	2.3525	0.0186
a1_1	a2_12	0.5139	0.2800	-0.5881	0.4689	1	0.0098	2.0179	0.0436
a1_1	a2_13	0.4444	0.1599	-0.5159	0.3358	1	0.2165	2.5821	0.0098
a1_1	a2_14	0.1454	0.1439	-0.4754	0.0356	1	0.3243	4.1881	0.0000
a1_1	a2_15	0.4552	0.0933	-0.3053	0.0711	1	0.5260	6.4860	0.0000
a1_1	a2_16	0.8199	0.0955	-0.4247	0.5506	1	0.1269	2.2271	0.0259
a1_1	a2_2	0.7229	0.1510	0.2147	0.1212	1	0.1209	2.6243	0.0087
a1_1	a2_20	0.8094	0.1138	-0.3818	0.4604	1	0.2426	2.5115	0.0120
a1_1	a2_21	0.7185	0.1343	-0.2209	0.3843	1	0.1253	2.3078	0.0210
a1_1	a2_25	0.6314	0.1725	-0.6118	0.5585	1	0.0742	2.1269	0.0334
a1_1	a2_3	0.3551	0.2436	-0.2129	0.1286	1	0.0170	2.0619	0.0392
a1_1	a2_5	0.7653	0.1348	-0.1149	0.4065	1	0.0237	2.0554	0.0398
a1_1	a2_6	0.7961	0.1267	-0.5328	0.5424	1	0.2148	2.3856	0.0171
a1_1	b1_25	0.7784	0.0769	0.9534	0.0226	1	-0.0147	-2.1833	0.0290
a1_1	b1_26	0.7779	0.0370	0.9359	0.0321	1	-0.0601	-3.2276	0.0012
a1_1	b1_4	0.6218	0.1028	0.8857	0.0220	1	-0.0537	-2.5104	0.0121
a1_10	a1_22	0.5836	0.0585	0.2252	0.0682	1	0.1786	3.9877	0.0001
a1_10	a1_23	0.4900	0.0718	0.0420	0.1553	1	0.1059	2.6187	0.0088
a1_10	a1_25	0.4140	0.0482	0.0110	0.1832	1	0.0242	2.1279	0.0333
a1_10	a2_17	0.5169	0.3015	-0.5197	0.4022	1	0.0313	2.0622	0.0392
a1_10	a2_18	0.5284	0.2408	-0.4301	0.3138	1	0.1675	2.4234	0.0154
a1_10	b1_10	0.3721	0.2824	-0.4674	0.2708	1	0.0570	2.1457	0.0319
a1_10	b1_11	0.3668	0.1823	-0.7107	0.3365	1	0.3121	2.8155	0.0049
a1_10	b1_12	0.3227	0.2363	-0.7830	0.1187	1	0.5769	4.1817	0.0000
a1_10	b1_13	0.2421	0.1276	-0.7962	0.0723	1	0.7449	7.0773	0.0000
a1_10	b1_14	0.2478	0.1638	-0.8377	0.1920	1	0.5807	4.3008	0.0000
a1_10	b1_15	0.2585	0.0456	-0.7259	0.2918	1	0.3937	3.3328	0.0009
a1_10	b1_16	0.3667	0.1609	-0.5703	0.2984	1	0.2590	2.7641	0.0057
a1_10	b1_17	0.3746	0.1816	-0.6663	0.3194	1	0.3060	2.8328	0.0046
a1_10	b1_18	0.3752	0.0504	-0.7627	0.3637	1	0.4036	3.0991	0.0019
a1_10	b1_19	0.4133	0.0308	-0.7683	0.2865	1	0.6052	4.1001	0.0000
a1_10	b1_2	0.5337	0.2105	-0.4155	0.2172	1	0.3442	3.1378	0.0017
a1_10	b1_20	0.3664	0.1494	-0.5739	0.0645	1	0.6148	5.7774	0.0000
a1_10	b1_21	0.2811	0.2923	-0.5051	0.0317	1	0.1981	2.6736	0.0075
a1_10	b1_25	0.5032	0.1313	-0.3444	0.3376	1	0.1230	2.3396	0.0193
a1_10	b1_3	0.4210	0.2000	-0.5982	0.0750	1	0.5921	4.7728	0.0000
a1_10	b1_4	0.1852	0.1086	-0.6044	0.0655	1	0.5359	6.2248	0.0000
a1_10	b1_6	0.2224	0.1102	-0.4299	0.1777	1	0.2342	3.1202	0.0018
a1_10	b1_7	0.2675	0.1750	-0.7067	0.0484	1	0.6110	5.3646	0.0000
a1_10	b1_8	0.4510	0.1881	-0.7220	0.3012	1	0.4629	3.3036	0.0010
a1_10	b1_9	0.4450	0.2081	-0.2813	0.2122	1	0.1319	2.4438	0.0145
a1_10	b2_11	0.1432	0.2396	-0.6354	0.1958	1	0.1597	2.5162	0.0119
a1_10	b2_12	0.1619	0.1401	-0.7404	0.2087	1	0.3996	3.5898	0.0003
a1_10	b2_13	0.2306	0.3970	-0.7053	0.2216	1	0.0265	2.0583	0.0396
a1_10	b2_14	0.2563	0.1161	-0.7350	0.2853	1	0.3753	3.2186	0.0013
a1_10	b2_15	0.1834	0.3409	-0.7849	0.3221	1	0.0302	2.0645	0.0390
a1_10	b2_18	0.5290	0.2845	-0.0977	0.0792	1	0.0360	2.1218	0.0339
a1_10	b2_20	0.5095	0.2414	-0.1375	0.0517	1	0.1534	2.6212	0.0088
a1_10	b2_21	0.4418	0.1500	-0.7497	0.3320	1	0.4629	3.2706	0.0011
a1_10	b2_22	0.2359	0.1211	-0.7369	0.3617	1	0.2100	2.5506	0.0108
a1_10	b2_27	0.1158	0.0410	-0.5410	0.0770	1	0.4823	7.5283	0.0000
a1_10	b2_28	0.0949	0.1073	-0.3165	0.0987	1	0.1199	2.8226	0.0048
a1_10	c2_4	0.5930	0.0804	-0.0124	0.1768	1	0.2170	3.1177	0.0018
a1_10	c2_6	0.2631	0.2480	-0.3477	0.0829	1	0.0879	2.3364	0.0195
a1_11	a1_23	0.4550	0.0494	0.1042	0.1541	1	0.0271	2.1673	0.0302
a1_11	a2_18	0.4436	0.2522	-0.3822	0.3136	1	0.0210	2.0523	0.0401
a1_11	b1_10	0.4024	0.2326	-0.4215	0.2678	1	0.1145	2.3228	0.0202
a1_11	b1_11	0.3927	0.1378	-0.6859	0.3499	1	0.3264	2.8679	0.0041
a1_11	b1_12	0.2800	0.2196	-0.7982	0.1518	1	0.5444	4.0395	0.0001
a1_11	b1_13	0.2868	0.0621	-0.8219	0.0918	1	0.8871	10.0072	0.0000
a1_11	b1_14	0.2817	0.1113	-0.8410	0.2137	1	0.6408	4.6598	0.0000
a1_11	b1_15	0.2596	0.0935	-0.6972	0.2994	1	0.3296	3.0508	0.0023
a1_11	b1_16	0.3622	0.1314	-0.5295	0.2982	1	0.2399	2.7362	0.0062
a1_11	b1_17	0.3908	0.1326	-0.6331	0.3238	1	0.3241	2.9261	0.0034
a1_11	b1_18	0.3727	0.0851	-0.7450	0.3816	1	0.3358	2.8589	0.0043
a1_11	b1_19	0.4457	0.0823	-0.7807	0.3058	1	0.5929	3.8721	0.0001
a1_11	b1_2	0.5287	0.1674	-0.3814	0.2276	1	0.3451	3.2217	0.0013
a1_11	b1_20	0.3385	0.2028	-0.6201	0.0764	1	0.5250	4.4221	0.0000
a1_11	b1_21	0.2686	0.3050	-0.5540	0.0299	1	0.2098	2.6846	0.0073
a1_11	b1_25	0.5285	0.2009	-0.3814	0.2928	1	0.1997	2.5623	0.0104
a1_11	b1_3	0.4449	0.2475	-0.6198	0.1091	1	0.5237	3.9366	0.0001
a1_11	b1_4	0.2358	0.2656	-0.6278	0.1007	1	0.2955	3.0404	0.0024
a1_11	b1_7	0.2955	0.2216	-0.7207	0.0983	1	0.5312	4.1910	0.0000
a1_11	b1_8	0.4721	0.1189	-0.7078	0.3278	1	0.4825	3.3839	0.0007
a1_11	b1_9	0.4178	0.1432	-0.2272	0.2064	1	0.1425	2.5674	0.0102
a1_11	b2_11	0.2079	0.1399	-0.6534	0.2390	1	0.3074	3.1097	0.0019
a1_11	b2_12	0.2334	0.1149	-0.7578	0.2357	1	0.4668	3.7802	0.0002
a1_11	b2_14	0.2872	0.0610	-0.7519	0.3032	1	0.4206	3.3599	0.0008
a1_11	b2_15	0.2340	0.2403	-0.7912	0.3062	1	0.2468	2.6341	0.0084
a1_11	b2_16	0.3907	0.2646	-0.7217	0.4056	1	0.1438	2.2969	0.0216
a1_11	b2_18	0.5987	0.2139	-0.1174	0.1032	1	0.2412	3.0154	0.0026
a1_11	b2_20	0.5516	0.2215	-0.1601	0.1009	1	0.2249	2.9242	0.0035
a1_11	b2_21	0.4787	0.0700	-0.7451	0.3606	1	0.4891	3.3315	0.0009
a1_11	b2_22	0.2645	0.1844	-0.7257	0.3545	1	0.1910	2.4779	0.0132
a1_11	b2_27	0.1492	0.1372	-0.5875	0.0786	1	0.4203	4.6573	0.0000
a1_11	b2_28	0.1224	0.1870	-0.3839	0.1085	1	0.0738	2.3412	0.0192
a1_11	b2_9	0.3232	0.0055	-0.1213	0.1650	1	0.1143	2.6922	0.0071
a1_11	c2_4	0.5794	0.0732	0.0159	0.1594	1	0.2126	3.2119	0.0013
a1_11	c2_6	0.3028	0.2621	-0.3294	0.1344	1	0.0432	2.1466	0.0318
a1_12	a1_21	0.6452	0.0447	0.1895	0.1049	1	0.2275	3.9951	0.0001
a1_12	a1_22	0.6065	0.0745	-0.0635	0.0832	1	0.4467	5.9980	0.0000
a1_12	a1_23	0.5028	0.0405	-0.2403	0.2389	1	0.2585	3.0669	0.0022
a1_12	a1_24	0.4587	0.0758	-0.3857	0.2787	1	0.2668	2.9237	0.0035
a1_12	a1_25	0.4351	0.1345	-0.2895	0.2323	1	0.1876	2.6989	0.0070
a1_12	a1_26	0.4875	0.1742	-0.3416	0.2362	1	0.2421	2.8250	0.0047
a1_12	a1_27	0.5525	0.0662	-0.2642	0.2857	1	0.2301	2.7845	0.0054
a1_12	a2_10	0.7476	0.0889	0.3154	0.0521	1	0.2261	4.1941	0.0000
a1_12	a2_16	0.7931	0.0748	0.3762	0.1842	1	0.0193	2.0972	0.0360
a1_12	a2_17	0.6309	0.1874	-0.6958	0.3747	1	0.4888	3.1668	0.0015
a1_12	a2_18	0.5788	0.1904	-0.6572	0.3117	1	0.5055	3.3842	0.0007
a1_12	a2_19	0.6648	0.1686	-0.0740	0.1466	1	0.2919	3.3066	0.0009
a1_12	a2_26	0.5988	0.1787	0.0824	0.1765	1	0.0140	2.0559	0.0398
a1_12	a2_7	0.6544	0.1529	-0.3037	0.2433	1	0.3834	3.3342	0.0009
a1_12	a2_8	0.6268	0.1956	-0.2259	0.2249	1	0.2566	2.8608	0.0042
a1_12	a2_9	0.7473	0.0740	0.0607	0.0424	1	0.5161	8.0534	0.0000
a1_12	b1_1	0.5675	0.0995	-0.1645	0.1183	1	0.4229	4.7350	0.0000
a1_12	b1_10	0.4693	0.2929	-0.6690	0.3101	1	0.2850	2.6681	0.0076
a1_12	b1_11	0.4448	0.0786	-0.7772	0.3143	1	0.5740	3.7716	0.0002
a1_12	b1_12	0.3839	0.1834	-0.6304	0.0232	1	0.6446	5.4869	0.0000
a1_12	b1_13	0.2465	0.1198	-0.6382	0.0494	1	0.6255	6.8264	0.0000
a1_12	b1_14	0.3558	0.1016	-0.7707	0.1044	1	0.8352	7.7338	0.0000
a1_12	b1_15	0.3115	0.0761	-0.7995	0.3226	1	0.4481	3.3521	0.0008
a1_12	b1_16	0.3656	0.0891	-0.7336	0.3348	1	0.4063	3.1728	0.0015
a1_12	b1_17	0.4278	0.1125	-0.8129	0.2854	1	0.6271	4.0444	0.0001
a1_12	b1_18	0.4329	0.0540	-0.8097	0.2852	1	0.6620	4.2807	0.0000
a1_12	b1_19	0.4666	0.0594	-0.7089	0.1244	1	0.8997	8.5250	0.0000
a1_12	b1_2	0.6209	0.1416	-0.5429	0.2219	1	0.6374	4.4221	0.0000
a1_12	b1_20	0.4331	0.1119	-0.4088	0.1592	1	0.4527	4.3259	0.0000
a1_12	b1_21	0.3792	0.2395	-0.3045	0.2279	1	0.0225	2.0679	0.0386
a1_12	b1_3	0.5644	0.1447	-0.4051	0.1585	1	0.5403	4.5174	0.0000
a1_12	b1_4	0.3577	0.0597	-0.4067	0.1452	1	0.4504	4.8699	0.0000
a1_12	b1_6	0.3032	0.1206	-0.2539	0.0768	1	0.2711	3.8959	0.0001
a1_12	b1_7	0.3754	0.1768	-0.5118	0.0807	1	0.4986	4.5653	0.0000
a1_12	b1_8	0.5365	0.1443	-0.7111	0.2573	1	0.6576	4.2293	0.0000
a1_12	b1_9	0.4924	0.2011	-0.5266	0.2799	1	0.3296	2.9563	0.0031
a1_12	b2_11	0.2894	0.1752	-0.4460	0.0817	1	0.3487	3.8041	0.0001
a1_12	b2_12	0.2158	0.0839	-0.5669	0.1480	1	0.4424	4.6007	0.0000
a1_12	b2_14	0.2851	0.1714	-0.5714	0.2607	1	0.2326	2.7455	0.0060
a1_12	b2_17	0.4219	0.3690	-0.6688	0.3977	1	0.0057	2.0105	0.0444
a1_12	b2_18	0.6669	0.1745	-0.0616	0.2014	1	0.1955	2.7338	0.0063
a1_12	b2_20	0.6927	0.0975	0.0501	0.2362	1	0.1316	2.5149	0.0119
a1_12	b2_21	0.5014	0.0538	-0.6967	0.2336	1	0.7187	4.9978	0.0000
a1_12	b2_22	0.1845	0.0920	-0.7770	0.3518	1	0.2344	2.6445	0.0082
a1_12	b2_27	0.2756	0.1533	-0.3298	0.2055	1	0.0926	2.3612	0.0182
a1_12	b2_7	0.2953	0.3058	-0.7055	0.2559	1	0.2033	2.5100	0.0121
a1_12	c2_4	0.6108	0.0327	-0.1126	0.1889	1	0.3400	3.7734	0.0002
a1_12	c2_5	0.3636	0.1442	-0.4541	0.1647	1	0.3799	3.7355	0.0002
a1_12	c2_6	0.2720	0.2090	-0.5136	0.1892	1	0.2216	2.7860	0.0053
a1_13	a2_1	0.6186	0.2532	-0.0220	0.0326	1	0.1300	2.5092	0.0121
a1_13	a2_16	0.7470	0.1229	0.2484	0.1675	1	0.0831	2.4001	0.0164
a1_13	a2_20	0.7719	0.1357	0.3744	0.0684	1	0.0935	2.6152	0.0089
a1_13	a2_23	0.7195	0.0063	-0.0296	0.2797	1	0.1896	2.6779	0.0074
a1_13	a2_24	0.6033	0.2175	-0.0109	0.1116	1	0.1254	2.5128	0.0120
a1_13	a2_6	0.6997	0.1539	0.0747	0.1931	1	0.1312	2.5315	0.0114
a1_13	b1_14	0.3300	0.1138	-0.4519	0.2376	1	0.2549	2.9677	0.0030
a1_13	b1_19	0.4160	0.1156	-0.3643	0.2506	1	0.2283	2.8273	0.0047
a1_13	b1_20	0.3307	0.0438	-0.0250	0.1214	1	0.0977	2.7573	0.0058
a1_13	b1_3	0.5536	0.2211	-0.0159	0.0950	1	0.0882	2.3667	0.0179
a1_13	b1_4	0.4606	0.1421	-0.0508	0.1417	1	0.1101	2.5486	0.0108
a1_13	b2_18	0.7417	0.1449	0.3147	0.1173	1	0.0541	2.2901	0.0220
a1_13	c2_6	0.2208	0.2568	-0.6520	0.3145	1	0.0608	2.1497	0.0316
a1_14	a1_27	0.4677	0.3285	-0.6734	0.2985	1	0.2534	2.5709	0.0101
a1_14	a2_1	0.5985	0.0736	-0.2347	0.0113	1	0.6843	11.1887	0.0000
a1_14	a2_11	0.4761	0.1618	-0.0282	0.1857	1	0.0118	2.0480	0.0406
a1_14	a2_16	0.6487	0.1838	-0.0913	0.0844	1	0.3356	3.6594	0.0003
a1_14	a2_17	0.5763	0.2576	-0.6629	0.4378	1	0.2232	2.4393	0.0147
a1_14	a2_19	0.5195	0.2041	-0.4834	0.2677	1	0.3297	2.9795	0.0029
a1_14	a2_20	0.6813	0.1450	0.0684	0.1097	1	0.2493	3.3713	0.0007
a1_14	a2_23	0.6512	0.0887	0.0588	0.2402	1	0.0803	2.3134	0.0207
a1_14	a2_26	0.4340	0.3359	-0.4272	0.2235	1	0.0542	2.1344	0.0328
a1_14	a2_5	0.7438	0.1308	0.3984	0.1076	1	0.0068	2.0402	0.0413
a1_14	a2_6	0.6383	0.0311	-0.1896	0.0859	1	0.6453	9.0641	0.0000
a1_14	a2_7	0.5423	0.2611	-0.6061	0.4034	1	0.1874	2.3900	0.0168
a1_14	a2_9	0.5956	0.3112	-0.3689	0.1791	1	0.2464	2.6861	0.0072
a1_14	b1_11	0.2686	0.2305	-0.5875	0.3307	1	0.0499	2.1239	0.0337
a1_14	b1_14	0.2774	0.2358	-0.3288	0.1483	1	0.0490	2.1761	0.0296
a1_14	b1_18	0.3358	0.2740	-0.5580	0.2597	1	0.1389	2.3679	0.0179
a1_14	b1_19	0.3551	0.2885	-0.2981	0.0778	1	0.0556	2.1861	0.0288
a1_14	b1_8	0.3540	0.3129	-0.4368	0.2208	1	0.0248	2.0649	0.0389
a1_14	b2_18	0.6406	0.1137	0.3163	0.0565	1	0.0704	2.5540	0.0107
a1_15	a1_21	0.5380	0.2646	-0.4352	0.2015	1	0.3081	2.9265	0.0034
a1_15	a1_22	0.4683	0.2750	-0.6539	0.0274	1	0.5696	4.0612	0.0000
a1_15	a1_23	0.3719	0.3373	-0.7760	0.0861	1	0.4516	3.2970	0.0010
a1_15	a1_24	0.3136	0.3448	-0.8187	0.1682	1	0.3650	2.9512	0.0032
a1_15	a1_25	0.3125	0.3555	-0.7914	0.1061	1	0.3618	2.9753	0.0029
a1_15	a1_26	0.4362	0.3851	-0.7938	0.1538	1	0.4006	2.9659	0.0030
a1_15	a1_27	0.4143	0.2739	-0.7724	0.1426	1	0.5692	3.8435	0.0001
a1_15	a2_1	0.5140	0.0825	-0.2565	0.0253	1	0.5979	8.9258	0.0000
a1_15	a2_10	0.5607	0.2286	-0.2403	0.0081	1	0.3435	3.5013	0.0005
a1_15	a2_11	0.4982	0.0733	-0.0890	0.1028	1	0.3347	4.6513	0.0000
a1_15	a2_12	0.4750	0.0600	-0.1058	0.2135	1	0.1372	2.6185	0.0088
a1_15	a2_16	0.5879	0.1810	-0.1820	0.2158	1	0.2066	2.7337	0.0063
a1_15	a2_17	0.4866	0.1919	-0.7927	0.2116	1	0.7080	4.4782	0.0000
a1_15	a2_18	0.3882	0.3258	-0.8549	0.2038	1	0.4744	3.2346	0.0012
a1_15	a2_19	0.4794	0.2050	-0.6213	0.0476	1	0.6799	5.2310	0.0000
a1_15	a2_20	0.6108	0.1435	-0.0313	0.2622	1	0.0442	2.1480	0.0317
a1_15	a2_22	0.6155	0.1104	0.2683	0.0360	1	0.1151	2.9911	0.0028
a1_15	a2_24	0.5495	0.0989	-0.1955	0.1738	1	0.3450	3.7247	0.0002
a1_15	a2_25	0.4653	0.1698	-0.3475	0.1410	1	0.3714	3.6830	0.0002
a1_15	a2_26	0.3799	0.1943	-0.5424	0.0451	1	0.5234	4.6239	0.0000
a1_15	a2_27	0.3423	0.1757	-0.6453	0.0927	1	0.5902	4.9703	0.0000
a1_15	a2_28	0.3593	0.2471	-0.5551	0.1410	1	0.3454	3.2140	0.0013
a1_15	a2_29	0.3694	0.2709	-0.4648	0.2510	1	0.0956	2.2590	0.0239
a1_15	a2_31	0.3833	0.3546	-0.4646	0.1988	1	0.0348	2.0856	0.0370
a1_15	a2_6	0.5796	0.0496	-0.2479	0.0070	1	0.7274	16.5260	0.0000
a1_15	a2_7	0.4880	0.2312	-0.7323	0.1997	1	0.6093	3.9944	0.0001
a1_15	a2_8	0.4795	0.4235	-0.7358	0.1274	1	0.3308	2.7481	0.0060
a1_15	a2_9	0.6326	0.1616	-0.4907	0.0131	1	0.7990	6.9285	0.0000
a1_15	b1_0	0.2629	0.3240	-0.6348	0.0503	1	0.2418	2.7374	0.0062
a1_15	b1_1	0.4557	0.3564	-0.7049	0.0475	1	0.4415	3.2279	0.0012
a1_15	b1_10	0.3403	0.5191	-0.8620	0.1971	1	0.0917	2.1652	0.0304
a1_15	b1_11	0.2764	0.2755	-0.7235	0.0912	1	0.4196	3.4462	0.0006
a1_15	b1_15	0.2466	0.3457	-0.7660	0.1546	1	0.2553	2.6743	0.0075
a1_15	b1_16	0.3097	0.2493	-0.8406	0.2160	1	0.4904	3.4864	0.0005
a1_15	b1_17	0.3255	0.2671	-0.7867	0.2096	1	0.4332	3.2759	0.0011
a1_15	b1_18	0.4143	0.2902	-0.6647	0.0740	1	0.4801	3.6032	0.0003
a1_15	b1_19	0.4199	0.2544	-0.3838	0.1576	1	0.2053	2.6860	0.0072
a1_15	b1_2	0.4427	0.3397	-0.6672	0.0392	1	0.4259	3.2453	0.0012
a1_15	b1_8	0.3710	0.3679	-0.5726	0.0481	1	0.2015	2.5430	0.0110
a1_15	b1_9	0.3489	0.4462	-0.8570	0.1809	1	0.2428	2.5043	0.0123
a1_15	b2_14	0.3114	0.2738	-0.2430	0.0372	1	0.0019	2.0068	0.0448
a1_15	b2_17	0.3306	0.4036	-0.5151	0.0739	1	0.0252	2.0614	0.0393
a1_15	b2_21	0.2950	0.2629	-0.4278	0.0299	1	0.1936	2.7319	0.0063
a1_15	b2_24	0.0735	0.1710	-0.5034	0.0815	1	0.1980	3.0455	0.0023
a1_15	b2_3	0.0125	0.0882	-0.8151	0.2287	1	0.3374	3.3770	0.0007
a1_15	b2_5	-0.0527	0.2837	-0.7592	0.1693	1	0.0457	2.1384	0.0325
a1_15	b2_6	-0.1738	0.0628	-0.7820	0.2947	1	0.0056	2.0185	0.0435
a1_15	b2_7	0.0518	0.0944	-0.5085	0.0303	1	0.3621	5.6539	0.0000
a1_15	c2_5	0.2790	0.2618	-0.7481	0.2690	1	0.2765	2.7366	0.0062
a1_16	a1_21	0.5885	0.1936	-0.4652	0.3105	1	0.3219	2.8797	0.0040
a1_16	a1_22	0.5258	0.1648	-0.6782	0.1176	1	0.7991	5.9470	0.0000
a1_16	a1_23	0.4125	0.1893	-0.8192	0.0261	1	0.8496	6.4461	0.0000
a1_16	a1_24	0.3465	0.1774	-0.8861	0.0252	1	0.8742	6.8781	0.0000
a1_16	a1_25	0.3072	0.1440	-0.8483	0.0271	1	0.8625	7.8867	0.0000
a1_16	a1_26	0.4071	0.2166	-0.8694	0.0086	1	0.8430	5.8889	0.0000
a1_16	a1_27	0.4118	0.1567	-0.8273	0.0135	1	0.9246	7.8792	0.0000
a1_16	a2_0	0.2255	0.4308	-0.8029	0.0072	1	0.1666	2.3866	0.0170
a1_16	a2_1	0.5584	0.1248	-0.3340	0.2109	1	0.4024	3.6420	0.0003
a1_16	a2_10	0.6200	0.1340	-0.3554	0.2652	1	0.3811	3.2824	0.0010
a1_16	a2_11	0.4984	0.2197	-0.1864	0.1273	1	0.1770	2.6971	0.0070
a1_16	a2_12	0.4722	0.2317	-0.2003	0.0130	1	0.2084	2.8984	0.0038
a1_16	a2_16	0.6875	0.0851	-0.2256	0.3478	1	0.1969	2.5500	0.0108
a1_16	a2_17	0.4941	0.1669	-0.8572	0.1128	1	0.9483	6.7069	0.0000
a1_16	a2_18	0.4434	0.2551	-0.9030	0.1200	1	0.7824	4.7750	0.0000
a1_16	a2_19	0.5850	0.2067	-0.7109	0.1532	1	0.7813	5.0364	0.0000
a1_16	a2_22	0.6120	0.0600	0.2011	0.1383	1	0.1094	2.7256	0.0064
a1_16	a2_24	0.5621	0.3212	-0.2582	0.0084	1	0.1776	2.5527	0.0107
a1_16	a2_25	0.4732	0.2746	-0.4938	0.1693	1	0.3217	2.9972	0.0027
a1_16	a2_26	0.4029	0.1951	-0.6298	0.1584	1	0.5300	4.1091	0.0000
a1_16	a2_27	0.3194	0.3556	-0.7338	0.1069	1	0.3105	2.8363	0.0046
a1_16	a2_28	0.3129	0.3679	-0.6872	0.1372	1	0.2147	2.5467	0.0109
a1_16	a2_31	0.4715	0.2922	-0.3829	0.2921	1	0.0281	2.0681	0.0386
a1_16	a2_6	0.6736	0.1526	-0.3538	0.2354	1	0.4664	3.6627	0.0002
a1_16	a2_7	0.5474	0.1812	-0.8449	0.0289	1	1.0253	7.5885	0.0000
a1_16	a2_8	0.5056	0.2952	-0.8109	0.0405	1	0.7207	4.4188	0.0000
a1_16	a2_9	0.6410	0.1050	-0.5697	0.2017	1	0.7559	5.3243	0.0000
a1_16	b1_0	0.2329	0.2082	-0.7026	0.1152	1	0.4597	3.9323	0.0001
a1_16	b1_1	0.4849	0.1981	-0.7538	0.0824	1	0.8095	5.7727	0.0000
a1_16	b1_10	0.3642	0.4084	-0.8876	0.1531	1	0.3795	2.8700	0.0041
a1_16	b1_11	0.3734	0.2562	-0.7335	0.1037	1	0.5541	4.0047	0.0001
a1_16	b1_12	0.3936	0.2331	-0.1986	0.0974	1	0.0869	2.3441	0.0191
a1_16	b1_14	0.3683	0.2818	-0.3980	0.0715	1	0.1849	2.6361	0.0084
a1_16	b1_15	0.2912	0.2308	-0.7708	0.1725	1	0.4857	3.6858	0.0002
a1_16	b1_16	0.3141	0.2482	-0.8754	0.1655	1	0.5928	3.9869	0.0001
a1_16	b1_17	0.3629	0.3009	-0.8353	0.1464	1	0.5290	3.5811	0.0003
a1_16	b1_18	0.4226	0.2408	-0.6800	0.0830	1	0.5932	4.3294	0.0000
a1_16	b1_19	0.4505	0.1769	-0.3746	0.0968	1	0.4217	4.0908	0.0000
a1_16	b1_2	0.5567	0.2748	-0.6997	0.0148	1	0.7059	4.5652	0.0000
a1_16	b1_8	0.4948	0.3233	-0.5773	0.0330	1	0.4221	3.2987	0.0010
a1_16	b1_9	0.3926	0.3557	-0.8933	0.1024	1	0.5456	3.4738	0.0005
a1_16	b2_12	0.2115	0.1219	-0.2051	0.0866	1	0.1175	2.7854	0.0053
a1_16	b2_14	0.2854	0.1574	-0.2281	0.0466	1	0.1851	3.1273	0.0018
a1_16	b2_17	0.5104	0.2991	-0.5874	0.0082	1	0.4995	3.6695	0.0002
a1_16	b2_21	0.5459	0.2123	-0.4835	0.0738	1	0.5800	4.5812	0.0000
a1_16	b2_22	0.2196	0.1844	-0.6839	0.1593	1	0.4162	3.7079	0.0002
a1_16	b2_23	0.2027	0.0819	-0.7112	0.2125	1	0.4584	4.0131	0.0001
a1_16	b2_24	0.2551	0.2041	-0.4702	0.1812	1	0.1794	2.6571	0.0079
a1_16	b2_3	0.2241	0.1061	-0.8418	0.1684	1	0.6678	5.3558	0.0000
a1_16	b2_4	0.3001	0.3426	-0.8835	0.0103	1	0.4981	3.4532	0.0006
a1_16	b2_5	0.1457	0.2802	-0.8024	0.0626	1	0.3738	3.3017	0.0010
a1_16	b2_6	0.0684	0.0724	-0.7860	0.2894	1	0.2577	2.8637	0.0042
a1_16	b2_7	0.2592	0.0412	-0.5199	0.0347	1	0.6713	14.4554	0.0000
a1_16	c2_4	0.5318	0.2340	-0.3350	0.3195	1	0.0747	2.1886	0.0286
a1_16	c2_5	0.3456	0.2496	-0.7455	0.2485	1	0.3866	3.0976	0.0020
a1_17	a1_21	0.7478	0.0853	0.0183	0.1442	1	0.3945	4.3550	0.0000
a1_17	a1_22	0.6922	0.0734	-0.2256	0.0501	1	0.7402	10.3308	0.0000
a1_17	a1_23	0.5619	0.0845	-0.4003	0.1897	1	0.5468	4.6328	0.0000
a1_17	a1_24	0.4956	0.0484	-0.5396	0.2130	1	0.5983	4.7391	0.0000
a1_17	a1_25	0.4847	0.0750	-0.4485	0.1787	1	0.5454	4.8138	0.0000
a1_17	a1_26	0.4942	0.0394	-0.5033	0.1688	1	0.6508	5.7537	0.0000
a1_17	a1_27	0.4605	0.0879	-0.4305	0.2179	1	0.4211	3.7927	0.0001
a1_17	a2_10	0.6347	0.1678	0.0661	0.2257	1	0.0060	2.0215	0.0432
a1_17	a2_17	0.5224	0.1227	-0.7493	0.3314	1	0.5649	3.5986	0.0003
a1_17	a2_18	0.5048	0.0860	-0.7279	0.2966	1	0.6151	3.9920	0.0001
a1_17	a2_19	0.5742	0.2174	-0.2757	0.0329	1	0.4101	3.8650	0.0001
a1_17	a2_26	0.4363	0.2456	-0.1486	0.0307	1	0.0899	2.3632	0.0181
a1_17	a2_27	0.4257	0.3136	-0.2855	0.0760	1	0.0659	2.2043	0.0275
a1_17	a2_31	0.3322	0.2377	-0.2858	0.1298	1	0.0763	2.2818	0.0225
a1_17	a2_7	0.5497	0.1599	-0.4840	0.1406	1	0.6077	4.8536	0.0000
a1_17	a2_8	0.5886	0.1216	-0.4100	0.1347	1	0.6356	5.5027	0.0000
a1_17	a2_9	0.6738	0.0997	-0.1424	0.1275	1	0.4926	5.0435	0.0000
a1_17	b1_0	0.4157	0.2854	-0.2441	0.0681	1	0.0731	2.2492	0.0245
a1_17	b1_1	0.6171	0.0974	-0.3333	0.0700	1	0.7104	7.9226	0.0000
a1_17	b1_10	0.4030	0.2665	-0.7241	0.3184	1	0.2967	2.7146	0.0066
a1_17	b1_11	0.4934	0.1859	-0.7437	0.3352	1	0.4706	3.2277	0.0012
a1_17	b1_12	0.5027	0.0948	-0.4605	0.1082	1	0.6754	6.6936	0.0000
a1_17	b1_13	0.3373	0.1345	-0.4498	0.0872	1	0.4666	4.9103	0.0000
a1_17	b1_14	0.4233	0.2465	-0.6301	0.1921	1	0.4285	3.3712	0.0007
a1_17	b1_15	0.4004	0.1319	-0.7757	0.3535	1	0.4215	3.1172	0.0018
a1_17	b1_16	0.4730	0.1415	-0.7771	0.3253	1	0.5406	3.5241	0.0004
a1_17	b1_17	0.5014	0.1900	-0.8271	0.2779	1	0.6553	3.9466	0.0001
a1_17	b1_18	0.5103	0.1141	-0.7498	0.3106	1	0.5984	3.8087	0.0001
a1_17	b1_19	0.5305	0.1484	-0.5830	0.1658	1	0.6686	5.0054	0.0000
a1_17	b1_2	0.6068	0.1980	-0.5791	0.2016	1	0.6206	4.1959	0.0000
a1_17	b1_20	0.5410	0.3012	-0.2321	0.1170	1	0.1267	2.3921	0.0168
a1_17	b1_3	0.5145	0.1573	-0.2405	0.1194	1	0.3600	3.8233	0.0001
a1_17	b1_4	0.3221	0.1516	-0.2366	0.0983	1	0.1973	3.0916	0.0020
a1_17	b1_6	0.3808	0.0979	-0.1092	0.0776	1	0.2400	3.9208	0.0001
a1_17	b1_7	0.4469	0.2119	-0.3304	0.0196	1	0.3516	3.6523	0.0003
a1_17	b1_8	0.5635	0.2377	-0.6452	0.2734	1	0.4841	3.3363	0.0008
a1_17	b1_9	0.4907	0.1988	-0.6297	0.2648	1	0.4582	3.3835	0.0007
a1_17	b2_12	0.2754	0.1156	-0.4391	0.1548	1	0.3282	3.6991	0.0002
a1_17	b2_13	0.3894	0.1809	-0.3224	0.2823	1	0.0412	2.1228	0.0338
a1_17	b2_14	0.4005	0.1839	-0.4614	0.2561	1	0.2314	2.7339	0.0063
a1_17	b2_17	0.4266	0.4129	-0.6816	0.2647	1	0.1273	2.2595	0.0239
a1_17	b2_21	0.5234	0.2461	-0.6499	0.1618	1	0.5842	3.9835	0.0001
a1_17	b2_22	0.3953	0.2396	-0.7648	0.3195	1	0.3614	2.9048	0.0037
a1_17	b2_23	0.3865	0.0523	-0.6970	0.4685	1	0.1407	2.2985	0.0215
a1_17	b2_24	0.4389	0.2145	-0.6186	0.3559	1	0.2264	2.5448	0.0109
a1_17	b2_25	0.3970	0.3428	-0.3932	0.1897	1	0.0067	2.0171	0.0437
a1_17	b2_26	0.2789	0.2448	-0.2628	0.0304	1	0.0484	2.1960	0.0281
a1_17	b2_3	0.4138	0.1416	-0.6421	0.2402	1	0.4982	3.7866	0.0002
a1_17	b2_4	0.3463	0.2056	-0.5288	0.2339	1	0.2523	2.8101	0.0050
a1_17	b2_5	0.3173	0.2174	-0.4695	0.1814	1	0.2204	2.7784	0.0055
a1_17	b2_6	0.2493	0.1349	-0.6945	0.3499	1	0.1938	2.5167	0.0118
a1_17	b2_7	0.3952	0.0838	-0.6608	0.2158	1	0.5931	4.5624	0.0000
a1_17	c2_4	0.6570	0.1502	-0.1574	0.1986	1	0.3164	3.2708	0.0011
a1_17	c2_5	0.4770	0.2188	-0.5399	0.2117	1	0.4081	3.3405	0.0008
a1_18	a1_21	0.7177	0.1216	0.3317	0.1240	1	0.0387	2.2229	0.0262
a1_18	a2_9	0.6378	0.0581	0.1890	0.1537	1	0.1201	2.7307	0.0063
a1_18	b1_12	0.5341	0.1825	-0.4286	0.3876	1	0.1059	2.2473	0.0246
a1_18	b1_24	0.6191	0.1643	0.1208	0.1265	1	0.0836	2.4031	0.0163
a1_18	b1_25	0.6139	0.1063	0.0798	0.1516	1	0.1637	2.8840	0.0039
a1_18	b1_3	0.5315	0.1929	-0.2021	0.2397	1	0.1183	2.3845	0.0171
a1_18	b1_4	0.2918	0.0646	-0.2865	0.1070	1	0.3283	4.6260	0.0000
a1_18	b2_20	0.5232	0.1289	0.1610	0.0084	1	0.1039	2.8048	0.0050
a1_18	c2_6	0.3033	0.2374	-0.5709	0.1024	1	0.3570	3.3808	0.0007
a1_19	b1_24	0.5610	0.1883	-0.0203	0.0261	1	0.2012	3.0587	0.0022
a1_19	b1_25	0.5174	0.0430	-0.0250	0.0484	1	0.4130	8.3780	0.0000
a1_19	b1_26	0.4799	0.1250	0.0034	0.1144	1	0.1376	2.8121	0.0049
a1_19	c2_3	0.7527	0.1449	0.4311	0.0120	1	0.0308	2.2117	0.0270
a1_19	c2_6	0.3553	0.2656	-0.3934	0.1612	1	0.1274	2.4100	0.0160
a1_2	a1_9	0.7537	0.1249	0.4715	0.0069	1	0.0320	2.2560	0.0241
a1_2	a2_10	0.8609	0.0222	0.5625	0.0730	1	0.1459	3.9135	0.0001
a1_2	a2_16	0.8794	0.0795	0.6108	0.0807	1	0.0420	2.3709	0.0177
a1_2	a2_25	0.7734	0.0800	0.4738	0.0923	1	0.0553	2.4529	0.0142
a1_2	c2_2	0.7592	0.1387	0.2255	0.1143	1	0.1743	2.9697	0.0030
a1_2	c2_6	0.5621	0.1687	-0.0207	0.2030	1	0.0549	2.2079	0.0273
a1_20	a1_20	0.9706	0.0133	0.9314	0.0104	1	0.0055	2.3240	0.0201
a1_20	b1_27	0.2203	0.1872	-0.3020	0.0771	1	0.1174	2.5802	0.0099
a1_20	b1_28	0.2608	0.2424	-0.4013	0.1305	1	0.1115	2.4050	0.0162
a1_20	c2_2	0.7225	0.0846	0.0400	0.1350	1	0.3638	4.2830	0.0000
a1_21	a2_32	0.1693	0.1662	0.6253	0.0260	1	-0.1196	-2.7114	0.0067
a1_21	b1_28	0.1223	0.3519	-0.6660	0.1606	1	0.0147	2.0379	0.0416
a1_21	c2_1	0.4717	0.1694	-0.4944	0.0519	1	0.6117	5.4521	0.0000
a1_21	c2_2	0.6314	0.0641	-0.2864	0.4390	1	0.0306	2.0689	0.0386
a1_22	a2_19	0.7477	0.0341	0.9293	0.0265	1	-0.0952	-4.2045	0.0000
a1_22	a2_27	0.6495	0.0847	0.9519	0.0665	1	-0.0870	-2.8079	0.0050
a1_22	a2_32	0.1302	0.0847	0.7163	0.0435	1	-0.3958	-6.1579	0.0000
a1_22	a2_7	0.7839	0.0451	0.8919	0.0249	1	-0.0051	-2.0983	0.0359
a1_22	b1_1	0.9215	0.0203	0.9819	0.0071	1	-0.0175	-2.8152	0.0049
a1_22	b1_28	0.1368	0.3567	-0.7903	0.2647	1	0.0387	2.0871	0.0369
a1_22	b2_4	0.3358	0.1947	0.8474	0.0155	1	-0.1208	-2.6186	0.0088
a1_22	c2_1	0.4544	0.1663	-0.6781	0.1315	1	0.7086	5.3430	0.0000
a1_23	a2_19	0.7357	0.0426	0.9205	0.0088	1	-0.0977	-4.2475	0.0000
a1_23	a2_27	0.6619	0.0894	0.9467	0.0521	1	-0.0780	-2.7548	0.0059
a1_23	a2_32	0.1030	0.1427	0.7328	0.0486	1	-0.3283	-4.1778	0.0000
a1_23	a2_7	0.7925	0.0379	0.9417	0.0471	1	-0.0282	-2.4673	0.0136
a1_23	a2_8	0.8787	0.0401	0.9780	0.0254	1	-0.0044	-2.0925	0.0364
a1_23	c2_1	0.3328	0.2336	-0.7794	0.2196	1	0.4710	3.4688	0.0005
a1_24	a2_32	0.1921	0.1108	0.7373	0.0243	1	-0.3183	-4.8050	0.0000
a1_24	a2_7	0.7600	0.0488	0.9478	0.0320	1	-0.0711	-3.2201	0.0013
a1_24	b2_13	0.4770	0.2758	-0.2171	0.1727	1	0.0434	2.1333	0.0329
a1_24	b2_25	0.5730	0.2119	-0.1400	0.2668	1	0.0315	2.0925	0.0364
a1_24	c2_1	0.2595	0.2449	-0.8166	0.2623	1	0.3584	2.9989	0.0027
a1_25	a2_0	0.6367	0.0938	0.9284	0.1111	1	-0.0011	-2.0073	0.0447
a1_25	a2_19	0.6554	0.0688	0.9246	0.0200	1	-0.1259	-3.7576	0.0002
a1_25	a2_32	0.1787	0.0237	0.7249	0.0568	1	-0.4232	-8.8767	0.0000
a1_25	a2_7	0.7235	0.0652	0.9536	0.0306	1	-0.0861	-3.1952	0.0014
a1_25	a2_9	0.7224	0.0550	0.8797	0.0271	1	-0.0346	-2.5649	0.0103
a1_25	b2_13	0.4280	0.1752	-0.2933	0.2661	1	0.0841	2.2639	0.0236
a1_25	c2_1	0.1849	0.3251	-0.8124	0.1971	1	0.2370	2.6234	0.0087
a1_26	a2_0	0.6576	0.0890	0.9406	0.0840	1	-0.0382	-2.3121	0.0208
a1_26	a2_19	0.7171	0.0690	0.9169	0.0341	1	-0.0457	-2.5942	0.0095
a1_26	a2_27	0.6056	0.1617	0.9398	0.0174	1	-0.0089	-2.0546	0.0399
a1_26	a2_28	0.6763	0.0650	0.9011	0.0335	1	-0.0785	-3.0737	0.0021
a1_26	a2_32	0.0271	0.1541	0.7196	0.0615	1	-0.3606	-4.1730	0.0000
a1_26	a2_7	0.7850	0.0854	0.9629	0.0171	1	-0.0038	-2.0435	0.0410
a1_26	b1_1	0.8961	0.0342	0.9669	0.0067	1	-0.0011	-2.0316	0.0422
a1_26	b2_4	0.2088	0.2771	0.9395	0.0534	1	-0.1662	-2.5890	0.0096
a1_26	c2_1	0.2959	0.3543	-0.8317	0.1997	1	0.3141	2.7723	0.0056
a1_27	a2_1	0.5695	0.0259	0.6937	0.0466	1	-0.0177	-2.3318	0.0197
a1_27	a2_19	0.8310	0.0244	0.9171	0.0096	1	-0.0338	-3.2889	0.0010
a1_27	a2_32	0.1165	0.1995	0.6677	0.1654	1	-0.0330	-2.1274	0.0334
a1_27	b1_28	0.1742	0.2465	-0.8409	0.2634	1	0.2936	2.8138	0.0049
a1_27	b2_22	0.1348	0.0552	0.3849	0.0906	1	-0.0379	-2.3573	0.0184
a1_27	b2_4	0.2543	0.1883	0.8859	0.1332	1	-0.1703	-2.7384	0.0062
a1_27	c2_1	0.3284	0.2968	-0.8429	0.1456	1	0.5102	3.5433	0.0004
a1_3	a1_12	0.6107	0.0404	0.1585	0.0574	1	0.3119	6.4460	0.0000
a1_3	a1_15	0.5364	0.2708	-0.4808	0.1607	1	0.3872	3.2295	0.0012
a1_3	a1_16	0.5442	0.1527	-0.5149	0.2768	1	0.4268	3.3499	0.0008
a1_3	a1_17	0.6645	0.0496	-0.0218	0.1036	1	0.4565	5.9726	0.0000
a1_3	a2_16	0.7303	0.0285	0.8724	0.0538	1	-0.0203	-2.3329	0.0197
a1_3	a2_19	0.7027	0.0623	0.9047	0.0300	1	-0.0637	-2.9203	0.0035
a1_3	a2_32	0.1267	0.1025	0.6291	0.0557	1	-0.2693	-4.3091	0.0000
a1_3	a2_9	0.8404	0.0221	0.9680	0.0351	1	-0.0448	-3.0809	0.0021
a1_3	b2_13	0.4408	0.2239	-0.6103	0.4697	1	0.0104	2.0199	0.0434
a1_3	c2_1	0.3751	0.2392	-0.5659	0.0599	1	0.4478	3.8160	0.0001
a1_3	c2_2	0.5855	0.0530	-0.3470	0.4486	1	0.0291	2.0644	0.0390
a1_4	a1_11	0.3979	0.0960	0.6442	0.0655	1	-0.0138	-2.1184	0.0341
a1_4	a1_12	0.5256	0.0647	0.3149	0.0611	1	0.0327	2.3680	0.0179
a1_4	a1_15	0.4508	0.1862	-0.3949	0.1799	1	0.3280	3.2669	0.0011
a1_4	a1_16	0.4373	0.0554	-0.4435	0.3227	1	0.2260	2.6902	0.0071
a1_4	a1_17	0.5643	0.1239	0.1101	0.0507	1	0.1865	3.3938	0.0007
a1_4	a2_26	0.7639	0.0632	0.9425	0.0024	1	-0.0520	-2.8227	0.0048
a1_4	a2_27	0.7538	0.0571	0.8843	0.0074	1	-0.0153	-2.2664	0.0234
a1_4	b2_13	0.3069	0.2628	-0.6933	0.3934	1	0.0540	2.1141	0.0345
a1_4	c2_1	0.2482	0.2343	-0.5517	0.1916	1	0.1945	2.6426	0.0082
a1_4	c2_2	0.4497	0.1671	-0.3854	0.2332	1	0.2613	2.9106	0.0036
a1_5	a1_9	0.6541	0.0195	0.3862	0.1070	1	0.0504	2.4633	0.0138
a1_5	a2_1	0.4059	0.0462	0.7729	0.1501	1	-0.0528	-2.3361	0.0195
a1_5	a2_20	0.5253	0.0394	0.9124	0.1122	1	-0.1492	-3.2553	0.0011
a1_5	a2_32	-0.0336	0.1993	0.3852	0.0448	1	-0.0103	-2.0503	0.0403
a1_5	b2_13	0.4717	0.3037	-0.7059	0.4762	1	0.0481	2.0852	0.0371
a1_5	b2_14	0.4769	0.0674	-0.6712	0.5167	1	0.1060	2.2034	0.0276
a1_5	c2_2	0.5695	0.0674	-0.1129	0.0987	1	0.4434	5.7102	0.0000
a1_6	a2_1	0.6511	0.1800	0.1844	0.1480	1	0.0006	2.0028	0.0452
a1_6	a2_10	0.8403	0.0445	0.2275	0.1659	1	0.2692	3.5672	0.0004
a1_6	a2_11	0.6954	0.2057	0.1774	0.0665	1	0.0858	2.3968	0.0165
a1_6	a2_16	0.8591	0.0607	0.3519	0.1313	1	0.2180	3.5070	0.0005
a1_6	a2_20	0.8063	0.1030	0.4500	0.0149	1	0.1483	3.4249	0.0006
a1_6	a2_24	0.7334	0.2429	0.1005	0.0463	1	0.1384	2.5596	0.0105
a1_6	a2_25	0.7371	0.2031	0.0812	0.2403	1	0.0266	2.0844	0.0371
a1_6	a2_6	0.7675	0.1396	0.1811	0.1290	1	0.2063	3.0856	0.0020
a1_6	b1_25	0.7243	0.0744	0.3680	0.0184	1	0.2029	4.6463	0.0000
a1_6	b1_26	0.6738	0.0902	0.4017	0.0938	1	0.0119	2.0914	0.0365
a1_7	a1_10	0.5075	0.2469	-0.2944	0.2041	1	0.1612	2.5033	0.0123
a1_7	a1_11	0.4793	0.3192	-0.3376	0.1790	1	0.0848	2.2318	0.0256
a1_7	a1_18	0.5446	0.1329	0.0788	0.0868	1	0.1483	2.9344	0.0033
a1_7	a1_19	0.5814	0.1370	0.0142	0.1726	1	0.1265	2.5742	0.0100
a1_7	a1_9	0.7876	0.1640	0.4186	0.0255	1	0.0371	2.2235	0.0262
a1_7	a2_10	0.6401	0.2349	-0.5710	0.4684	1	0.1630	2.3110	0.0208
a1_7	a2_11	0.5135	0.1207	-0.5774	0.3792	1	0.2951	2.7415	0.0061
a1_7	a2_12	0.4267	0.0858	-0.5977	0.4128	1	0.1812	2.4296	0.0151
a1_7	a2_13	0.3292	0.1819	-0.5224	0.2783	1	0.1866	2.5612	0.0104
a1_7	a2_14	0.1859	0.3147	-0.4526	0.0384	1	0.0044	2.0139	0.0440
a1_7	a2_15	0.4328	0.1369	-0.2934	0.0568	1	0.4296	4.8976	0.0000
a1_7	a2_16	0.7800	0.1122	-0.4203	0.5142	1	0.1476	2.2805	0.0226
a1_7	a2_2	0.6834	0.1096	0.2056	0.1183	1	0.1554	2.9639	0.0030
a1_7	a2_20	0.7443	0.2118	-0.3870	0.4035	1	0.2199	2.4826	0.0130
a1_7	a2_21	0.6419	0.2589	-0.2390	0.3030	1	0.0839	2.2104	0.0271
a1_7	a2_25	0.5340	0.2561	-0.6384	0.4803	1	0.0837	2.1538	0.0313
a1_7	a2_29	0.4589	0.1966	-0.6571	0.5140	1	0.0154	2.0279	0.0426
a1_7	a2_3	0.4040	0.2478	-0.2331	0.1030	1	0.1005	2.3747	0.0176
a1_7	a2_4	0.5377	0.2575	-0.0918	0.0899	1	0.0840	2.3080	0.0210
a1_7	a2_5	0.6880	0.1526	-0.1388	0.3166	1	0.1240	2.3527	0.0186
a1_7	a2_6	0.6924	0.1134	-0.5700	0.4404	1	0.3529	2.7760	0.0055
a1_7	b1_20	0.5517	0.0102	0.8380	0.0411	1	-0.2017	-6.7625	0.0000
a1_7	b1_21	0.5182	0.1842	0.9025	0.0189	1	-0.0140	-2.0759	0.0379
a1_7	b1_25	0.6948	0.0700	0.9201	0.0607	1	-0.0400	-2.4319	0.0150
a1_7	b1_26	0.7011	0.0367	0.9180	0.0493	1	-0.0940	-3.5293	0.0004
a1_7	c2_3	0.7351	0.0232	0.8179	0.0234	1	-0.0168	-2.5090	0.0121
a1_8	a2_15	0.4538	0.2300	-0.0301	0.0560	1	0.0104	2.0441	0.0409
a1_8	a2_23	0.6392	0.0117	-0.3383	0.2970	1	0.3831	3.2889	0.0010
a1_8	a2_4	0.5896	0.2185	0.0758	0.0658	1	0.0574	2.2516	0.0243
a1_8	a2_5	0.6780	0.1738	0.0647	0.2259	1	0.0431	2.1514	0.0314
a1_8	a2_6	0.6333	0.2008	-0.3436	0.4397	1	0.0101	2.0209	0.0433
a1_8	b1_5	0.4525	0.0489	0.7086	0.0619	1	-0.0982	-3.2441	0.0012
a1_9	a1_20	0.7046	0.0485	0.4727	0.0742	1	0.0547	2.6171	0.0089
a1_9	a2_1	0.6577	0.2696	0.0206	0.0393	1	0.0921	2.3379	0.0194
a1_9	a2_10	0.7305	0.1021	0.0634	0.0668	1	0.4231	5.4683	0.0000
a1_9	a2_11	0.6243	0.2031	0.0397	0.1268	1	0.1056	2.4408	0.0147
a1_9	a2_12	0.5692	0.2136	-0.0394	0.1259	1	0.1128	2.4548	0.0141
a1_9	a2_16	0.8349	0.0759	0.2393	0.0978	1	0.3480	4.8104	0.0000
a1_9	a2_20	0.8442	0.1127	0.3129	0.0867	1	0.2470	3.7378	0.0002
a1_9	a2_23	0.7460	0.0492	0.0119	0.2682	1	0.1888	2.6923	0.0071
a1_9	a2_24	0.6863	0.2705	-0.0564	0.0395	1	0.1960	2.7168	0.0066
a1_9	a2_25	0.6150	0.2290	-0.1030	0.1198	1	0.2012	2.7786	0.0055
a1_9	a2_6	0.7717	0.1712	0.0381	0.0628	1	0.3690	4.0244	0.0001
a1_9	a2_9	0.7426	0.0788	-0.0371	0.3378	1	0.0859	2.2475	0.0246
a1_9	b1_25	0.7614	0.0099	0.4118	0.1076	1	0.1336	3.2364	0.0012
a1_9	b1_4	0.4674	0.1270	0.0699	0.1372	1	0.0235	2.1257	0.0335
a1_9	b2_10	0.4865	0.1536	0.1313	0.0308	1	0.0419	2.2678	0.0233
a1_9	b2_18	0.7388	0.2392	0.2262	0.0082	1	0.0340	2.1419	0.0322
a2_0	b1_0	0.3739	0.2684	0.9290	0.0559	1	-0.0068	-2.0250	0.0429
a2_0	b1_11	0.6806	0.0602	0.3786	0.0990	1	0.0703	2.6066	0.0091
a2_0	b1_14	0.6248	0.0810	-0.0296	0.2309	1	0.1650	2.6744	0.0075
a2_0	b1_21	0.6693	0.0875	-0.5056	0.5596	1	0.0421	2.0743	0.0380
a2_0	b1_22	0.7046	0.0967	-0.5284	0.5788	1	0.0592	2.1009	0.0356
a2_0	b1_23	0.6951	0.1378	-0.5848	0.5642	1	0.1184	2.2038	0.0275
a2_0	b1_28	0.1126	0.2955	-0.7987	0.3324	1	0.0218	2.0489	0.0405
a2_0	b2_4	0.3456	0.0647	0.8531	0.1725	1	-0.1390	-2.7544	0.0059
a2_0	c2_1	0.2617	0.0810	-0.8436	0.1061	1	0.8383	8.2808	0.0000
a2_1	a2_27	0.3899	0.1240	0.7442	0.1160	1	-0.0146	-2.0862	0.0370
a2_1	a2_28	0.5008	0.1193	0.8019	0.0776	1	-0.0166	-2.1164	0.0343
a2_1	a2_9	0.5297	0.1008	0.8528	0.0832	1	-0.0615	-2.4706	0.0135
a2_1	b1_26	0.6732	0.1800	-0.4461	0.5199	1	0.0189	2.0343	0.0419
a2_1	b1_28	0.4404	0.0864	-0.5416	0.2439	1	0.4645	3.7948	0.0001
a2_1	b2_31	0.3073	0.1840	-0.6254	0.4111	1	0.0319	2.0709	0.0384
a2_1	c2_1	0.5851	0.1136	-0.4153	0.0555	1	0.7475	7.9112	0.0000
a2_1	c2_2	0.6089	0.1699	-0.2893	0.2991	1	0.2102	2.6109	0.0090
a2_10	a2_18	0.7543	0.1022	0.2986	0.2031	1	0.0010	2.0042	0.0450
a2_10	b1_11	0.6225	0.0266	-0.1504	0.3747	1	0.0217	2.0577	0.0396
a2_10	b1_14	0.5350	0.0421	-0.5222	0.4330	1	0.1871	2.4302	0.0151
a2_10	b1_15	0.5040	0.0967	-0.1175	0.2761	1	0.0363	2.1240	0.0337
a2_10	b1_2	0.8060	0.0630	0.1477	0.2635	1	0.1165	2.4301	0.0151
a2_10	b1_20	0.6978	0.1053	-0.6539	0.5606	1	0.2108	2.3696	0.0178
a2_10	b1_21	0.6192	0.0675	-0.6631	0.5360	1	0.2018	2.3736	0.0176
a2_10	b1_22	0.6052	0.1204	-0.6721	0.4994	1	0.2499	2.4865	0.0129
a2_10	b1_23	0.5531	0.1067	-0.7127	0.3920	1	0.4533	3.1158	0.0018
a2_10	b1_24	0.4031	0.4169	-0.6745	0.2825	1	0.0703	2.1396	0.0324
a2_10	b1_25	0.4714	0.0814	-0.6475	0.3519	1	0.3966	3.0981	0.0019
a2_10	b1_26	0.5029	0.1085	-0.6319	0.2684	1	0.5557	3.9194	0.0001
a2_10	b1_27	0.2296	0.2289	-0.6113	0.1893	1	0.2468	2.8309	0.0046
a2_10	b1_3	0.6630	0.0417	-0.6585	0.5775	1	0.1635	2.2823	0.0225
a2_10	b1_8	0.6754	0.0851	-0.3035	0.4473	1	0.0683	2.1501	0.0315
a2_10	b1_9	0.7668	0.1226	0.4634	0.0741	1	0.0169	2.1181	0.0342
a2_10	b2_12	0.2699	0.1414	-0.6794	0.4379	1	0.0290	2.0629	0.0391
a2_10	b2_14	0.3153	0.1971	-0.6800	0.3561	1	0.1814	2.4456	0.0145
a2_10	b2_29	0.0803	0.1444	-0.7345	0.3594	1	0.0402	2.1037	0.0354
a2_10	c2_1	0.4614	0.1167	-0.5114	0.2107	1	0.4910	4.0383	0.0001
a2_10	c2_2	0.6278	0.0836	-0.4351	0.0677	1	0.8478	9.8839	0.0000
a2_10	c2_3	0.7004	0.0944	-0.2617	0.3877	1	0.1640	2.4110	0.0159
a2_10	c2_4	0.7763	0.0663	0.3128	0.1465	1	0.1420	2.8828	0.0039
a2_11	a2_21	0.7147	0.0575	0.8497	0.0129	1	-0.0172	-2.2913	0.0219
a2_11	b1_2	0.6189	0.0967	0.0295	0.1739	1	0.1913	2.9612	0.0031
a2_11	b1_22	0.5932	0.1652	-0.6108	0.5622	1	0.0320	2.0545	0.0399
a2_11	b1_23	0.6002	0.0924	-0.6727	0.4036	1	0.4448	3.0745	0.0021
a2_11	b1_25	0.4432	0.2627	-0.5931	0.3597	1	0.1456	2.3269	0.0200
a2_11	b1_26	0.5114	0.1704	-0.5727	0.2695	1	0.4464	3.3999	0.0007
a2_11	b1_27	0.3522	0.2460	-0.4750	0.3123	1	0.0321	2.0808	0.0375
a2_11	b1_28	0.2986	0.2922	-0.5659	0.1460	1	0.2112	2.6464	0.0081
a2_11	b1_3	0.5724	0.0834	-0.6806	0.5279	1	0.1841	2.3445	0.0191
a2_11	b1_8	0.4884	0.0656	-0.4051	0.3782	1	0.1259	2.3280	0.0199
a2_11	b2_12	0.2457	0.1038	-0.7473	0.3704	1	0.2238	2.5819	0.0098
a2_11	b2_13	0.1214	0.3384	-0.8098	0.2756	1	0.0583	2.1336	0.0329
a2_11	b2_14	0.2594	0.1526	-0.7462	0.3063	1	0.3213	2.9389	0.0033
a2_11	b2_25	0.1905	0.2513	-0.7577	0.3504	1	0.0859	2.1991	0.0279
a2_11	c2_1	0.4625	0.0283	-0.3900	0.1484	1	0.5504	5.6441	0.0000
a2_11	c2_2	0.4775	0.1628	-0.3548	0.0668	1	0.4802	4.7281	0.0000
a2_11	c2_3	0.5021	0.2132	-0.2382	0.2914	1	0.0183	2.0507	0.0403
a2_12	a2_17	0.4897	0.0150	0.0597	0.1930	1	0.0429	2.2215	0.0263
a2_12	a2_21	0.6477	0.0476	0.8289	0.0308	1	-0.0679	-3.1982	0.0014
a2_12	b1_2	0.4865	0.1369	0.0547	0.1192	1	0.0687	2.3783	0.0174
a2_12	b1_23	0.4877	0.0198	-0.7121	0.3863	1	0.4261	3.1015	0.0019
a2_12	b1_25	0.3922	0.3057	-0.6387	0.3576	1	0.0900	2.1913	0.0284
a2_12	b1_26	0.4449	0.1328	-0.6057	0.3029	1	0.3891	3.1767	0.0015
a2_12	b1_28	0.2876	0.3349	-0.5845	0.2159	1	0.0753	2.1889	0.0286
a2_12	b1_3	0.4406	0.0743	-0.6968	0.5067	1	0.1131	2.2209	0.0264
a2_12	b1_8	0.3338	0.1491	-0.3801	0.3219	1	0.0044	2.0123	0.0442
a2_12	b2_12	0.1580	0.1352	-0.7290	0.3559	1	0.1255	2.3298	0.0198
a2_12	b2_14	0.1608	0.1020	-0.7199	0.2920	1	0.2621	2.8473	0.0044
a2_12	c2_1	0.4215	0.0318	-0.4027	0.0409	1	0.7206	15.9134	0.0000
a2_12	c2_2	0.4179	0.2126	-0.4090	0.0999	1	0.3571	3.5200	0.0004
a2_13	a2_16	0.4809	0.0516	0.8598	0.1571	1	-0.0480	-2.2903	0.0220
a2_13	a2_20	0.5429	0.0494	0.9144	0.1166	1	-0.1184	-2.9350	0.0033
a2_13	a2_21	0.6029	0.0476	0.8849	0.0761	1	-0.1024	-3.1412	0.0017
a2_13	b1_11	0.3687	0.1543	-0.3930	0.3386	1	0.0176	2.0472	0.0406
a2_13	b1_13	0.2657	0.1677	-0.7414	0.4269	1	0.0899	2.1960	0.0281
a2_13	b1_2	0.4951	0.1128	-0.0937	0.1762	1	0.1704	2.8144	0.0049
a2_13	b1_22	0.4796	0.2595	-0.5946	0.4539	1	0.0286	2.0547	0.0399
a2_13	b1_23	0.4048	0.1931	-0.6574	0.2661	1	0.4047	3.2309	0.0012
a2_13	b1_25	0.3027	0.1290	-0.5502	0.2207	1	0.3416	3.3363	0.0008
a2_13	b1_26	0.3526	0.0904	-0.5113	0.1387	1	0.5329	5.2191	0.0000
a2_13	b1_27	0.2449	0.2586	-0.4061	0.1749	1	0.0266	2.0851	0.0371
a2_13	b1_3	0.4041	0.1400	-0.6973	0.4251	1	0.2063	2.4610	0.0139
a2_13	b1_8	0.3739	0.1086	-0.5150	0.3683	1	0.1210	2.3151	0.0206
a2_13	b2_12	0.2888	0.2251	-0.8149	0.2986	1	0.3558	2.9515	0.0032
a2_13	b2_13	0.1291	0.2037	-0.8459	0.2433	1	0.3404	3.0727	0.0021
a2_13	b2_14	0.3097	0.2168	-0.8212	0.2534	1	0.4639	3.3913	0.0007
a2_13	b2_15	0.1965	0.1024	-0.5882	0.3235	1	0.1059	2.3120	0.0208
a2_13	b2_16	0.3102	0.1342	-0.5136	0.3520	1	0.0704	2.1868	0.0288
a2_13	b2_25	0.2244	0.1673	-0.8029	0.3090	1	0.3245	2.9235	0.0035
a2_13	b2_26	0.2354	0.1011	-0.7422	0.3888	1	0.1741	2.4333	0.0150
a2_13	b2_30	0.2393	0.1610	-0.5835	0.3770	1	0.0029	2.0072	0.0447
a2_13	c2_1	0.3467	0.1099	-0.2739	0.2559	1	0.0636	2.2284	0.0259
a2_13	c2_2	0.2904	0.0894	-0.2706	0.1022	1	0.2895	4.1320	0.0000
a2_13	c2_3	0.3685	0.1636	-0.1660	0.1330	1	0.1128	2.5350	0.0112
a2_13	c2_4	0.5893	0.1601	0.1731	0.1195	1	0.0166	2.0833	0.0372
a2_14	b1_10	0.1867	0.2225	-0.3381	0.0993	1	0.0375	2.1539	0.0312
a2_14	b1_11	0.1827	0.2280	-0.6339	0.2817	1	0.0919	2.2537	0.0242
a2_14	b1_13	0.1335	0.2981	-0.8121	0.2508	1	0.1665	2.4275	0.0152
a2_14	b1_14	0.1550	0.2328	-0.8063	0.2942	1	0.2110	2.5626	0.0104
a2_14	b1_15	0.1273	0.1981	-0.6149	0.2426	1	0.1158	2.3698	0.0178
a2_14	b1_19	0.1966	0.2691	-0.7756	0.3748	1	0.0494	2.1071	0.0351
a2_14	b1_2	0.2025	0.1234	-0.3400	0.1128	1	0.2081	3.2448	0.0012
a2_14	b1_20	0.1356	0.2275	-0.6654	0.2427	1	0.1357	2.4079	0.0160
a2_14	b1_21	0.1162	0.2414	-0.6197	0.1668	1	0.1490	2.5078	0.0121
a2_14	b1_22	0.1554	0.1714	-0.6062	0.1092	1	0.3552	3.7479	0.0002
a2_14	b1_23	0.0818	0.1156	-0.5476	0.0905	1	0.3358	4.2874	0.0000
a2_14	b1_25	0.1974	0.2211	-0.4471	0.0466	1	0.1926	2.8521	0.0043
a2_14	b1_26	0.2618	0.2858	-0.3975	0.1434	1	0.0197	2.0617	0.0392
a2_14	b1_3	0.2034	0.2171	-0.6856	0.2206	1	0.2701	2.8726	0.0041
a2_14	b1_7	0.0388	0.2516	-0.7478	0.2482	1	0.0797	2.2254	0.0261
a2_14	b1_8	0.1691	0.1301	-0.6892	0.2980	1	0.2080	2.6395	0.0083
a2_14	b2_11	0.3828	0.2581	-0.7055	0.3463	1	0.2245	2.5198	0.0117
a2_14	b2_12	0.3923	0.0867	-0.7424	0.3941	1	0.3278	2.8125	0.0049
a2_14	b2_14	0.3733	0.1540	-0.7096	0.4730	1	0.0879	2.1767	0.0295
a2_14	b2_15	0.3713	0.1996	-0.7038	0.3845	1	0.2087	2.4819	0.0131
a2_14	b2_16	0.5115	0.1408	-0.6828	0.3641	1	0.4135	3.0591	0.0022
a2_14	b2_17	0.4718	0.1330	-0.6799	0.4229	1	0.2651	2.5980	0.0094
a2_14	b2_18	0.2933	0.0668	-0.2266	0.1053	1	0.2704	4.1688	0.0000
a2_14	b2_20	0.3120	0.1425	-0.3469	0.1046	1	0.3055	3.7283	0.0002
a2_14	b2_21	0.3849	0.3536	-0.7398	0.3908	1	0.0706	2.1340	0.0328
a2_14	b2_26	0.1563	0.0092	-0.6850	0.2967	1	0.2477	2.8345	0.0046
a2_14	b2_27	0.2487	0.3264	-0.6313	0.2024	1	0.1118	2.2912	0.0220
a2_14	b2_30	0.0294	0.2023	-0.5189	0.1178	1	0.0800	2.3419	0.0192
a2_14	b2_8	0.0832	0.2278	-0.4438	0.0874	1	0.0391	2.1602	0.0308
a2_15	b1_12	0.2685	0.2809	-0.6942	0.3796	1	0.0181	2.0384	0.0415
a2_15	b1_13	0.2655	0.2799	-0.7143	0.3282	1	0.1172	2.2718	0.0231
a2_15	b1_14	0.2337	0.1950	-0.7247	0.4357	1	0.0037	2.0077	0.0447
a2_15	b1_21	0.1554	0.1923	-0.4678	0.2250	1	0.0312	2.1054	0.0353
a2_15	b1_24	0.3665	0.2759	-0.2729	0.0608	1	0.0743	2.2629	0.0236
a2_15	b1_25	0.5286	0.0552	-0.2932	0.0514	1	0.6711	10.9007	0.0000
a2_15	b1_26	0.5010	0.1349	-0.2634	0.1825	1	0.3106	3.3687	0.0008
a2_15	b1_3	0.4267	0.0724	-0.5292	0.3157	1	0.3081	2.9512	0.0032
a2_15	b1_4	0.2579	0.2268	-0.5778	0.2431	1	0.1708	2.5137	0.0119
a2_15	b1_7	0.3238	0.1466	-0.6221	0.3279	1	0.2275	2.6334	0.0085
a2_15	b2_0	0.2454	0.1008	-0.1167	0.0138	1	0.1586	3.5589	0.0004
a2_15	b2_11	0.4382	0.0601	-0.5510	0.4808	1	0.0202	2.0416	0.0412
a2_15	b2_20	0.4939	0.0342	-0.1425	0.2091	1	0.2126	3.0035	0.0027
a2_15	b2_27	0.3425	0.1066	-0.4646	0.2931	1	0.1832	2.5874	0.0097
a2_15	b2_28	0.2846	0.1294	-0.3206	0.1236	1	0.2474	3.3828	0.0007
a2_15	b2_29	0.2065	0.1797	-0.4334	0.0714	1	0.2530	3.3082	0.0009
a2_15	b2_9	0.3325	0.0262	-0.0876	0.0040	1	0.3671	15.8460	0.0000
a2_16	b1_23	0.6206	0.2979	-0.5499	0.4896	1	0.0243	2.0423	0.0411
a2_16	b1_25	0.6794	0.1457	-0.4719	0.4261	1	0.2506	2.5563	0.0106
a2_16	b1_26	0.6849	0.1121	-0.4667	0.3028	1	0.5059	3.5669	0.0004
a2_16	b1_27	0.3846	0.1179	-0.4790	0.1530	1	0.4772	4.4706	0.0000
a2_16	b1_28	0.3871	0.2361	-0.5646	0.0398	1	0.4727	3.9741	0.0001
a2_16	b1_3	0.7737	0.0678	-0.5565	0.6523	1	0.0187	2.0284	0.0425
a2_16	c2_1	0.5883	0.1244	-0.3733	0.2812	1	0.3466	3.1269	0.0018
a2_16	c2_2	0.8101	0.0828	-0.2217	0.1424	1	0.7022	6.2617	0.0000
a2_16	c2_3	0.8021	0.0879	-0.0878	0.3958	1	0.0791	2.1951	0.0282
a2_16	c2_4	0.7597	0.0511	0.3149	0.1929	1	0.0457	2.2289	0.0258
a2_17	a2_23	0.6112	0.1634	-0.1306	0.0907	1	0.3680	3.9696	0.0001
a2_17	a2_24	0.7199	0.0912	0.1648	0.2587	1	0.0065	2.0237	0.0430
a2_17	a2_30	0.5411	0.2002	0.1233	0.0538	1	0.0031	2.0151	0.0439
a2_17	b1_11	0.6917	0.0548	0.8614	0.0201	1	-0.0530	-2.9074	0.0036
a2_17	b1_15	0.6155	0.0474	0.8786	0.0816	1	-0.0744	-2.7886	0.0053
a2_17	b1_16	0.6257	0.0827	0.9157	0.0672	1	-0.0769	-2.7214	0.0065
a2_17	b1_17	0.6986	0.0667	0.9192	0.0526	1	-0.0506	-2.5955	0.0094
a2_17	b1_18	0.6259	0.0539	0.8356	0.0248	1	-0.0909	-3.5319	0.0004
a2_17	b1_28	0.3355	0.1634	-0.5269	0.1757	1	0.3826	3.5949	0.0003
a2_17	b2_17	0.0891	0.2809	0.7080	0.0399	1	-0.0514	-2.1812	0.0292
a2_17	b2_22	0.0384	0.1725	0.8096	0.1088	1	-0.3634	-3.7820	0.0002
a2_17	b2_23	0.0363	0.0701	0.7801	0.2214	1	-0.2793	-3.2031	0.0014
a2_17	b2_3	0.2658	0.2270	0.8114	0.0397	1	-0.0847	-2.3676	0.0179
a2_17	b2_4	0.2561	0.1548	0.7468	0.0172	1	-0.1792	-3.1503	0.0016
a2_17	b2_5	0.3473	0.1269	0.6824	0.0261	1	-0.0760	-2.5864	0.0097
a2_17	b2_6	0.1004	0.1958	0.8016	0.1848	1	-0.1627	-2.6042	0.0092
a2_17	c2_1	0.4891	0.1868	-0.6881	0.2970	1	0.4754	3.3547	0.0008
a2_18	a2_23	0.5070	0.1845	0.0255	0.0265	1	0.1087	2.5832	0.0098
a2_18	a2_31	0.2293	0.0711	0.5133	0.0580	1	-0.1005	-3.0950	0.0020
a2_18	a2_32	0.0743	0.2157	0.6424	0.1353	1	-0.0590	-2.2317	0.0256
a2_18	b1_28	0.1778	0.2934	-0.6599	0.2327	1	0.0887	2.2369	0.0253
a2_18	b2_22	0.1715	0.0406	0.7718	0.0111	1	-0.5160	-14.2427	0.0000
a2_18	b2_23	0.1745	0.1565	0.7288	0.1798	1	-0.0775	-2.3253	0.0201
a2_18	b2_3	0.3394	0.2174	0.8967	0.0464	1	-0.1128	-2.5076	0.0122
a2_18	b2_4	0.3000	0.1433	0.8504	0.0304	1	-0.2573	-3.7563	0.0002
a2_18	b2_5	0.4216	0.1811	0.8002	0.0317	1	-0.0109	-2.0594	0.0395
a2_18	b2_6	0.2302	0.2073	0.8469	0.1643	1	-0.0877	-2.3314	0.0197
a2_18	c2_1	0.3578	0.2577	-0.7592	0.3351	1	0.2715	2.6421	0.0082
a2_19	a2_26	0.8013	0.0169	0.9373	0.0069	1	-0.0994	-7.4323	0.0000
a2_19	b1_26	0.5919	0.1491	-0.6241	0.5408	1	0.0940	2.1676	0.0302
a2_19	b1_27	0.3022	0.0359	-0.7020	0.3708	1	0.2592	2.6958	0.0070
a2_19	b1_28	0.2817	0.1644	-0.7862	0.2246	1	0.5113	3.8372	0.0001
a2_19	b2_3	0.3372	0.1522	0.7436	0.0525	1	-0.0845	-2.5249	0.0116
a2_19	b2_4	0.3361	0.1527	0.8462	0.0209	1	-0.2018	-3.3097	0.0009
a2_19	b2_5	0.3958	0.0692	0.8345	0.1017	1	-0.1927	-3.5672	0.0004
a2_19	b2_6	0.1720	0.1140	0.5662	0.0352	1	-0.1556	-3.3045	0.0010
a2_19	c2_1	0.5255	0.1148	-0.7415	0.0189	1	1.0344	10.8907	0.0000
a2_19	c2_2	0.7881	0.0683	-0.5292	0.4741	1	0.3592	2.7500	0.0060
a2_2	a2_31	0.5081	0.2563	-0.1365	0.1453	1	0.0553	2.1876	0.0287
a2_2	b1_25	0.6740	0.1626	0.2244	0.1202	1	0.0452	2.2234	0.0262
a2_2	b1_26	0.7742	0.0105	0.2676	0.2069	1	0.0923	2.4453	0.0145
a2_2	b1_4	0.7135	0.0498	-0.0644	0.3326	1	0.1054	2.3134	0.0207
a2_2	b2_20	0.7880	0.1310	0.3211	0.1307	1	0.0969	2.5238	0.0116
a2_20	b1_23	0.5413	0.2859	-0.5178	0.4132	1	0.0541	2.1077	0.0351
a2_20	b1_24	0.5695	0.3378	-0.4302	0.2772	1	0.1258	2.2878	0.0221
a2_20	b1_25	0.6382	0.1640	-0.4181	0.3322	1	0.3152	2.8508	0.0044
a2_20	b1_26	0.7421	0.0765	-0.4004	0.2009	1	0.7125	5.3148	0.0000
a2_20	b1_27	0.5478	0.0502	-0.3751	0.0920	1	0.7133	8.8055	0.0000
a2_20	b1_28	0.5000	0.1437	-0.4571	0.0640	1	0.6425	6.0839	0.0000
a2_20	c2_1	0.6564	0.1089	-0.2719	0.4025	1	0.0943	2.2262	0.0260
a2_20	c2_2	0.7662	0.1187	-0.1421	0.0332	1	0.6617	7.3669	0.0000
a2_20	c2_3	0.7398	0.0470	0.0134	0.2825	1	0.1537	2.5366	0.0112
a2_21	b1_25	0.6488	0.2516	-0.2258	0.2843	1	0.1153	2.3036	0.0212
a2_21	b1_26	0.7381	0.1781	-0.1574	0.2149	1	0.3372	3.2084	0.0013
a2_21	b1_27	0.6496	0.0897	-0.0189	0.2856	1	0.0699	2.2334	0.0255
a2_21	b1_28	0.6124	0.0917	-0.1881	0.0236	1	0.6110	8.4497	0.0000
a2_21	b2_19	0.7613	0.0365	0.4197	0.1033	1	0.1226	3.1194	0.0018
a2_21	b2_20	0.7075	0.1213	-0.1597	0.3697	1	0.0890	2.2287	0.0258
a2_21	c2_1	0.7210	0.0714	0.0858	0.2309	1	0.1519	2.6288	0.0086
a2_21	c2_2	0.7130	0.1653	0.0907	0.0721	1	0.2615	3.4500	0.0006
a2_21	c2_3	0.5991	0.0841	0.1499	0.0830	1	0.2129	3.8010	0.0001
a2_22	b1_28	0.6808	0.1366	-0.1722	0.2212	1	0.3331	3.2814	0.0010
a2_22	b2_19	0.7264	0.1444	0.2906	0.1308	1	0.0461	2.2366	0.0253
a2_22	c2_1	0.6718	0.0359	0.0948	0.0136	1	0.5001	15.0109	0.0000
a2_22	c2_2	0.5698	0.2693	0.0155	0.0337	1	0.0115	2.0424	0.0411
a2_23	b1_10	0.5234	0.2324	0.0259	0.0197	1	0.0310	2.1327	0.0329
a2_23	b1_2	0.5859	0.1779	-0.0709	0.0843	1	0.2629	3.3354	0.0009
a2_23	b1_5	0.2414	0.1354	-0.6990	0.3530	1	0.1842	2.4872	0.0129
a2_23	b2_17	0.3739	0.1261	-0.5080	0.3761	1	0.0886	2.2234	0.0262
a2_23	b2_18	0.6687	0.0934	-0.2747	0.3199	1	0.2770	2.8313	0.0046
a2_23	b2_19	0.6716	0.0783	-0.0456	0.1636	1	0.3545	3.9552	0.0001
a2_23	b2_20	0.6764	0.1124	-0.5023	0.4060	1	0.3362	2.7982	0.0051
a2_23	c2_3	0.5653	0.0999	-0.1636	0.3316	1	0.0363	2.1048	0.0353
a2_24	b1_2	0.6646	0.0459	0.1651	0.2150	1	0.0598	2.2721	0.0231
a2_24	b1_28	0.3673	0.2497	-0.5753	0.3123	1	0.1428	2.3571	0.0184
a2_24	c2_1	0.4769	0.1114	-0.3619	0.1446	1	0.4738	4.5957	0.0000
a2_25	b1_2	0.6991	0.1204	0.2460	0.1821	1	0.0165	2.0753	0.0380
a2_25	b1_21	0.5616	0.0938	-0.6563	0.5708	1	0.0611	2.1056	0.0352
a2_25	b1_22	0.5944	0.0767	-0.6470	0.5889	1	0.0535	2.0902	0.0366
a2_25	b1_23	0.5570	0.1603	-0.6815	0.5266	1	0.1377	2.2501	0.0244
a2_25	b1_26	0.3725	0.1145	-0.6690	0.3886	1	0.2312	2.5707	0.0101
a2_25	b2_14	0.2562	0.1716	-0.5786	0.3407	1	0.0718	2.1883	0.0286
a2_25	c2_1	0.2968	0.0577	-0.6116	0.0768	1	0.7163	9.4582	0.0000
a2_25	c2_2	0.4674	0.1926	-0.5134	0.2219	1	0.3933	3.3385	0.0008
a2_25	c2_4	0.6444	0.0542	0.3220	0.1260	1	0.0480	2.3504	0.0188
a2_26	b1_14	0.5357	0.1294	-0.2829	0.3839	1	0.0083	2.0205	0.0433
a2_26	b1_26	0.3469	0.2107	-0.6931	0.4502	1	0.0459	2.0923	0.0364
a2_26	b1_27	0.0355	0.0939	-0.7475	0.2956	1	0.1627	2.5244	0.0116
a2_26	b1_28	0.0835	0.3171	-0.7918	0.2147	1	0.1094	2.2856	0.0223
a2_26	b2_14	0.2565	0.0941	-0.4840	0.3146	1	0.0837	2.2549	0.0241
a2_26	b2_4	0.2801	0.2424	0.7796	0.0556	1	-0.0021	-2.0083	0.0446
a2_26	c2_1	0.2199	0.1675	-0.7263	0.0569	1	0.5923	5.3473	0.0000
a2_26	c2_2	0.5257	0.1193	-0.5638	0.3337	1	0.3808	3.0745	0.0021
a2_27	a2_32	0.0284	0.1398	0.6615	0.1633	1	-0.2032	-2.9451	0.0032
a2_27	b1_0	0.5456	0.1197	0.9804	0.0277	1	-0.1890	-3.5382	0.0004
a2_27	b1_28	0.0122	0.1938	-0.8239	0.2511	1	0.2016	2.6356	0.0084
a2_27	b2_13	0.4299	0.3135	-0.4905	0.2843	1	0.0740	2.1749	0.0296
a2_27	b2_4	0.1604	0.2295	0.8681	0.0417	1	-0.2413	-3.0344	0.0024
a2_27	c2_0	0.1991	0.2442	-0.7296	0.0708	1	0.4201	3.6521	0.0003
a2_27	c2_1	0.0437	0.1122	-0.7819	0.0409	1	0.5867	6.9112	0.0000
a2_28	a2_28	0.9319	0.0120	0.9845	0.0232	1	-0.0004	-2.0141	0.0440
a2_28	a2_32	-0.0566	0.0512	0.6199	0.2180	1	-0.2286	-3.0211	0.0025
a2_28	b2_14	0.3516	0.0993	-0.4489	0.2629	1	0.2385	2.8487	0.0044
a2_28	b2_29	0.1942	0.0713	-0.7611	0.3916	1	0.1592	2.3999	0.0164
a2_28	c2_0	0.0973	0.3290	-0.6503	0.0424	1	0.0842	2.2538	0.0242
a2_28	c2_1	0.0875	0.0247	-0.7281	0.0428	1	0.7168	16.4985	0.0000
a2_29	c2_1	0.2218	0.2052	-0.6538	0.1307	1	0.3890	3.5985	0.0003
a2_3	b1_26	0.4338	0.1743	-0.0406	0.1252	1	0.0451	2.2102	0.0271
a2_3	b2_11	-0.0741	0.0852	-0.6582	0.2151	1	0.1213	2.5245	0.0116
a2_3	b2_18	0.5613	0.1886	-0.1261	0.0747	1	0.2816	3.3881	0.0007
a2_3	b2_20	0.5191	0.1581	-0.1437	0.0975	1	0.2913	3.5682	0.0004
a2_30	b1_16	0.3223	0.0040	0.1431	0.0472	1	0.0846	3.7862	0.0002
a2_30	b1_2	0.5560	0.1130	0.1118	0.0693	1	0.1791	3.3511	0.0008
a2_30	c2_4	0.5364	0.0926	0.2248	0.0950	1	0.0462	2.3480	0.0189
a2_31	b1_10	0.1704	0.1158	0.5414	0.0793	1	-0.0903	-2.6434	0.0082
a2_31	c2_0	0.1778	0.2433	-0.4626	0.1689	1	0.0480	2.1622	0.0306
a2_32	b1_1	0.1520	0.0615	0.7338	0.0413	1	-0.4336	-7.8524	0.0000
a2_32	b1_10	-0.0790	0.2904	0.6619	0.1819	1	-0.0556	-2.1622	0.0306
a2_32	b1_9	0.0315	0.2351	0.7334	0.0971	1	-0.1932	-2.7595	0.0058
a2_4	b1_26	0.6962	0.2451	0.0527	0.0736	1	0.1318	2.5151	0.0119
a2_4	b1_28	0.6130	0.1153	0.1076	0.0364	1	0.2636	4.1803	0.0000
a2_4	b2_18	0.7297	0.1903	0.0435	0.2703	1	0.0250	2.0758	0.0379
a2_4	b2_20	0.7335	0.1405	-0.0087	0.1483	1	0.3335	3.6324	0.0003
a2_5	a2_13	0.5463	0.1136	0.8344	0.0679	1	-0.0236	-2.1780	0.0294
a2_5	a2_19	0.6818	0.0822	0.3575	0.0952	1	0.0728	2.5786	0.0099
a2_5	b1_25	0.6923	0.2070	-0.1163	0.3065	1	0.0687	2.1858	0.0288
a2_5	b1_26	0.8122	0.0779	-0.0573	0.2193	1	0.4041	3.7366	0.0002
a2_5	b1_27	0.7201	0.0730	0.0575	0.2490	1	0.1436	2.5533	0.0107
a2_5	b1_28	0.6089	0.0577	-0.1352	0.1022	1	0.5094	6.3413	0.0000
a2_5	b2_19	0.8248	0.0422	0.4859	0.1031	1	0.1161	3.0424	0.0023
a2_5	b2_20	0.8197	0.0621	-0.0518	0.3946	1	0.0725	2.1815	0.0291
a2_5	c2_2	0.7787	0.1240	0.1861	0.0701	1	0.3076	4.1587	0.0000
a2_5	c2_3	0.6597	0.0651	0.2632	0.1223	1	0.1195	2.8624	0.0042
a2_6	a2_13	0.6100	0.0669	0.8583	0.1040	1	-0.0010	-2.0084	0.0446
a2_6	a2_27	0.4921	0.1332	0.8065	0.0606	1	-0.0218	-2.1490	0.0316
a2_6	b1_23	0.6563	0.1150	-0.5899	0.5646	1	0.0938	2.1627	0.0306
a2_6	b1_25	0.5913	0.1908	-0.5474	0.4971	1	0.0737	2.1385	0.0325
a2_6	b1_26	0.6895	0.1585	-0.5698	0.3554	1	0.4811	3.2363	0.0012
a2_6	b1_27	0.4816	0.0821	-0.5300	0.3156	1	0.3594	3.1024	0.0019
a2_6	b1_28	0.4244	0.0719	-0.6253	0.1434	1	0.7288	6.5415	0.0000
a2_6	c2_1	0.6484	0.1085	-0.4932	0.1642	1	0.7480	5.8010	0.0000
a2_6	c2_2	0.7377	0.1203	-0.3598	0.2039	1	0.6240	4.6359	0.0000
a2_6	c2_3	0.7281	0.0616	-0.2264	0.4558	1	0.0346	2.0752	0.0380
a2_7	b1_1	0.7917	0.0423	0.9362	0.0185	1	-0.0522	-3.1316	0.0017
a2_7	b1_14	0.7312	0.0131	0.0877	0.2965	1	0.0500	2.1685	0.0301
a2_7	b1_28	0.2759	0.1904	-0.7800	0.3250	1	0.3026	2.8032	0.0051
a2_7	b2_22	0.1217	0.0776	0.4022	0.0937	1	-0.0371	-2.3052	0.0212
a2_7	b2_23	0.1068	0.0835	0.4560	0.0328	1	-0.1698	-3.8927	0.0001
a2_7	b2_3	0.3523	0.1498	0.8272	0.1348	1	-0.0719	-2.3570	0.0184
a2_7	b2_4	0.3541	0.1400	0.9001	0.0766	1	-0.2269	-3.4218	0.0006
a2_7	b2_5	0.4161	0.0276	0.8653	0.1675	1	-0.1096	-2.6458	0.0082
a2_7	b2_6	0.1870	0.1077	0.6729	0.1881	1	-0.0524	-2.2416	0.0250
a2_7	c2_1	0.4940	0.1712	-0.8215	0.1597	1	0.8472	5.6183	0.0000
a2_7	c2_2	0.7354	0.0629	-0.6137	0.5672	1	0.2077	2.3640	0.0181
a2_8	a2_32	0.0462	0.2253	0.7020	0.1070	1	-0.1569	-2.6291	0.0086
a2_8	b1_1	0.8868	0.0384	0.9825	0.0061	1	-0.0179	-2.4605	0.0139
a2_8	b1_28	0.2260	0.4033	-0.8298	0.2758	1	0.0785	2.1607	0.0307
a2_8	b2_4	0.3263	0.1976	0.9040	0.0707	1	-0.1579	-2.7524	0.0059
a2_8	c2_1	0.4050	0.3188	-0.8134	0.1375	1	0.5241	3.5096	0.0004
a2_8	c2_2	0.6949	0.0346	-0.5816	0.6016	1	0.0714	2.1185	0.0341
a2_9	b1_1	0.8279	0.0206	0.9377	0.0174	1	-0.0558	-4.0725	0.0000
a2_9	b1_28	0.2376	0.3700	-0.7624	0.1911	1	0.1670	2.4010	0.0164
a2_9	b2_14	0.4205	0.0432	-0.5052	0.3974	1	0.1262	2.3156	0.0206
a2_9	b2_4	0.3483	0.1267	0.7476	0.0126	1	-0.1447	-3.1369	0.0017
a2_9	c2_1	0.4156	0.2053	-0.6475	0.0508	1	0.6401	5.0263	0.0000
a2_9	c2_2	0.6496	0.0346	-0.4498	0.4134	1	0.2697	2.6500	0.0080
b1_0	b2_13	0.2889	0.2781	-0.5221	0.2892	1	0.0086	2.0213	0.0432
b1_0	b2_25	0.4307	0.2606	-0.4653	0.3564	1	0.0130	2.0296	0.0424
b1_0	c2_0	0.2495	0.3846	-0.6993	0.0791	1	0.1635	2.4165	0.0157
b1_0	c2_1	0.1302	0.3842	-0.7599	0.0293	1	0.1193	2.3097	0.0209
b1_1	b1_1	0.9779	0.0056	0.9960	0.0050	1	-0.0031	-2.4144	0.0158
b1_1	b2_13	0.4841	0.2298	-0.4221	0.3398	1	0.0858	2.2091	0.0272
b1_1	c2_1	0.3432	0.2215	-0.7413	0.1594	1	0.5387	3.9740	0.0001
b1_10	b1_16	0.7315	0.1082	0.9610	0.0086	1	-0.0124	-2.1142	0.0345
b1_10	b2_17	0.1051	0.1720	0.6564	0.1009	1	-0.1526	-2.7654	0.0057
b1_10	b2_22	0.1393	0.1228	0.8006	0.0274	1	-0.4097	-5.2566	0.0000
b1_10	b2_23	0.1025	0.2752	0.7683	0.1256	1	-0.0609	-2.2012	0.0277
b1_10	b2_3	0.3072	0.1951	0.9107	0.0222	1	-0.2108	-3.0731	0.0021
b1_10	b2_4	0.3038	0.0627	0.8439	0.0407	1	-0.3906	-7.2240	0.0000
b1_10	b2_6	0.2289	0.2265	0.8735	0.1227	1	-0.1295	-2.5028	0.0123
b1_10	c2_1	0.2873	0.1474	-0.7229	0.3991	1	0.1592	2.3742	0.0176
b1_11	b1_18	0.8591	0.0354	0.9520	0.0021	1	-0.0219	-2.6188	0.0088
b1_11	b2_16	0.2171	0.2740	0.8840	0.0999	1	-0.0836	-2.2866	0.0222
b1_11	b2_17	0.2678	0.1861	0.8314	0.0820	1	-0.1569	-2.7716	0.0056
b1_11	b2_22	0.4139	0.0870	0.9131	0.0610	1	-0.2867	-4.6993	0.0000
b1_11	b2_6	0.4838	0.0136	0.7664	0.0551	1	-0.1691	-4.9819	0.0000
b1_11	b2_7	0.5947	0.0837	0.8451	0.0153	1	-0.0803	-2.9446	0.0032
b1_11	c2_1	0.3592	0.0834	-0.4845	0.3270	1	0.1687	2.4998	0.0124
b1_12	b2_25	0.4376	0.0478	0.8899	0.1590	1	-0.1202	-2.7238	0.0065
b1_13	b2_15	0.2490	0.1384	0.7317	0.1327	1	-0.0993	-2.5179	0.0118
b1_13	b2_22	0.3510	0.0626	0.6961	0.0464	1	-0.1892	-4.4266	0.0000
b1_13	b2_25	0.3443	0.2081	0.9044	0.1453	1	-0.0526	-2.2073	0.0273
b1_13	b2_8	0.4685	0.0757	0.7237	0.0762	1	-0.0403	-2.3754	0.0175
b1_14	b1_18	0.8140	0.0257	0.9145	0.0092	1	-0.0459	-3.6776	0.0002
b1_14	b2_22	0.3939	0.1787	0.8273	0.0805	1	-0.0413	-2.2109	0.0270
b1_14	b2_24	0.3544	0.1363	0.8148	0.1838	1	-0.0027	-2.0120	0.0442
b1_14	b2_31	0.4151	0.0887	0.7200	0.0722	1	-0.0761	-2.6648	0.0077
b1_14	b2_7	0.5423	0.0944	0.8556	0.0730	1	-0.0746	-2.6251	0.0087
b1_15	b1_16	0.8553	0.0396	0.9469	0.0043	1	-0.0119	-2.2985	0.0215
b1_15	b1_29	0.0698	0.1658	-0.3012	0.0564	1	0.0208	2.1185	0.0341
b1_15	b2_16	0.1776	0.3410	0.9221	0.0487	1	-0.0557	-2.1616	0.0307
b1_15	b2_17	0.2768	0.2379	0.8541	0.0313	1	-0.0973	-2.4055	0.0161
b1_15	b2_21	0.5091	0.1029	0.8332	0.0770	1	-0.0670	-2.5218	0.0117
b1_15	b2_22	0.3734	0.2266	0.9500	0.0270	1	-0.1202	-2.5266	0.0115
b1_15	b2_23	0.3248	0.1710	0.8682	0.1872	1	-0.0364	-2.1434	0.0321
b1_15	b2_6	0.3925	0.1338	0.8451	0.0434	1	-0.1713	-3.2174	0.0013
b1_16	b1_28	0.1256	0.2416	-0.5736	0.2167	1	0.0501	2.1544	0.0312
b1_16	b2_16	0.1903	0.3023	0.8492	0.0267	1	-0.0518	-2.1707	0.0300
b1_16	b2_22	0.4087	0.1148	0.8905	0.0239	1	-0.2471	-4.1070	0.0000
b1_16	b2_23	0.3760	0.1338	0.8391	0.1395	1	-0.0765	-2.3959	0.0166
b1_16	b2_3	0.4780	0.1156	0.9021	0.0250	1	-0.1875	-3.5844	0.0003
b1_16	b2_5	0.5731	0.0455	0.7744	0.0780	1	-0.0207	-2.2291	0.0258
b1_16	b2_6	0.4588	0.0981	0.9078	0.0743	1	-0.2027	-3.6465	0.0003
b1_16	c2_0	0.1628	0.4146	-0.9061	0.1107	1	0.2106	2.4907	0.0127
b1_16	c2_1	0.3694	0.1659	-0.6822	0.4079	1	0.1708	2.3878	0.0169
b1_17	b1_28	0.1508	0.2579	-0.4733	0.1462	1	0.0312	2.1052	0.0353
b1_17	b1_29	0.0229	0.0760	-0.3302	0.1358	1	0.0419	2.2696	0.0232
b1_17	b2_22	0.3169	0.1121	0.9246	0.0354	1	-0.3725	-5.1671	0.0000
b1_17	b2_3	0.4577	0.0985	0.8313	0.0586	1	-0.1444	-3.2602	0.0011
b1_17	b2_4	0.2822	0.1883	0.7235	0.0847	1	-0.0283	-2.1369	0.0326
b1_17	b2_6	0.4241	0.0926	0.8561	0.0921	1	-0.1709	-3.3087	0.0009
b1_17	b2_7	0.5291	0.0619	0.8189	0.0743	1	-0.0964	-2.9963	0.0027
b1_17	c2_0	0.1806	0.4827	-0.8838	0.0538	1	0.0931	2.1916	0.0284
b1_17	c2_1	0.3661	0.0737	-0.6203	0.3660	1	0.2398	2.6423	0.0082
b1_17	c2_5	0.8858	0.0168	0.7074	0.0645	1	0.0451	2.6769	0.0074
b1_18	b2_11	0.3441	0.1015	0.6516	0.0613	1	-0.0703	-2.5925	0.0095
b1_18	b2_17	0.1703	0.2299	0.8412	0.1794	1	-0.0876	-2.3003	0.0214
b1_18	b2_21	0.3903	0.0596	0.8660	0.0813	1	-0.2741	-4.7181	0.0000
b1_18	b2_22	0.2733	0.0510	0.9089	0.1235	1	-0.3684	-4.7573	0.0000
b1_18	b2_6	0.3449	0.1183	0.6923	0.0848	1	-0.0563	-2.3871	0.0170
b1_18	b2_7	0.4501	0.1647	0.8720	0.0592	1	-0.0718	-2.4100	0.0160
b1_18	c2_1	0.3524	0.2129	-0.4241	0.2685	1	0.0911	2.2659	0.0235
b1_19	b2_10	0.1769	0.0656	0.6532	0.1733	1	-0.1058	-2.5711	0.0101
b1_19	b2_11	0.3126	0.0844	0.8156	0.1716	1	-0.1206	-2.6305	0.0085
b1_19	b2_21	0.4181	0.0979	0.8802	0.1384	1	-0.1230	-2.7257	0.0064
b1_19	b2_22	0.3195	0.1060	0.8001	0.0693	1	-0.2273	-3.7946	0.0001
b1_19	b2_7	0.4414	0.1789	0.8571	0.0561	1	-0.0408	-2.2177	0.0266
b1_19	c2_1	0.4576	0.1672	-0.1022	0.1135	1	0.1556	2.7702	0.0056
b1_19	c2_6	0.7513	0.0762	0.1377	0.1932	1	0.1982	2.9545	0.0031
b1_2	b2_22	0.3468	0.0697	0.7067	0.1356	1	-0.0550	-2.3611	0.0182
b1_2	c2_1	0.4615	0.1654	-0.5154	0.2368	1	0.3992	3.3821	0.0007
b1_20	b1_23	0.6810	0.0991	0.9120	0.0413	1	-0.0162	-2.1511	0.0315
b1_20	b1_26	0.3836	0.1767	0.7888	0.0532	1	-0.0361	-2.1957	0.0281
b1_20	b1_27	0.0758	0.1067	0.6616	0.1160	1	-0.2706	-3.7173	0.0002
b1_20	b2_0	-0.0812	0.0747	0.7466	0.0411	1	-0.6571	-9.7038	0.0000
b1_20	b2_1	0.1510	0.2268	0.8070	0.1350	1	-0.1281	-2.4855	0.0129
b1_20	b2_11	0.1706	0.0315	0.8286	0.2234	1	-0.2069	-2.9169	0.0035
b1_20	b2_15	0.2503	0.1191	0.5692	0.0602	1	-0.0520	-2.3895	0.0169
b1_20	b2_27	0.1209	0.0951	0.9183	0.0881	1	-0.5382	-6.1518	0.0000
b1_20	b2_28	0.0288	0.0674	0.8853	0.0368	1	-0.7029	-11.1527	0.0000
b1_20	b2_29	0.1180	0.2019	0.9015	0.0547	1	-0.3651	-3.7454	0.0002
b1_20	b2_8	0.3539	0.1810	0.8345	0.0478	1	-0.1062	-2.5675	0.0102
b1_20	b2_9	0.0955	0.0934	0.7379	0.0361	1	-0.4421	-6.4156	0.0000
b1_21	b1_23	0.7544	0.0321	0.9418	0.0619	1	-0.0481	-2.6896	0.0072
b1_21	b1_27	0.0721	0.1151	0.7391	0.1497	1	-0.2893	-3.5324	0.0004
b1_21	b2_0	0.0750	0.0902	0.8102	0.0761	1	-0.4991	-6.2274	0.0000
b1_21	b2_1	0.3164	0.0526	0.8633	0.0585	1	-0.3897	-6.9557	0.0000
b1_21	b2_11	0.2937	0.1363	0.8218	0.1844	1	-0.0695	-2.3031	0.0213
b1_21	b2_27	0.2659	0.0679	0.9324	0.0889	1	-0.4429	-5.9613	0.0000
b1_21	b2_28	0.1950	0.1091	0.9137	0.0706	1	-0.4586	-5.5275	0.0000
b1_21	b2_29	0.3000	0.1718	0.9273	0.0811	1	-0.2474	-3.3021	0.0010
b1_21	b2_8	0.4750	0.0886	0.8709	0.0771	1	-0.1611	-3.3720	0.0007
b1_21	b2_9	0.2166	0.1589	0.8086	0.0302	1	-0.2685	-3.6606	0.0003
b1_22	b1_27	0.0925	0.2652	0.8087	0.0879	1	-0.1574	-2.5633	0.0104
b1_22	b2_0	0.1234	0.0430	0.8366	0.0828	1	-0.5266	-7.6437	0.0000
b1_22	b2_1	0.3848	0.0716	0.8939	0.0523	1	-0.3318	-5.7437	0.0000
b1_22	b2_11	0.3503	0.0466	0.7883	0.2043	1	-0.0190	-2.0907	0.0366
b1_22	b2_27	0.3641	0.0890	0.9175	0.1088	1	-0.2723	-3.9371	0.0001
b1_22	b2_28	0.2697	0.0908	0.9304	0.0655	1	-0.4367	-5.9005	0.0000
b1_22	b2_29	0.3937	0.2006	0.9358	0.0806	1	-0.1098	-2.5079	0.0121
b1_22	b2_8	0.5246	0.1254	0.8837	0.0803	1	-0.0612	-2.4109	0.0159
b1_22	b2_9	0.2541	0.0994	0.8368	0.0345	1	-0.3724	-5.5408	0.0000
b1_23	b2_12	0.3339	0.1078	0.7516	0.0188	1	-0.1988	-3.8169	0.0001
b1_23	b2_27	0.3300	0.2765	0.9181	0.0936	1	-0.0042	-2.0144	0.0440
b1_24	b2_31	0.4060	0.1623	0.7552	0.0189	1	-0.0224	-2.1369	0.0326
b1_25	b2_0	0.3346	0.1229	0.8598	0.2037	1	-0.0493	-2.2073	0.0273
b1_25	b2_9	0.4820	0.0858	0.8831	0.1280	1	-0.0929	-2.6028	0.0092
b1_26	b2_31	0.1856	0.2184	0.6688	0.0650	1	-0.0275	-2.1209	0.0339
b1_27	b1_27	0.7981	0.0162	0.9491	0.0701	1	-0.0072	-2.0995	0.0358
b1_27	b2_25	-0.1816	0.1431	0.4235	0.0511	1	-0.3013	-3.9834	0.0001
b1_27	b2_31	-0.1441	0.1046	0.5379	0.1766	1	-0.2715	-3.3225	0.0009
b1_28	b2_17	0.3107	0.1668	-0.1344	0.1341	1	0.0170	2.0795	0.0376
b1_28	b2_24	-0.4356	0.1265	-0.1088	0.1020	1	-0.0019	-2.0114	0.0443
b1_3	b1_20	0.6346	0.1059	0.9395	0.0638	1	-0.0575	-2.4653	0.0137
b1_3	b1_4	0.6482	0.1029	0.9598	0.0607	1	-0.0728	-2.6093	0.0091
b1_3	b2_0	0.2641	0.2037	0.7351	0.0664	1	-0.0425	-2.1985	0.0279
b1_4	b1_12	0.5252	0.1732	0.9106	0.0246	1	-0.0354	-2.2024	0.0276
b1_4	b1_14	0.5093	0.0528	0.8097	0.0892	1	-0.0930	-2.8967	0.0038
b1_4	b1_19	0.3710	0.1138	0.8273	0.0495	1	-0.2082	-3.6781	0.0002
b1_4	b1_20	0.2354	0.1120	0.9099	0.1198	1	-0.3464	-4.1120	0.0000
b1_4	b1_21	0.3374	0.1839	0.9234	0.0938	1	-0.1732	-2.8392	0.0045
b1_4	b1_7	0.7406	0.0687	0.9416	0.0624	1	-0.0155	-2.1668	0.0303
b1_4	b2_19	0.5419	0.1117	0.1657	0.1085	1	0.0647	2.4152	0.0157
b1_4	b2_2	0.2777	0.0881	0.7001	0.0857	1	-0.1767	-3.4381	0.0006
b1_4	b2_30	0.3289	0.1253	0.8204	0.2055	1	-0.0101	-2.0419	0.0412
b1_6	b2_2	0.3034	0.0668	0.6908	0.1488	1	-0.0611	-2.3746	0.0176
b1_7	b2_0	0.2390	0.1866	0.6294	0.0496	1	-0.0044	-2.0227	0.0431
b1_7	b2_25	0.3475	0.0996	0.8646	0.1718	1	-0.1199	-2.6038	0.0092
b1_7	b2_31	0.3672	0.0631	0.8221	0.1764	1	-0.0803	-2.4285	0.0152
b1_7	b2_7	0.4072	0.0624	0.7192	0.0224	1	-0.1794	-4.7068	0.0000
b1_7	b2_8	0.4478	0.1631	0.7870	0.0182	1	-0.0110	-2.0668	0.0388
b1_8	b2_17	0.3100	0.1774	0.8260	0.0732	1	-0.1322	-2.6888	0.0072
b1_8	b2_21	0.6064	0.0712	0.8517	0.0187	1	-0.0981	-3.3320	0.0009
b1_8	b2_22	0.4058	0.1060	0.8628	0.0204	1	-0.2413	-4.2363	0.0000
b1_8	c2_1	0.4309	0.1871	-0.2992	0.2356	1	0.1284	2.4270	0.0152
b1_9	b2_22	0.2883	0.0829	0.6839	0.1339	1	-0.0805	-2.5110	0.0120
b1_9	b2_3	0.4306	0.2476	0.9431	0.0321	1	-0.0133	-2.0531	0.0401
b1_9	b2_4	0.3757	0.1941	0.9211	0.0489	1	-0.1451	-2.7248	0.0064
b1_9	c2_1	0.2945	0.2076	-0.7752	0.3585	1	0.2412	2.5823	0.0098
b2_0	b2_2	0.1067	0.1101	0.7292	0.1067	1	-0.3158	-4.0600	0.0000
b2_0	c2_3	0.1229	0.2998	0.8442	0.1396	1	-0.0599	-2.1811	0.0292
b2_1	b2_1	0.8673	0.0450	0.9855	0.0023	1	-0.0280	-2.6211	0.0088
b2_10	b2_21	0.2761	0.0711	0.7050	0.0921	1	-0.1962	-3.6868	0.0002
b2_10	b2_24	-0.3937	0.1894	0.4499	0.0924	1	-0.4221	-4.0029	0.0001
b2_10	c2_3	0.2951	0.0881	0.5941	0.0439	1	-0.1021	-3.0369	0.0024
b2_11	b2_11	0.8972	0.0438	0.9875	0.0050	1	-0.0021	-2.0471	0.0406
b2_11	b2_12	0.6713	0.0672	0.9527	0.0385	1	-0.1265	-3.6342	0.0003
b2_11	b2_25	0.2601	0.1982	0.8703	0.1746	1	-0.0820	-2.3105	0.0209
b2_11	b2_26	0.6046	0.0839	0.9375	0.0876	1	-0.0903	-2.7440	0.0061
b2_11	b2_31	0.1316	0.0885	0.8117	0.1917	1	-0.2578	-3.2207	0.0013
b2_12	b2_17	0.2679	0.1175	0.8073	0.0671	1	-0.2687	-3.9855	0.0001
b2_12	b2_27	0.5659	0.1211	0.8806	0.0107	1	-0.0716	-2.5889	0.0096
b2_12	c2_6	0.3268	0.1345	-0.1188	0.1457	1	0.0491	2.2476	0.0246
b2_13	b2_27	0.4781	0.0865	0.8249	0.1191	1	-0.0525	-2.3567	0.0184
b2_13	b2_31	0.6800	0.0373	0.8663	0.0605	1	-0.0442	-2.6223	0.0087
b2_13	c2_5	0.4628	0.2398	-0.2272	0.1769	1	0.0940	2.3154	0.0206
b2_14	c2_5	0.5217	0.1617	-0.0906	0.1691	1	0.1443	2.6167	0.0089
b2_14	c2_6	0.3671	0.0595	-0.1296	0.1736	1	0.1296	2.7060	0.0068
b2_15	b2_29	-0.2912	0.2453	0.3700	0.1252	1	-0.1104	-2.4009	0.0164
b2_15	c2_0	0.4358	0.1500	-0.6057	0.0550	1	0.7221	6.5199	0.0000
b2_16	b2_22	0.7692	0.0843	0.9803	0.0168	1	-0.0393	-2.4572	0.0140
b2_16	b2_24	0.3566	0.1435	0.8395	0.1794	1	-0.0234	-2.1021	0.0355
b2_16	c2_0	0.5415	0.1436	-0.6682	0.0680	1	0.8919	7.6143	0.0000
b2_17	b2_17	0.8080	0.0529	0.9272	0.0226	1	-0.0042	-2.0736	0.0381
b2_17	b2_21	0.6624	0.1177	0.9345	0.0045	1	-0.0366	-2.3105	0.0209
b2_17	b2_23	0.2949	0.1886	0.8659	0.0604	1	-0.1750	-2.8838	0.0039
b2_17	b2_24	0.0504	0.0680	0.8006	0.2171	1	-0.2952	-3.2975	0.0010
b2_17	b2_25	-0.0145	0.0848	0.6922	0.2332	1	-0.2103	-2.8473	0.0044
b2_17	b2_26	0.0180	0.1631	0.6678	0.0094	1	-0.3231	-3.9779	0.0001
b2_17	b2_31	-0.0730	0.0861	0.5502	0.1216	1	-0.3252	-4.1814	0.0000
b2_17	c2_0	0.3863	0.1612	-0.5911	0.0491	1	0.6403	5.7993	0.0000
b2_17	c2_1	0.4732	0.2658	-0.3470	0.1342	1	0.2247	2.7548	0.0059
b2_18	b2_20	0.8637	0.0607	0.5993	0.0976	1	0.0345	2.3006	0.0214
b2_2	b2_10	-0.1910	0.3395	0.7062	0.1207	1	-0.1765	-2.4899	0.0128
b2_2	b2_11	0.1248	0.1965	0.7080	0.1541	1	-0.0838	-2.3356	0.0195
b2_2	b2_27	0.2077	0.2089	0.8090	0.1285	1	-0.1108	-2.4517	0.0142
b2_2	b2_28	0.0942	0.2057	0.7480	0.1091	1	-0.1881	-2.8078	0.0050
b2_2	b2_29	0.2240	0.1907	0.7377	0.1170	1	-0.0663	-2.2963	0.0217
b2_2	b2_9	0.2805	0.1161	0.7443	0.0605	1	-0.2020	-3.5429	0.0004
b2_21	b2_22	0.7080	0.0899	0.9101	0.0405	1	-0.0049	-2.0492	0.0404
b2_21	c2_0	0.1987	0.2780	-0.5149	0.1687	1	0.0632	2.1943	0.0282
b2_22	c2_0	0.2894	0.2042	-0.7294	0.0550	1	0.5959	4.8177	0.0000
b2_23	c2_0	0.2328	0.2947	-0.6511	0.2956	1	0.0492	2.1178	0.0342
b2_24	b2_28	-0.2451	0.2417	0.3277	0.1093	1	-0.0423	-2.1594	0.0308
b2_24	c2_0	0.2139	0.3369	-0.5254	0.0573	1	0.0559	2.1637	0.0305
b2_25	b2_27	0.2624	0.1422	0.8776	0.0109	1	-0.3300	-4.3137	0.0000
b2_25	b2_28	0.0857	0.1497	0.6554	0.1041	1	-0.2050	-3.1242	0.0018
b2_25	b2_29	0.2371	0.2166	0.7843	0.0151	1	-0.1130	-2.5206	0.0117
b2_26	b2_27	0.6374	0.0784	0.9710	0.0123	1	-0.1748	-4.2023	0.0000
b2_26	b2_31	0.6977	0.0866	0.9196	0.0287	1	-0.0394	-2.4325	0.0150
b2_27	b2_30	0.6939	0.0561	0.9317	0.0687	1	-0.0604	-2.6815	0.0073
b2_27	b2_31	0.1659	0.0368	0.8877	0.0468	1	-0.6027	-12.1244	0.0000
b2_28	b2_31	0.0439	0.0662	0.7651	0.1007	1	-0.4802	-5.9848	0.0000
b2_29	b2_30	0.7327	0.0228	0.9651	0.0524	1	-0.1181	-4.0646	0.0000
b2_29	b2_31	0.1756	0.1258	0.8547	0.0146	1	-0.4258	-5.3637	0.0000
b2_3	b2_24	0.8075	0.0636	0.4757	0.1173	1	0.0650	2.4870	0.0129
b2_3	c2_0	0.1894	0.2596	-0.8782	0.1160	1	0.4988	3.7543	0.0002
b2_3	c2_5	0.5383	0.0645	0.8696	0.1200	1	-0.0587	-2.4308	0.0151
b2_30	b2_30	0.8639	0.0281	0.9760	0.0358	1	-0.0211	-2.4632	0.0138
b2_30	b2_31	0.6461	0.0913	0.8802	0.0453	1	-0.0302	-2.2957	0.0217
b2_4	c2_0	0.1310	0.4444	-0.8838	0.0253	1	0.1246	2.2798	0.0226
b2_5	c2_0	0.1325	0.2957	-0.8104	0.0704	1	0.3351	3.1024	0.0019
b2_6	b2_17	0.1199	0.2137	0.7161	0.1694	1	-0.0507	-2.1860	0.0288
b2_6	b2_6	0.9483	0.0036	0.9253	0.0108	1	0.0002	2.0189	0.0435
b2_6	c2_0	0.1328	0.2377	-0.8217	0.2256	1	0.2989	2.9119	0.0036
b2_7	b2_10	-0.2082	0.1228	0.5742	0.1127	1	-0.4489	-4.6931	0.0000
b2_7	b2_11	0.1433	0.2444	0.7874	0.1168	1	-0.1023	-2.3777	0.0174
b2_7	b2_15	0.5020	0.1144	0.9052	0.0205	1	-0.1707	-3.4688	0.0005
b2_7	b2_16	0.5280	0.0085	0.9208	0.0158	1	-0.3568	-21.8419	0.0000
b2_7	b2_17	0.2438	0.0924	0.8959	0.0159	1	-0.4646	-6.9527	0.0000
b2_7	b2_21	0.7051	0.0446	0.9190	0.0289	1	-0.1076	-4.0247	0.0001
b2_7	b2_27	0.0189	0.2127	0.6577	0.2345	1	-0.0056	-2.0176	0.0436
b2_7	b2_28	-0.1858	0.1614	0.3820	0.1655	1	-0.1054	-2.4561	0.0140
b2_7	c2_0	0.1610	0.0981	-0.5775	0.1080	1	0.4467	5.0618	0.0000
b2_9	c2_3	0.3351	0.1646	0.8892	0.0591	1	-0.2042	-3.1674	0.0015
c2_0	c2_0	0.8778	0.0326	0.9797	0.0312	1	-0.0116	-2.2574	0.0240
c2_0	c2_5	0.2333	0.4047	-0.7518	0.2581	1	0.0251	2.0522	0.0402
c2_1	c2_4	0.5153	0.1352	-0.1989	0.0406	1	0.4319	5.0596	0.0000
c2_1	c2_5	0.3967	0.1495	-0.6667	0.4939	1	0.0313	2.0607	0.0393
c2_4	c2_6	0.6442	0.0956	0.2446	0.0385	1	0.1935	3.8782	0.0001
