rgn1	rgn2	aT41A.pcca1	aT41A.pcca1	bN82A.pcca2	bN82A.pcca2	lsdm	sdiff	score	pval
		mf	sf	mf	sf				
a1_0	b2_21	0.5143	0.0920	-0.2049	0.1411	1	0.3822	4.2684	0.0000
a1_0	b2_23	0.1005	0.0687	-0.4192	0.2325	1	0.0349	2.1439	0.0320
a1_0	b2_3	0.1895	0.2767	-0.4351	0.0881	1	0.0439	2.1510	0.0315
a1_0	b2_5	0.2091	0.2404	-0.3527	0.1218	1	0.0228	2.0846	0.0371
a1_0	b2_6	0.0771	0.1413	-0.4520	0.1078	1	0.1737	2.9775	0.0029
a1_0	b2_7	0.2812	0.2147	-0.3690	0.1274	1	0.1508	2.6040	0.0092
a1_0	c2_6	0.4314	0.2604	-0.2869	0.2316	1	0.0214	2.0613	0.0393
a1_1	a1_19	0.6560	0.0734	0.2129	0.1534	1	0.1031	2.6062	0.0092
a1_1	a1_20	0.7116	0.1272	0.1006	0.1167	1	0.2659	3.5405	0.0004
a1_1	a1_21	0.6432	0.1318	0.0001	0.2567	1	0.0659	2.2283	0.0259
a1_1	a1_22	0.6867	0.1025	-0.0827	0.2623	1	0.2063	2.7325	0.0063
a1_1	a1_3	0.6238	0.1308	0.0060	0.2262	1	0.0953	2.3650	0.0180
a1_1	b2_5	0.3128	0.1062	-0.1778	0.0868	1	0.2163	3.5767	0.0003
a1_10	a1_18	0.7024	0.0631	0.8868	0.0402	1	-0.0348	-2.4650	0.0137
a1_10	a1_19	0.6160	0.0736	0.9032	0.0523	1	-0.1066	-3.1806	0.0015
a1_10	b2_27	0.1158	0.0410	0.3228	0.0818	1	-0.0240	-2.2626	0.0237
a1_10	c2_3	0.5521	0.0864	0.8432	0.0437	1	-0.0976	-3.0085	0.0026
a1_11	a1_19	0.4681	0.1734	0.9179	0.0107	1	-0.1024	-2.5894	0.0096
a1_11	c2_3	0.5254	0.0899	0.8475	0.0591	1	-0.1069	-2.9940	0.0028
a1_12	a1_20	0.7148	0.0256	0.5898	0.0479	1	0.0164	2.3021	0.0213
a1_12	a1_21	0.6452	0.0447	0.4199	0.0626	1	0.0714	2.9275	0.0034
a1_12	a1_22	0.6065	0.0745	0.2564	0.0608	1	0.1578	3.6411	0.0003
a1_12	a1_23	0.5028	0.0405	0.1441	0.1609	1	0.0269	2.1622	0.0306
a1_12	a1_24	0.4587	0.0758	0.0389	0.1883	1	0.0139	2.0686	0.0386
a1_12	a1_25	0.4351	0.1345	-0.0224	0.1648	1	0.0320	2.1505	0.0315
a1_12	a1_26	0.4875	0.1742	-0.1228	0.1947	1	0.0879	2.3363	0.0195
a1_12	a2_16	0.7931	0.0748	0.5742	0.0561	1	0.0319	2.3409	0.0192
a1_12	a2_8	0.6268	0.1956	0.0368	0.1988	1	0.0322	2.1156	0.0344
a1_12	a2_9	0.7473	0.0740	0.2043	0.1320	1	0.2404	3.5887	0.0003
a1_12	b1_1	0.5675	0.0995	0.1763	0.1251	1	0.0715	2.4470	0.0144
a1_13	a1_22	0.4244	0.1812	-0.1852	0.1791	1	0.1001	2.3929	0.0167
a1_13	a1_23	0.3417	0.1870	-0.2522	0.1934	1	0.0559	2.2077	0.0273
a1_13	a1_24	0.3045	0.2061	-0.3436	0.1748	1	0.1075	2.3977	0.0165
a1_13	a1_25	0.2680	0.2084	-0.3767	0.1022	1	0.1805	2.7778	0.0055
a1_13	a1_26	0.3865	0.2613	-0.4103	0.0860	1	0.2466	2.8965	0.0038
a1_13	a2_16	0.7470	0.1229	0.4119	0.0961	1	0.0231	2.1477	0.0317
a1_13	a2_26	0.5078	0.1947	-0.0479	0.0560	1	0.1505	2.7430	0.0061
a1_13	a2_8	0.5491	0.3206	-0.1775	0.1496	1	0.0189	2.0534	0.0400
a1_13	a2_9	0.6250	0.2026	-0.0671	0.0814	1	0.2553	3.1691	0.0015
a1_13	b1_1	0.3762	0.1927	-0.2102	0.0527	1	0.1868	2.9353	0.0033
a1_13	b1_16	0.2788	0.1438	-0.3749	0.2926	1	0.0016	2.0050	0.0450
a1_13	b1_8	0.4499	0.1904	-0.0927	0.1402	1	0.0697	2.2947	0.0217
a1_13	b1_9	0.3946	0.2911	-0.2413	0.0896	1	0.0266	2.0874	0.0369
a1_14	a2_16	0.6487	0.1838	0.2515	0.0419	1	0.0202	2.1074	0.0351
a1_14	a2_9	0.5956	0.3112	-0.2471	0.1801	1	0.1236	2.3436	0.0191
a1_14	b1_11	0.2686	0.2305	-0.4662	0.2069	1	0.1152	2.3720	0.0177
a1_14	b1_16	0.2483	0.2755	-0.5082	0.2271	1	0.0424	2.1188	0.0341
a1_14	b1_17	0.2698	0.2799	-0.4875	0.2401	1	0.0198	2.0537	0.0400
a1_14	b1_18	0.3358	0.2740	-0.3804	0.2015	1	0.0361	2.1061	0.0352
a1_15	a1_20	0.6283	0.1609	0.0072	0.1809	1	0.1368	2.5649	0.0103
a1_15	a1_21	0.5380	0.2646	-0.1808	0.0972	1	0.1550	2.5499	0.0108
a1_15	a1_22	0.4683	0.2750	-0.3374	0.0944	1	0.2243	2.7714	0.0056
a1_15	a1_23	0.3719	0.3373	-0.4157	0.0754	1	0.0963	2.2787	0.0227
a1_15	a1_24	0.3136	0.3448	-0.4963	0.1213	1	0.0789	2.2158	0.0267
a1_15	a1_25	0.3125	0.3555	-0.5120	0.1289	1	0.0681	2.1802	0.0292
a1_15	a1_26	0.4362	0.3851	-0.5029	0.1855	1	0.0842	2.1969	0.0280
a1_15	a2_9	0.6326	0.1616	-0.2480	0.2257	1	0.3255	3.1727	0.0015
a1_15	b1_1	0.4557	0.3564	-0.3581	0.1584	1	0.0338	2.0866	0.0369
a1_15	b1_19	0.4199	0.2544	-0.2742	0.2349	1	0.0017	2.0048	0.0450
a1_15	b1_20	0.4025	0.1484	-0.2507	0.1876	1	0.1748	2.7309	0.0063
a1_15	b1_21	0.3095	0.1119	-0.1770	0.1591	1	0.0974	2.5008	0.0124
a1_15	c2_4	0.4496	0.2885	-0.2404	0.0558	1	0.1022	2.3476	0.0189
a1_16	a1_20	0.6705	0.1860	0.1581	0.1543	1	0.0290	2.1198	0.0340
a1_16	a1_21	0.5885	0.1936	-0.0357	0.0615	1	0.2179	3.0725	0.0021
a1_16	a1_22	0.5258	0.1648	-0.2127	0.0437	1	0.3976	4.3320	0.0000
a1_16	a1_23	0.4125	0.1893	-0.3142	0.0998	1	0.2988	3.3965	0.0007
a1_16	a1_24	0.3465	0.1774	-0.4000	0.1260	1	0.3112	3.4302	0.0006
a1_16	a1_25	0.3072	0.1440	-0.4501	0.0769	1	0.4308	4.6391	0.0000
a1_16	a1_26	0.4071	0.2166	-0.4811	0.1378	1	0.3748	3.4601	0.0005
a1_16	a1_27	0.4118	0.1567	-0.3231	0.2889	1	0.0777	2.2364	0.0253
a1_16	a2_10	0.6200	0.1340	-0.0154	0.1722	1	0.1991	2.9124	0.0036
a1_16	a2_16	0.6875	0.0851	0.2956	0.1463	1	0.0533	2.3146	0.0206
a1_16	a2_26	0.4029	0.1951	-0.1149	0.0912	1	0.0870	2.4040	0.0162
a1_16	a2_8	0.5056	0.2952	-0.2892	0.1900	1	0.0927	2.2642	0.0236
a1_16	a2_9	0.6410	0.1050	-0.1777	0.1486	1	0.4548	4.4999	0.0000
a1_16	b1_0	0.2329	0.2082	-0.2954	0.0599	1	0.0951	2.4390	0.0147
a1_16	b1_1	0.4849	0.1981	-0.2701	0.0537	1	0.3444	3.6776	0.0002
a1_16	c2_4	0.5318	0.2340	-0.0699	0.1267	1	0.0694	2.2607	0.0238
a1_17	a1_26	0.4942	0.0394	0.0437	0.0618	1	0.3039	6.1441	0.0000
a1_17	a1_27	0.4605	0.0879	0.0658	0.0985	1	0.1308	2.9908	0.0028
a1_17	a2_17	0.5224	0.1227	0.1990	0.0393	1	0.0658	2.5105	0.0121
a1_17	a2_18	0.5048	0.0860	0.0429	0.1403	1	0.1328	2.8073	0.0050
a1_17	a2_8	0.5886	0.1216	0.1792	0.0881	1	0.1091	2.7265	0.0064
a1_17	b2_29	0.0240	0.1804	0.4796	0.0822	1	-0.0590	-2.2978	0.0216
a1_18	a2_17	0.5306	0.1335	0.2478	0.0263	1	0.0106	2.0778	0.0377
a1_18	a2_18	0.5256	0.1023	0.1343	0.1296	1	0.0610	2.3695	0.0178
a1_18	a2_8	0.5885	0.0994	0.3401	0.0497	1	0.0261	2.2344	0.0255
a1_18	b2_27	0.1122	0.0423	0.3783	0.0595	1	-0.1200	-3.6429	0.0003
a1_19	a2_17	0.6354	0.0122	0.3026	0.0768	1	0.1772	4.2784	0.0000
a1_19	a2_18	0.6149	0.1316	0.2411	0.1310	1	0.0024	2.0130	0.0441
a1_19	a2_7	0.6774	0.0672	0.2216	0.2069	1	0.0206	2.0947	0.0362
a1_19	b2_27	0.0278	0.0841	0.3072	0.1038	1	-0.0122	-2.0910	0.0365
a1_2	a1_27	0.8327	0.0636	0.5633	0.0568	1	0.0988	3.1588	0.0016
a1_2	a2_10	0.8609	0.0222	0.7227	0.0625	1	0.0057	2.0866	0.0369
a1_2	a2_17	0.8369	0.0895	0.5985	0.0499	1	0.0334	2.3258	0.0200
a1_2	a2_18	0.8355	0.0287	0.5494	0.0251	1	0.2097	7.4945	0.0000
a1_2	a2_7	0.8882	0.0520	0.5557	0.1117	1	0.0860	2.6984	0.0070
a1_2	a2_8	0.8785	0.0129	0.6828	0.0439	1	0.1041	4.2731	0.0000
a1_20	a1_26	0.8260	0.0492	0.5670	0.1119	1	0.0146	2.1191	0.0341
a1_20	a2_17	0.7795	0.0631	0.3431	0.1292	1	0.1488	3.0345	0.0024
a1_20	a2_18	0.7719	0.0374	0.3239	0.0352	1	0.3452	8.7144	0.0000
a1_20	a2_19	0.8123	0.0459	0.4203	0.1411	1	0.0951	2.6411	0.0083
a1_20	a2_7	0.8240	0.0101	0.3170	0.1257	1	0.2549	4.0218	0.0001
a1_20	a2_8	0.8598	0.0656	0.5891	0.0854	1	0.0554	2.5143	0.0119
a1_20	b1_28	0.2608	0.2424	-0.4583	0.2063	1	0.0825	2.2593	0.0239
a1_20	b1_3	0.6741	0.0350	0.2531	0.1295	1	0.1526	3.1375	0.0017
a1_20	c2_1	0.5461	0.1077	0.0967	0.1550	1	0.0718	2.3805	0.0173
a1_20	c2_2	0.7225	0.0846	0.4074	0.0405	1	0.1274	3.3572	0.0008
a1_21	a2_18	0.7491	0.0324	0.4760	0.0545	1	0.1463	4.3084	0.0000
a1_21	a2_31	0.2230	0.0175	-0.1064	0.1606	1	0.0063	2.0390	0.0415
a1_21	a2_7	0.7857	0.0088	0.4541	0.1295	1	0.0720	2.5547	0.0106
a1_21	c2_1	0.4717	0.1694	-0.1061	0.1592	1	0.1128	2.4852	0.0129
a1_21	c2_2	0.6314	0.0641	0.2220	0.1785	1	0.0301	2.1587	0.0309
a1_21	c2_4	0.8786	0.0106	0.9526	0.0278	1	-0.0146	-2.4920	0.0127
a1_22	b1_3	0.7224	0.0783	0.1468	0.2201	1	0.1083	2.4638	0.0137
a1_22	b1_5	0.2452	0.0519	-0.1759	0.1667	1	0.0719	2.4115	0.0159
a1_22	c2_1	0.4544	0.1663	-0.2734	0.1673	1	0.2560	3.0851	0.0020
a1_22	c2_2	0.6583	0.0450	0.0537	0.2078	1	0.1793	2.8432	0.0045
a1_23	a1_23	0.9703	0.0074	0.9943	0.0023	1	-0.0084	-3.0864	0.0020
a1_23	a2_0	0.7062	0.0180	0.3956	0.1160	1	0.0757	2.6446	0.0082
a1_23	a2_16	0.7387	0.0487	0.5653	0.0515	1	0.0316	2.4458	0.0145
a1_23	a2_19	0.7357	0.0426	0.5663	0.0448	1	0.0458	2.7401	0.0061
a1_23	a2_30	0.4889	0.1629	-0.0675	0.1608	1	0.0987	2.4310	0.0151
a1_23	a2_7	0.7925	0.0379	0.5736	0.0826	1	0.0371	2.4083	0.0160
a1_23	b1_29	-0.0312	0.2194	-0.6024	0.0921	1	0.0954	2.4010	0.0164
a1_23	c2_1	0.3328	0.2336	-0.3835	0.1844	1	0.1210	2.4066	0.0161
a1_24	a2_0	0.7085	0.0738	0.4198	0.0485	1	0.1121	3.2701	0.0011
a1_24	a2_2	0.3630	0.2129	-0.3652	0.2866	1	0.0143	2.0401	0.0413
a1_24	a2_30	0.4630	0.1283	-0.0797	0.0725	1	0.2479	3.6819	0.0002
a1_24	b1_29	-0.0134	0.2465	-0.6186	0.1215	1	0.0556	2.2024	0.0276
a1_24	c2_1	0.2595	0.2449	-0.4737	0.2238	1	0.0696	2.2098	0.0271
a1_25	a2_9	0.7224	0.0550	0.8662	0.0341	1	-0.0144	-2.2220	0.0263
a1_26	b2_10	0.2044	0.2283	-0.4038	0.1328	1	0.0801	2.3031	0.0213
a1_26	b2_11	0.2684	0.1720	-0.3622	0.0360	1	0.2792	3.5886	0.0003
a1_26	b2_12	0.3897	0.1137	-0.1489	0.1730	1	0.1247	2.6025	0.0093
a1_26	b2_14	0.3934	0.2079	-0.1702	0.1830	1	0.0098	2.0354	0.0418
a1_26	b2_18	0.3374	0.2009	-0.2876	0.0432	1	0.2140	3.0414	0.0024
a1_26	b2_20	0.4004	0.1764	-0.1626	0.1375	1	0.1156	2.5167	0.0118
a1_26	b2_27	0.2255	0.0730	-0.2626	0.1696	1	0.1188	2.6433	0.0082
a1_26	c2_2	0.5405	0.1559	-0.2077	0.3002	1	0.0717	2.2119	0.0270
a1_27	b1_20	0.7126	0.1248	0.3841	0.0756	1	0.0367	2.2515	0.0244
a1_27	b2_11	0.2664	0.1239	-0.3607	0.1428	1	0.2489	3.3167	0.0009
a1_27	b2_14	0.3080	0.2175	-0.3319	0.2031	1	0.0448	2.1505	0.0315
a1_27	b2_18	0.4518	0.1032	-0.1609	0.2270	1	0.1141	2.4575	0.0140
a1_27	b2_20	0.4843	0.1731	-0.0379	0.0866	1	0.1351	2.6981	0.0070
a1_3	a1_11	0.4715	0.1085	0.7552	0.0863	1	-0.0064	-2.0465	0.0407
a1_3	a1_12	0.6107	0.0404	0.3614	0.0522	1	0.1174	3.7803	0.0002
a1_3	a1_15	0.5364	0.2708	-0.1962	0.1290	1	0.1326	2.4420	0.0146
a1_3	a1_16	0.5442	0.1527	-0.1098	0.0822	1	0.3072	3.7719	0.0002
a1_3	a1_6	0.7778	0.0469	0.3901	0.1082	1	0.1519	3.2878	0.0010
a1_3	a1_7	0.5632	0.1252	-0.4337	0.3500	1	0.2536	2.6823	0.0073
a1_3	a1_8	0.5203	0.0821	-0.2174	0.1580	1	0.3816	4.1425	0.0000
a1_3	a1_9	0.5862	0.0554	0.1328	0.0860	1	0.2487	4.4307	0.0000
a1_3	c2_2	0.5855	0.0530	0.1550	0.1479	1	0.1162	2.7396	0.0062
a1_4	a1_10	0.5135	0.0723	0.7325	0.0813	1	-0.0014	-2.0130	0.0441
a1_4	a1_11	0.3979	0.0960	0.8001	0.0461	1	-0.1892	-3.7760	0.0002
a1_4	a1_15	0.4508	0.1862	-0.1998	0.1779	1	0.1356	2.5267	0.0115
a1_4	a1_16	0.4373	0.0554	-0.0500	0.1906	1	0.0903	2.4552	0.0141
a1_4	a1_19	0.6006	0.0270	0.8244	0.0100	1	-0.1661	-7.7602	0.0000
a1_4	a1_7	0.4299	0.2906	-0.4687	0.2090	1	0.1827	2.5102	0.0121
a1_4	a1_8	0.3959	0.1028	-0.2382	0.0468	1	0.4081	5.6139	0.0000
a1_5	a1_10	0.6379	0.0313	0.8348	0.0622	1	-0.0578	-2.8298	0.0047
a1_5	a1_11	0.5564	0.0853	0.8501	0.0541	1	-0.0917	-2.9074	0.0036
a1_5	a1_15	0.5891	0.1071	0.0883	0.2163	1	0.0180	2.0745	0.0380
a1_5	a1_16	0.6318	0.0566	0.2231	0.0691	1	0.2301	4.5766	0.0000
a1_5	a1_8	0.5589	0.0875	0.0022	0.2188	1	0.0855	2.3627	0.0181
a1_5	a1_9	0.6541	0.0195	0.4197	0.0768	1	0.0759	2.9576	0.0031
a1_6	a1_20	0.8296	0.0264	0.5471	0.0722	1	0.1288	3.6760	0.0002
a1_6	a1_21	0.7784	0.0370	0.4049	0.1646	1	0.0362	2.2145	0.0268
a1_6	a1_22	0.7733	0.0742	0.2734	0.1712	1	0.1266	2.6783	0.0074
a1_6	a2_10	0.8403	0.0445	0.3728	0.1883	1	0.0805	2.4158	0.0157
a1_6	a2_11	0.6954	0.2057	0.1676	0.1498	1	0.0189	2.0743	0.0381
a1_6	a2_26	0.7592	0.1008	0.2883	0.1715	1	0.0729	2.3666	0.0180
a1_6	a2_8	0.7790	0.1192	0.1986	0.2547	1	0.0181	2.0642	0.0390
a1_6	a2_9	0.8517	0.0304	0.3222	0.1337	1	0.2553	3.8621	0.0001
a1_7	a1_19	0.5814	0.1370	-0.2245	0.3336	1	0.0846	2.2347	0.0254
a1_7	a1_20	0.6740	0.1087	-0.3495	0.2455	1	0.4865	3.8120	0.0001
a1_7	a1_21	0.5792	0.1204	-0.4491	0.3340	1	0.3182	2.8962	0.0038
a1_7	a1_22	0.6294	0.1254	-0.5222	0.3286	1	0.4483	3.2746	0.0011
a1_7	a1_23	0.5911	0.1038	-0.5076	0.4241	1	0.2255	2.5166	0.0119
a1_7	a1_24	0.5253	0.0403	-0.5334	0.4133	1	0.2282	2.5494	0.0108
a1_7	a1_25	0.5009	0.1528	-0.4671	0.3994	1	0.1128	2.2638	0.0236
a1_7	b1_1	0.5603	0.0913	-0.4211	0.4650	1	0.0336	2.0708	0.0384
a1_7	b1_15	0.5815	0.1415	-0.3382	0.4352	1	0.0044	2.0097	0.0445
a1_7	b1_17	0.6284	0.0908	-0.4801	0.5071	1	0.0783	2.1520	0.0314
a1_7	b1_25	0.6948	0.0700	0.4377	0.0728	1	0.0551	2.5463	0.0109
a1_7	b1_3	0.7700	0.0977	0.4397	0.1063	1	0.0417	2.2892	0.0221
a1_7	b2_5	0.0648	0.1269	-0.4576	0.0848	1	0.2170	3.4218	0.0006
a1_7	c2_3	0.7351	0.0232	0.0162	0.3550	1	0.0073	2.0206	0.0433
a1_7	c2_4	0.6679	0.0941	-0.4498	0.4172	1	0.2623	2.6134	0.0090
a1_8	a1_19	0.6052	0.1599	-0.0477	0.2412	1	0.0740	2.2558	0.0241
a1_8	a1_20	0.6257	0.1013	-0.1456	0.0699	1	0.5251	6.2659	0.0000
a1_8	a1_21	0.5289	0.1172	-0.2467	0.1999	1	0.3122	3.3474	0.0008
a1_8	a1_22	0.5769	0.1061	-0.3222	0.2062	1	0.4353	3.8772	0.0001
a1_8	a1_23	0.4884	0.1861	-0.2985	0.3147	1	0.0558	2.1525	0.0314
a1_8	a1_24	0.4411	0.1583	-0.3305	0.3078	1	0.0792	2.2289	0.0258
a1_8	a1_25	0.4243	0.0407	-0.3048	0.3050	1	0.1137	2.3696	0.0178
a1_8	b1_1	0.5088	0.1088	-0.2495	0.3326	1	0.0584	2.1668	0.0303
a1_8	c2_3	0.7145	0.1155	0.1578	0.1972	1	0.0996	2.4360	0.0149
a1_8	c2_4	0.5683	0.1835	-0.2325	0.3148	1	0.0721	2.1978	0.0280
a1_9	a1_20	0.7046	0.0485	0.3594	0.0285	1	0.2328	6.1410	0.0000
a1_9	a1_21	0.6020	0.0707	0.1852	0.1325	1	0.1165	2.7757	0.0055
a1_9	a1_22	0.6056	0.0952	0.0220	0.1367	1	0.2505	3.5043	0.0005
a1_9	a1_23	0.5120	0.0818	-0.0558	0.2631	1	0.0167	2.0605	0.0394
a1_9	a1_25	0.4203	0.1467	-0.1772	0.2390	1	0.0368	2.1311	0.0331
a1_9	a1_26	0.5236	0.1784	-0.2234	0.2482	1	0.1357	2.4439	0.0145
a1_9	a2_26	0.6204	0.0722	0.1075	0.1115	1	0.2473	3.8620	0.0001
a1_9	a2_8	0.6688	0.2244	-0.0270	0.2071	1	0.0851	2.2787	0.0227
a1_9	a2_9	0.7426	0.0788	0.0972	0.0864	1	0.4115	5.5208	0.0000
a1_9	b1_1	0.5416	0.0849	-0.0002	0.2030	1	0.1017	2.4620	0.0138
a2_0	b1_15	0.5827	0.0728	0.3425	0.0615	1	0.0496	2.5202	0.0117
a2_0	b1_17	0.6610	0.0701	0.2923	0.1441	1	0.0482	2.3007	0.0214
a2_0	b1_20	0.6470	0.1654	0.0674	0.2224	1	0.0253	2.0914	0.0365
a2_0	b1_21	0.6693	0.0875	0.0317	0.2867	1	0.0381	2.1272	0.0334
a2_0	c2_4	0.6752	0.0608	0.1902	0.1290	1	0.1998	3.4016	0.0007
a2_1	b1_11	0.5844	0.1561	0.0803	0.1892	1	0.0135	2.0552	0.0399
a2_1	b1_15	0.4686	0.1897	-0.0676	0.1684	1	0.0288	2.1135	0.0346
a2_1	b1_21	0.5013	0.1890	-0.2278	0.3012	1	0.0178	2.0501	0.0404
a2_1	b1_22	0.5710	0.1477	-0.1540	0.3246	1	0.0117	2.0329	0.0421
a2_1	c2_4	0.6157	0.1990	-0.1158	0.1691	1	0.2091	2.8004	0.0051
a2_11	b1_23	0.6002	0.0924	-0.0050	0.1189	1	0.3040	4.0191	0.0001
a2_11	b1_3	0.5724	0.0834	0.1819	0.0896	1	0.1457	3.1902	0.0014
a2_12	b1_22	0.4944	0.1451	0.0423	0.0913	1	0.1092	2.6370	0.0084
a2_12	b1_23	0.4877	0.0198	-0.0637	0.0980	1	0.3514	5.5147	0.0000
a2_12	b1_3	0.4406	0.0743	0.0624	0.1318	1	0.0756	2.5001	0.0124
a2_13	b1_23	0.4048	0.1931	-0.0908	0.1230	1	0.0376	2.1643	0.0304
a2_13	b2_4	0.3885	0.1752	-0.4218	0.1067	1	0.4000	3.9499	0.0001
a2_14	b2_12	0.3923	0.0867	-0.1847	0.1044	1	0.3056	4.2524	0.0000
a2_14	b2_14	0.3733	0.1540	-0.1953	0.0874	1	0.2144	3.2106	0.0013
a2_14	b2_16	0.5115	0.1408	-0.0491	0.0997	1	0.2155	3.2487	0.0012
a2_15	a2_17	0.2930	0.0500	0.5141	0.0457	1	-0.0857	-3.2652	0.0011
a2_15	b2_14	0.2930	0.0453	-0.1098	0.1761	1	0.0392	2.2158	0.0267
a2_16	b2_11	0.3763	0.0811	0.0147	0.1245	1	0.0644	2.4330	0.0150
a2_16	c2_4	0.7597	0.0511	0.6015	0.0600	1	0.0005	2.0068	0.0448
a2_17	c2_3	0.7216	0.0373	0.2915	0.1842	1	0.0541	2.2878	0.0221
a2_17	c2_5	0.6583	0.0330	0.3879	0.0475	1	0.1547	4.6749	0.0000
a2_18	b1_2	0.8514	0.0332	0.7186	0.0254	1	0.0492	3.1753	0.0015
a2_18	b2_11	0.2532	0.2426	-0.3432	0.1151	1	0.0594	2.2211	0.0263
a2_18	c2_2	0.6967	0.0809	-0.1508	0.3792	1	0.0721	2.1860	0.0288
a2_18	c2_3	0.7593	0.0474	0.1875	0.2380	1	0.0865	2.3566	0.0184
a2_18	c2_4	0.7562	0.0863	0.4217	0.1088	1	0.0568	2.4092	0.0160
a2_19	c2_4	0.7546	0.0272	0.4596	0.0443	1	0.1911	5.6785	0.0000
a2_2	b1_14	0.4710	0.2107	-0.4236	0.3349	1	0.1032	2.2608	0.0238
a2_2	b1_15	0.3876	0.2013	-0.3466	0.2483	1	0.0948	2.2967	0.0216
a2_2	b1_16	0.3560	0.2146	-0.3453	0.2573	1	0.0313	2.0933	0.0363
a2_2	b1_17	0.4251	0.2014	-0.4909	0.2799	1	0.2263	2.6562	0.0079
a2_2	b1_18	0.3730	0.2204	-0.4263	0.2744	1	0.0955	2.2712	0.0231
a2_2	b1_19	0.3864	0.2218	-0.4463	0.2759	1	0.1247	2.3524	0.0187
a2_2	b1_20	0.3450	0.0964	-0.4777	0.2475	1	0.2914	3.0968	0.0020
a2_2	b1_4	0.7135	0.0498	0.3077	0.1849	1	0.0228	2.1193	0.0341
a2_2	b1_5	0.6394	0.1212	0.2372	0.1450	1	0.0243	2.1283	0.0333
a2_2	c2_4	0.5010	0.1883	-0.3324	0.3308	1	0.0722	2.1897	0.0285
a2_2	c2_5	0.3472	0.1995	-0.2207	0.1431	1	0.0768	2.3130	0.0207
a2_20	b1_28	0.5000	0.1437	0.1072	0.0945	1	0.0488	2.2836	0.0224
a2_23	b1_11	0.3981	0.1513	-0.1656	0.2361	1	0.0029	2.0103	0.0444
a2_23	b1_17	0.3742	0.2334	-0.2290	0.1797	1	0.0140	2.0475	0.0406
a2_23	b1_22	0.4746	0.0607	-0.1556	0.2906	1	0.0365	2.1229	0.0338
a2_23	b1_23	0.5801	0.1178	-0.0128	0.1792	1	0.1640	2.7649	0.0057
a2_23	b1_26	0.6599	0.0579	0.1564	0.1718	1	0.1408	2.7766	0.0055
a2_23	b1_8	0.4857	0.1061	-0.0149	0.1305	1	0.1643	2.9769	0.0029
a2_23	b2_5	0.0817	0.1568	-0.3459	0.1080	1	0.0468	2.2459	0.0247
a2_24	b1_15	0.3549	0.0873	0.0327	0.0992	1	0.0579	2.4377	0.0148
a2_24	b1_17	0.4813	0.1172	0.0711	0.1428	1	0.0407	2.2204	0.0264
a2_24	b1_21	0.5538	0.1493	0.0651	0.1118	1	0.1156	2.6195	0.0088
a2_24	b1_22	0.6549	0.0649	0.0252	0.0805	1	0.4228	6.0884	0.0000
a2_24	b1_23	0.6641	0.0430	-0.0305	0.1189	1	0.4416	5.4915	0.0000
a2_24	b1_3	0.6198	0.1271	0.2770	0.0203	1	0.0854	2.6634	0.0077
a2_25	b1_20	0.6373	0.2049	0.1615	0.0717	1	0.0416	2.1914	0.0284
a2_25	b1_21	0.5616	0.0938	0.1511	0.0680	1	0.1789	3.5444	0.0004
a2_25	b1_22	0.5944	0.0767	0.1263	0.1093	1	0.2011	3.5064	0.0005
a2_26	b2_10	0.0784	0.0427	-0.2890	0.1131	1	0.1255	3.0374	0.0024
a2_26	b2_11	0.2024	0.0879	-0.2802	0.0667	1	0.2620	4.3745	0.0000
a2_26	b2_18	0.3784	0.1625	-0.0919	0.0899	1	0.0988	2.5321	0.0113
a2_26	c2_2	0.5257	0.1193	0.0873	0.1619	1	0.0364	2.1808	0.0292
a2_27	b1_20	0.5206	0.0354	0.3663	0.0683	1	0.0005	2.0065	0.0448
a2_27	b2_11	0.2146	0.1102	-0.0999	0.0540	1	0.0690	2.5624	0.0104
a2_28	b1_17	0.5208	0.0526	0.2911	0.0745	1	0.0473	2.5182	0.0118
a2_28	b1_18	0.5475	0.0928	0.3255	0.0267	1	0.0288	2.2987	0.0215
a2_28	b1_20	0.6268	0.1296	0.1587	0.0566	1	0.1853	3.3097	0.0009
a2_28	b1_21	0.5674	0.1252	0.1483	0.0329	1	0.1602	3.2374	0.0012
a2_28	b1_22	0.6083	0.1734	0.1213	0.0878	1	0.0983	2.5061	0.0122
a2_28	b2_11	0.2298	0.0644	-0.1391	0.0625	1	0.1893	4.1085	0.0000
a2_29	b1_22	0.6281	0.1643	0.0811	0.0928	1	0.1697	2.8997	0.0037
a2_29	b1_23	0.6010	0.1580	-0.0134	0.2376	1	0.0437	2.1532	0.0313
a2_3	a2_30	0.1934	0.2211	0.7400	0.0877	1	-0.0710	-2.2984	0.0215
a2_30	b1_11	0.4005	0.1052	-0.0365	0.1467	1	0.0759	2.4207	0.0155
a2_30	b1_15	0.2707	0.1151	-0.1153	0.0407	1	0.1418	3.1614	0.0016
a2_30	b1_16	0.3223	0.0040	-0.0786	0.1219	1	0.1569	3.2859	0.0010
a2_30	b1_17	0.3978	0.0674	-0.1466	0.1551	1	0.2061	3.2184	0.0013
a2_30	b1_20	0.4312	0.2194	-0.1603	0.1813	1	0.0223	2.0782	0.0377
a2_30	b1_21	0.4233	0.0890	-0.1569	0.1352	1	0.2565	3.5846	0.0003
a2_30	b1_22	0.5475	0.1424	-0.1466	0.1228	1	0.3182	3.6926	0.0002
a2_30	b1_23	0.5710	0.1296	-0.0941	0.0685	1	0.3719	4.5366	0.0000
a2_30	b1_29	-0.0610	0.1619	0.3984	0.0811	1	-0.0973	-2.5374	0.0112
a2_30	b1_9	0.5186	0.0686	0.1580	0.1123	1	0.0974	2.7402	0.0061
a2_30	c2_4	0.5364	0.0926	-0.1712	0.1800	1	0.3028	3.4958	0.0005
a2_31	b1_1	0.1819	0.0629	-0.0739	0.0933	1	0.0308	2.2736	0.0230
a2_31	c2_4	0.2100	0.1199	-0.1848	0.0690	1	0.1181	2.8538	0.0043
a2_5	b1_27	0.7201	0.0730	0.4367	0.0829	1	0.0624	2.5654	0.0103
a2_5	c2_2	0.7787	0.1240	0.2820	0.2117	1	0.0059	2.0241	0.0430
a2_6	a2_23	0.7793	0.0303	0.5525	0.0776	1	0.0602	2.7223	0.0065
a2_6	b2_4	0.3685	0.3121	-0.3563	0.1556	1	0.0274	2.0785	0.0377
a2_6	c2_1	0.6484	0.1085	0.0241	0.2318	1	0.1124	2.4390	0.0147
a2_6	c2_2	0.7377	0.1203	0.2127	0.1960	1	0.0651	2.2833	0.0224
a2_6	c2_4	0.6785	0.1878	0.1176	0.1736	1	0.0494	2.1933	0.0283
a2_7	b1_15	0.6838	0.0669	0.4530	0.0768	1	0.0271	2.2658	0.0235
a2_7	c2_2	0.7354	0.0629	-0.0657	0.3846	1	0.0216	2.0555	0.0398
a2_7	c2_3	0.7915	0.0611	0.2380	0.2073	1	0.1213	2.5614	0.0104
a2_7	c2_4	0.7928	0.0373	0.4028	0.0277	1	0.2971	8.3929	0.0000
a2_7	c2_5	0.6848	0.0553	0.3461	0.1563	1	0.0072	2.0432	0.0410
a2_8	a2_17	0.8643	0.0398	0.7452	0.0195	1	0.0305	2.6893	0.0072
a2_8	b2_10	0.2643	0.2080	-0.3119	0.1762	1	0.0310	2.1137	0.0345
a2_8	b2_11	0.3140	0.1905	-0.3370	0.0098	1	0.2696	3.4136	0.0006
a2_8	b2_20	0.5503	0.2580	-0.0068	0.1020	1	0.0022	2.0080	0.0446
a2_8	c2_2	0.6949	0.0346	-0.0580	0.2500	1	0.2482	2.9833	0.0029
a2_8	c2_3	0.7568	0.0330	0.3927	0.1428	1	0.0709	2.4837	0.0130
a2_9	b1_1	0.8279	0.0206	0.9276	0.0438	1	-0.0028	-2.0583	0.0396
a2_9	b2_11	0.2568	0.1365	-0.1977	0.1424	1	0.0599	2.3039	0.0212
a2_9	c2_1	0.4156	0.2053	-0.2923	0.2610	1	0.0438	2.1319	0.0330
a2_9	c2_2	0.6496	0.0346	0.0718	0.1414	1	0.2867	3.9702	0.0001
b1_1	b1_9	0.9121	0.0147	0.9554	0.0062	1	-0.0113	-2.7079	0.0068
b1_1	b2_12	0.5399	0.1003	0.0640	0.1418	1	0.1286	2.7403	0.0061
b1_1	c2_1	0.3432	0.2215	-0.3411	0.2439	1	0.0253	2.0769	0.0378
b1_10	b2_18	0.5259	0.2576	-0.0984	0.1006	1	0.0713	2.2579	0.0240
b1_10	c2_1	0.2873	0.1474	-0.5461	0.2983	1	0.1679	2.5046	0.0123
b1_11	b2_18	0.4776	0.1564	0.0219	0.1310	1	0.0478	2.2342	0.0255
b1_11	c2_1	0.3592	0.0834	-0.4667	0.3470	1	0.1121	2.3141	0.0207
b1_11	c2_6	0.6626	0.1025	0.1107	0.2128	1	0.0795	2.3364	0.0195
b1_12	c2_6	0.3878	0.1182	-0.1066	0.2078	1	0.0163	2.0680	0.0386
b1_13	c2_6	0.4004	0.1480	-0.2278	0.2302	1	0.0808	2.2950	0.0217
b1_14	b1_18	0.8140	0.0257	0.9194	0.0402	1	-0.0099	-2.2078	0.0273
b1_14	c2_6	0.6922	0.1718	-0.0743	0.1238	1	0.3430	3.6197	0.0003
b1_15	b1_29	0.0698	0.1658	-0.5255	0.1895	1	0.0917	2.3642	0.0181
b1_16	c2_1	0.3694	0.1659	-0.4512	0.3629	1	0.0225	2.0563	0.0398
b1_17	b1_28	0.1508	0.2579	-0.5822	0.2476	1	0.0179	2.0502	0.0403
b1_17	b1_29	0.0229	0.0760	-0.5552	0.2730	1	0.0114	2.0403	0.0413
b1_17	c2_1	0.3661	0.0737	-0.3857	0.3553	1	0.0261	2.0718	0.0383
b1_17	c2_6	0.6596	0.1178	0.1241	0.1512	1	0.1523	2.7947	0.0052
b1_18	b2_12	0.5970	0.0908	0.1081	0.2071	1	0.0366	2.1616	0.0306
b1_18	c2_6	0.6391	0.1676	-0.0633	0.2433	1	0.1115	2.3773	0.0174
b1_19	b1_28	0.2301	0.2309	-0.4003	0.2030	1	0.0156	2.0507	0.0403
b1_19	b2_12	0.5760	0.1473	0.1971	0.0689	1	0.0536	2.3294	0.0198
b1_19	b2_14	0.5933	0.1605	0.2243	0.0526	1	0.0311	2.1843	0.0289
b1_19	c2_6	0.7513	0.0762	-0.1393	0.3824	1	0.1108	2.2842	0.0224
b1_20	c2_6	0.7051	0.0882	-0.1657	0.3664	1	0.1170	2.3104	0.0209
b1_21	c2_6	0.6226	0.0932	-0.2108	0.2936	1	0.2173	2.7052	0.0068
b1_22	b2_12	0.5476	0.0416	0.2049	0.1233	1	0.0824	2.6327	0.0085
b1_22	c2_6	0.5481	0.1905	-0.2265	0.2170	1	0.1972	2.6829	0.0073
b1_23	c2_6	0.4765	0.2123	-0.2706	0.1555	1	0.2208	2.8392	0.0045
b1_24	b2_3	0.4557	0.1058	0.1444	0.0369	1	0.0872	2.7781	0.0055
b1_24	b2_7	0.4644	0.0624	0.2494	0.0577	1	0.0449	2.5288	0.0114
b1_24	c2_6	0.3073	0.1726	-0.2211	0.1907	1	0.0140	2.0543	0.0399
b1_25	b2_21	0.5612	0.1177	0.2003	0.0756	1	0.0812	2.5803	0.0099
b1_26	b2_23	0.0871	0.0605	-0.1652	0.0621	1	0.0789	2.9107	0.0036
b1_28	c2_4	0.2019	0.3115	-0.5976	0.1334	1	0.1217	2.3590	0.0183
b1_29	c2_5	-0.1055	0.0991	-0.5534	0.1517	1	0.0856	2.4724	0.0134
b1_3	b2_5	0.3849	0.1655	0.0075	0.0719	1	0.0165	2.0914	0.0365
b1_4	b2_2	0.2777	0.0881	-0.0631	0.0979	1	0.0775	2.5884	0.0096
b1_4	b2_20	0.6299	0.1249	0.2255	0.1044	1	0.0789	2.4850	0.0130
b1_4	c2_6	0.2704	0.2437	-0.3630	0.0472	1	0.1369	2.5512	0.0107
b1_5	b1_17	0.3776	0.1171	-0.0510	0.1625	1	0.0281	2.1401	0.0323
b1_5	c2_4	0.3332	0.0228	-0.1722	0.1157	1	0.2695	4.2849	0.0000
b1_5	c2_5	0.3047	0.1525	-0.3502	0.2561	1	0.0589	2.1977	0.0280
b1_5	c2_6	0.3410	0.1744	-0.4104	0.1026	1	0.3468	3.7142	0.0002
b1_6	b2_2	0.3034	0.0668	-0.1596	0.1181	1	0.1915	3.4111	0.0006
b1_6	b2_31	0.2321	0.0614	-0.1557	0.1155	1	0.1262	2.9652	0.0030
b1_6	b2_5	0.4050	0.1359	-0.1995	0.1245	1	0.2359	3.2795	0.0010
b1_6	b2_8	0.3467	0.1586	-0.0235	0.0368	1	0.0447	2.2744	0.0229
b1_6	c2_2	0.6772	0.0454	0.3742	0.0887	1	0.1039	3.0430	0.0023
b1_6	c2_6	0.4173	0.2308	-0.3341	0.1525	1	0.1983	2.7167	0.0066
b1_7	b2_25	0.3475	0.0996	-0.0813	0.1578	1	0.0556	2.2981	0.0216
b1_7	b2_31	0.3672	0.0631	0.0675	0.0636	1	0.1204	3.3427	0.0008
b1_7	b2_7	0.4072	0.0624	-0.0231	0.1176	1	0.1641	3.2331	0.0012
b1_8	b2_18	0.5687	0.1769	0.0103	0.0411	1	0.1952	3.0746	0.0021
b1_8	c2_6	0.6554	0.1824	0.0871	0.0985	1	0.1537	2.7415	0.0061
b1_9	b2_11	0.3495	0.0746	-0.2156	0.1451	1	0.2388	3.4636	0.0005
b1_9	b2_18	0.4426	0.2495	-0.0739	0.0566	1	0.0047	2.0184	0.0435
b1_9	c2_1	0.2945	0.2076	-0.4436	0.2896	1	0.0254	2.0714	0.0383
b2_11	b2_17	0.3545	0.2126	0.7971	0.0476	1	-0.0070	-2.0320	0.0422
b2_11	c2_1	0.0699	0.0421	0.5021	0.1478	1	-0.1247	-2.8112	0.0049
b2_12	b2_17	0.2679	0.1175	0.7157	0.1444	1	-0.0754	-2.4048	0.0162
b2_12	c2_5	0.5325	0.1045	0.2493	0.0465	1	0.0545	2.4761	0.0133
b2_2	b2_16	0.0922	0.1086	0.6461	0.1464	1	-0.1893	-3.0383	0.0024
b2_2	b2_7	0.7792	0.0553	0.9220	0.0068	1	-0.0313	-2.5606	0.0104
b2_27	b2_28	0.8850	0.0551	0.7147	0.0431	1	0.0304	2.4354	0.0149
b2_3	c2_2	0.2980	0.0966	0.0731	0.0535	1	0.0040	2.0359	0.0418
b2_31	b2_31	0.8165	0.0644	0.9632	0.0132	1	-0.0153	-2.2336	0.0255
b2_4	b2_29	-0.2444	0.2874	0.4709	0.1290	1	-0.0853	-2.2707	0.0232
b2_4	b2_30	0.0875	0.0879	0.5024	0.1066	1	-0.1386	-3.0030	0.0027
b2_5	b2_24	0.6543	0.0239	0.8441	0.0206	1	-0.1267	-6.0140	0.0000
b2_5	b2_31	0.5988	0.0888	0.8231	0.0567	1	-0.0135	-2.1285	0.0333
b2_6	c2_2	0.1402	0.0718	-0.0572	0.0470	1	0.0258	2.3005	0.0214
b2_7	b2_16	0.5280	0.0085	0.7997	0.0866	1	-0.0976	-3.1216	0.0018
b2_7	b2_17	0.2438	0.0924	0.6216	0.0706	1	-0.1452	-3.2487	0.0012
b2_7	b2_21	0.7051	0.0446	0.8343	0.0374	1	-0.0129	-2.2219	0.0263
b2_8	b2_16	0.1026	0.2451	0.7295	0.1200	1	-0.0810	-2.2969	0.0216
b2_8	b2_21	0.5110	0.1564	0.8503	0.0320	1	-0.0200	-2.1250	0.0336
c2_1	c2_4	0.5153	0.1352	-0.1498	0.1604	1	0.2454	3.1698	0.0015
c2_2	c2_3	0.8451	0.0030	0.7074	0.0562	1	0.0250	2.4433	0.0146
c2_4	c2_6	0.6442	0.0956	0.1571	0.1709	1	0.0954	2.4873	0.0129
c2_5	c2_6	0.7726	0.0471	0.4189	0.1001	1	0.1324	3.1968	0.0014
