rgn	WT.pcca2	WT.pcca2	bN82A.pcca2	bN82A.pcca2	aT41A.pcca1	aT41A.pcca1
	mf	sf	mf	sf	mf	sf
a1_0	0.4112	0.0208	0.4112	0.0281	0.4198	0.0299
a1_1	0.0453	0.0093	0.0269	0.0050	0.0369	0.0135
a1_10	0.1192	0.0339	0.1476	0.0430	0.1421	0.0145
a1_11	0.6573	0.0462	0.6716	0.0421	0.6576	0.0291
a1_12	0.2737	0.0208	0.2882	0.0091	0.2955	0.0403
a1_13	0.1229	0.0175	0.1309	0.0087	0.1361	0.0245
a1_14	0.3111	0.0290	0.3146	0.0172	0.3175	0.0246
a1_15	0.3293	0.0128	0.3735	0.0323	0.3441	0.0240
a1_16	0.1255	0.0232	0.1400	0.0367	0.1423	0.0067
a1_17	0.3849	0.0211	0.4092	0.0344	0.3889	0.0244
a1_18	0.1943	0.0764	0.1545	0.0254	0.1297	0.0296
a1_19	0.1863	0.0325	0.2082	0.0056	0.2070	0.0300
a1_2	0.0304	0.0075	0.0229	0.0045	0.0261	0.0088
a1_20	0.2280	0.0051	0.2144	0.0089	0.2035	0.0332
a1_21	0.2237	0.0160	0.2219	0.0326	0.2381	0.0227
a1_22	0.2093	0.0156	0.2299	0.0083	0.2535	0.0383
a1_23	0.2191	0.0186	0.1968	0.0215	0.2016	0.0148
a1_24	0.3197	0.0202	0.3472	0.0070	0.3603	0.0153
a1_25	0.4484	0.0018	0.4639	0.0170	0.4511	0.0139
a1_26	0.3448	0.0139	0.3408	0.0069	0.3166	0.0219
a1_27	0.2488	0.0188	0.2627	0.0092	0.2489	0.0192
a1_3	0.1027	0.0069	0.0950	0.0054	0.0809	0.0030
a1_4	0.3422	0.0246	0.3350	0.0212	0.3559	0.0078
a1_5	0.1759	0.0622	0.1797	0.0289	0.1602	0.0615
a1_6	0.0082	0.0012	0.0057	0.0011	0.0076	0.0023
a1_7	0.1295	0.0114	0.1441	0.0222	0.1260	0.0365
a1_8	0.1855	0.0125	0.1487	0.0209	0.1314	0.0508
a1_9	0.0129	0.0069	0.0221	0.0072	0.0165	0.0136
a2_0	0.2846	0.0248	0.2877	0.0227	0.2879	0.0320
a2_1	0.1235	0.0265	0.1376	0.0146	0.1394	0.0301
a2_10	0.3011	0.0320	0.2945	0.0328	0.2690	0.0402
a2_11	0.1638	0.0142	0.1758	0.0059	0.1772	0.0072
a2_12	0.5770	0.0157	0.5811	0.0166	0.6118	0.0265
a2_13	0.5881	0.0142	0.5626	0.0502	0.5558	0.0185
a2_14	0.5209	0.0371	0.5177	0.0455	0.5176	0.0229
a2_15	0.2316	0.0430	0.3201	0.0166	0.2628	0.0609
a2_16	0.0734	0.0209	0.1044	0.0194	0.0766	0.0201
a2_17	0.2947	0.0154	0.3011	0.0305	0.2988	0.0261
a2_18	0.1730	0.0202	0.1918	0.0190	0.1805	0.0156
a2_19	0.1601	0.0128	0.1232	0.0069	0.1276	0.0226
a2_2	0.2068	0.0191	0.2150	0.0308	0.2336	0.0071
a2_20	0.0889	0.0156	0.0744	0.0195	0.0794	0.0211
a2_21	0.2231	0.0272	0.2162	0.0257	0.2024	0.0306
a2_22	0.1608	0.0278	0.2029	0.0445	0.1733	0.0095
a2_23	0.4431	0.0049	0.4136	0.0334	0.4287	0.0247
a2_24	0.1577	0.0083	0.1489	0.0156	0.1324	0.0198
a2_25	0.1050	0.0131	0.0928	0.0018	0.1018	0.0102
a2_26	0.2520	0.0428	0.2240	0.0116	0.2241	0.0156
a2_27	0.5847	0.0564	0.6303	0.0172	0.6189	0.0195
a2_28	0.4193	0.0032	0.4391	0.0242	0.4278	0.0267
a2_29	0.4543	0.0154	0.4563	0.0187	0.4578	0.0154
a2_3	0.3801	0.0323	0.3967	0.0184	0.4094	0.0653
a2_30	0.2181	0.0234	0.2193	0.0392	0.2577	0.0354
a2_31	0.3685	0.0484	0.4643	0.0699	0.3862	0.0117
a2_32	0.6356	0.0852	0.6617	0.1069	0.7194	0.1115
a2_4	0.5602	0.0230	0.5656	0.0181	0.5823	0.0271
a2_5	0.1053	0.0038	0.1068	0.0099	0.0993	0.0028
a2_6	0.0397	0.0102	0.0441	0.0031	0.0423	0.0136
a2_7	0.1493	0.0019	0.1472	0.0095	0.1715	0.0236
a2_8	0.0006	0.0004	0.0002	0.0003	0.0002	0.0002
a2_9	0.1197	0.0070	0.0920	0.0132	0.1051	0.0337
b1_0	0.4850	0.0091	0.4760	0.0131	0.4850	0.0212
b1_1	0.0310	0.0060	0.0311	0.0024	0.0328	0.0036
b1_10	0.2813	0.0115	0.2952	0.0188	0.2751	0.0210
b1_11	0.1025	0.0106	0.1203	0.0016	0.1225	0.0046
b1_12	0.1037	0.0136	0.1277	0.0139	0.1919	0.0306
b1_13	0.4012	0.0231	0.3815	0.0046	0.4625	0.0588
b1_14	0.2511	0.0088	0.2704	0.0234	0.2399	0.0149
b1_15	0.3471	0.0215	0.3323	0.0284	0.3336	0.0285
b1_16	0.2885	0.0314	0.3006	0.0227	0.2832	0.0213
b1_17	0.2474	0.0352	0.2317	0.0359	0.2706	0.0275
b1_18	0.3065	0.0242	0.3116	0.0089	0.3138	0.0393
b1_19	0.2283	0.0432	0.2497	0.0272	0.2335	0.0492
b1_2	0.0173	0.0021	0.0298	0.0186	0.0248	0.0029
b1_20	0.5365	0.0083	0.5725	0.0379	0.5660	0.0809
b1_21	0.2685	0.0099	0.2740	0.0297	0.2289	0.0253
b1_22	0.3347	0.0025	0.3453	0.0064	0.2686	0.0948
b1_23	0.2227	0.0173	0.2247	0.0654	0.2551	0.0766
b1_24	0.2482	0.0312	0.2553	0.0380	0.2197	0.0336
b1_25	0.2600	0.0110	0.3121	0.0320	0.2860	0.0354
b1_26	0.1718	0.0062	0.1614	0.0412	0.1574	0.0277
b1_27	0.1614	0.0210	0.1708	0.0052	0.2098	0.0644
b1_28	0.2422	0.0121	0.2068	0.0140	0.2425	0.0557
b1_29	0.4003	0.0784	0.3772	0.0696	0.3448	0.0240
b1_3	0.0159	0.0048	0.0281	0.0022	0.0219	0.0136
b1_4	0.2584	0.0252	0.2480	0.0323	0.2971	0.0103
b1_5	0.5129	0.1092	0.4726	0.1030	0.5208	0.0761
b1_6	0.4416	0.0228	0.4051	0.0075	0.4152	0.0337
b1_7	0.1697	0.0118	0.1722	0.0075	0.2209	0.0533
b1_8	0.0309	0.0035	0.0639	0.0115	0.0629	0.0198
b1_9	0.0436	0.0128	0.0402	0.0043	0.0543	0.0064
b2_0	0.4256	0.0567	0.4360	0.0248	0.4364	0.0397
b2_1	0.2158	0.0214	0.2384	0.0146	0.2310	0.0265
b2_10	0.3273	0.0132	0.2971	0.0101	0.3188	0.0104
b2_11	0.3009	0.0370	0.2687	0.0124	0.2621	0.0084
b2_12	0.1817	0.0143	0.1800	0.0179	0.1846	0.0051
b2_13	0.5137	0.0324	0.4675	0.0265	0.4526	0.0275
b2_14	0.4198	0.0227	0.3805	0.0354	0.4024	0.0155
b2_15	0.6371	0.0229	0.6110	0.0372	0.6310	0.0131
b2_16	0.4789	0.0171	0.4659	0.0192	0.4710	0.0072
b2_17	0.4631	0.0240	0.4919	0.0060	0.4731	0.0225
b2_18	0.1674	0.0149	0.1682	0.0203	0.1518	0.0430
b2_19	0.1467	0.0178	0.1333	0.0100	0.1318	0.0130
b2_2	0.1885	0.0167	0.2091	0.0038	0.2299	0.0037
b2_20	0.1211	0.0056	0.1135	0.0091	0.1169	0.0165
b2_21	0.1225	0.0139	0.1286	0.0084	0.1240	0.0128
b2_22	0.2392	0.0223	0.2556	0.0060	0.2317	0.0108
b2_23	0.4438	0.0736	0.4283	0.0356	0.4604	0.0297
b2_24	0.6488	0.0432	0.6500	0.0194	0.6520	0.0289
b2_25	0.1171	0.0303	0.1107	0.0196	0.1059	0.0190
b2_26	0.1067	0.0110	0.1041	0.0061	0.1125	0.0062
b2_27	0.1268	0.0064	0.1304	0.0064	0.1274	0.0130
b2_28	0.2948	0.0186	0.2933	0.0160	0.3034	0.0474
b2_29	0.6483	0.0223	0.6620	0.0179	0.6520	0.0080
b2_3	0.1887	0.0272	0.2463	0.0405	0.2459	0.0662
b2_30	0.3262	0.0291	0.3340	0.0081	0.3288	0.0085
b2_31	0.4443	0.0072	0.4349	0.0041	0.4499	0.0220
b2_4	0.6105	0.0116	0.6122	0.0505	0.6148	0.0088
b2_5	0.6613	0.0424	0.7016	0.0135	0.6800	0.0522
b2_6	0.1928	0.0105	0.2530	0.0485	0.1805	0.0295
b2_7	0.0077	0.0033	0.0121	0.0045	0.0103	0.0088
b2_8	0.0275	0.0030	0.0388	0.0039	0.0420	0.0009
b2_9	0.0707	0.0329	0.0601	0.0117	0.0551	0.0033
c2_0	0.6248	0.0182	0.6462	0.0526	0.7221	0.0468
c2_1	0.4981	0.0517	0.5673	0.0114	0.4885	0.0329
c2_2	0.2435	0.0083	0.2333	0.0213	0.2139	0.0124
c2_3	0.2024	0.0144	0.1962	0.0109	0.1458	0.0134
c2_4	0.2107	0.0155	0.2062	0.0281	0.1571	0.0579
c2_5	0.4916	0.0114	0.4735	0.0148	0.4189	0.0581
c2_6	0.7063	0.0435	0.6489	0.0642	0.5105	0.1322
