rgn1	rgn2	WT.pcca2	WT.pcca2	bN82A.pcca2	bN82A.pcca2	aT41A.pcca1	aT41A.pcca1
		mf	sf	mf	sf	mf	sf
A110b	A117b	-0.0452	0.0639	0.5620	0.6573	-0.4346	0.2710
A110b	A117s	-0.0452	0.0639	0.5620	0.6573	-0.4346	0.2710
A110b	L113b	-0.1081	0.1528	0.4277	0.4840	0.5457	0.5470
A110b	L113s	-0.1081	0.1528	0.4277	0.4840	0.5457	0.5470
A110b	L114b	-0.0497	0.0703	0.0829	0.1173	-0.8910	1.6455
A110b	L114s	-0.0497	0.0703	0.0829	0.1173	-0.8910	1.6455
A110b	L118b	-0.1435	0.2030	-0.5365	0.9353	-0.5552	0.4112
A110b	L118s	-0.1435	0.2030	-0.5365	0.9353	-0.5552	0.4112
A110b	M115b	0.0291	0.0411	0.4953	0.4631	0.1042	0.1473
A110b	M115s	0.0291	0.0411	0.4953	0.4631	0.1042	0.1473
A110b	M120b	-0.1297	0.1834	-0.4716	0.3470	-0.0357	0.0505
A110b	M120s	-0.1297	0.1834	-0.4716	0.3470	-0.0357	0.0505
A110b	P112b	-0.0350	0.0494	-0.1256	0.1777	0.1054	0.1491
A110b	P112s	-0.0350	0.0494	-0.1256	0.1777	0.1054	0.1491
A110b	P119b	-0.0664	0.0938	0.0533	0.3681	-0.5865	0.4667
A110b	P119s	-0.0664	0.0938	0.0533	0.3681	-0.5865	0.4667
A110b	Q116b	0.0826	0.1168	0.5544	0.6393	-0.0772	0.2397
A110b	Q116s	0.0826	0.1168	0.5544	0.6393	-0.0772	0.2397
A110b	T111b	-0.0090	0.0128	-0.2285	0.3232	-0.2329	0.3293
A110b	T111s	-0.0090	0.0128	-0.2285	0.3232	-0.2329	0.3293
A110s	A117b	-0.0452	0.0639	0.5620	0.6573	-0.4346	0.2710
A110s	A117s	-0.0452	0.0639	0.5620	0.6573	-0.4346	0.2710
A110s	L113b	-0.1081	0.1528	0.4277	0.4840	0.5457	0.5470
A110s	L113s	-0.1081	0.1528	0.4277	0.4840	0.5457	0.5470
A110s	L114b	-0.0497	0.0703	0.0829	0.1173	-0.8910	1.6455
A110s	L114s	-0.0497	0.0703	0.0829	0.1173	-0.8910	1.6455
A110s	L118b	-0.1435	0.2030	-0.5365	0.9353	-0.5552	0.4112
A110s	L118s	-0.1435	0.2030	-0.5365	0.9353	-0.5552	0.4112
A110s	M115b	0.0291	0.0411	0.4953	0.4631	0.1042	0.1473
A110s	M115s	0.0291	0.0411	0.4953	0.4631	0.1042	0.1473
A110s	M120b	-0.1297	0.1834	-0.4716	0.3470	-0.0357	0.0505
A110s	M120s	-0.1297	0.1834	-0.4716	0.3470	-0.0357	0.0505
A110s	P112b	-0.0350	0.0494	-0.1256	0.1777	0.1054	0.1491
A110s	P112s	-0.0350	0.0494	-0.1256	0.1777	0.1054	0.1491
A110s	P119b	-0.0664	0.0938	0.0533	0.3681	-0.5865	0.4667
A110s	P119s	-0.0664	0.0938	0.0533	0.3681	-0.5865	0.4667
A110s	Q116b	0.0826	0.1168	0.5544	0.6393	-0.0772	0.2397
A110s	Q116s	0.0826	0.1168	0.5544	0.6393	-0.0772	0.2397
A110s	T111b	-0.0090	0.0128	-0.2285	0.3232	-0.2329	0.3293
A110s	T111s	-0.0090	0.0128	-0.2285	0.3232	-0.2329	0.3293
A117b	L118b	-0.2923	0.4134	0.1102	1.0195	-0.7635	0.4567
A117b	L118s	-0.2923	0.4134	0.1102	1.0195	-0.7635	0.4567
A117b	M120b	-0.3013	0.4261	0.1440	0.4590	-0.0765	0.1081
A117b	M120s	-0.3013	0.4261	0.1440	0.4590	-0.0765	0.1081
A117b	P119b	-0.3192	0.4515	-0.1847	0.0984	-0.7603	0.5422
A117b	P119s	-0.3192	0.4515	-0.1847	0.0984	-0.7603	0.5422
A117s	L118b	-0.2923	0.4134	0.1102	1.0195	-0.7635	0.4567
A117s	L118s	-0.2923	0.4134	0.1102	1.0195	-0.7635	0.4567
A117s	M120b	-0.3013	0.4261	0.1440	0.4590	-0.0765	0.1081
A117s	M120s	-0.3013	0.4261	0.1440	0.4590	-0.0765	0.1081
A117s	P119b	-0.3192	0.4515	-0.1847	0.0984	-0.7603	0.5422
A117s	P119s	-0.3192	0.4515	-0.1847	0.0984	-0.7603	0.5422
K102b	A110b	0.0348	0.0492	0.0733	0.1036	0.0936	0.1323
K102b	A110s	0.0348	0.0492	0.0733	0.1036	0.0936	0.1323
K102b	A117b	-0.2963	0.4191	0.1161	0.1642	0.1210	0.1711
K102b	A117s	-0.2963	0.4191	0.1161	0.1642	0.1210	0.1711
K102b	K106b	-0.0695	0.0982	-0.8200	1.7685	0.3318	0.3793
K102b	K106s	-0.0695	0.0982	-0.8200	1.7685	0.3318	0.3793
K102b	L113b	-0.1246	0.1763	0.4023	0.5668	-0.2002	0.2831
K102b	L113s	-0.1246	0.1763	0.4023	0.5668	-0.2002	0.2831
K102b	L114b	-0.1124	0.1589	-0.0090	0.0127	-0.2207	0.3121
K102b	L114s	-0.1124	0.1589	-0.0090	0.0127	-0.2207	0.3121
K102b	L118b	-1.0761	0.9845	0.9202	0.7901	1.1006	1.0984
K102b	L118s	-1.0761	0.9845	0.9202	0.7901	1.1006	1.0984
K102b	M109b	-0.4431	1.2069	0.5434	0.5410	1.0414	1.3424
K102b	M109s	-0.4431	1.2069	0.5434	0.5410	1.0414	1.3424
K102b	M115b	3.5144	5.8380	-0.0355	0.0502	-0.3028	0.4282
K102b	M115s	3.5144	5.8380	-0.0355	0.0502	-0.3028	0.4282
K102b	M120b	-0.6159	0.3147	0.2996	0.4236	-0.2587	0.3658
K102b	M120s	-0.6159	0.3147	0.2996	0.4236	-0.2587	0.3658
K102b	P103b	-3.9454	5.4050	-0.3123	0.4417	-1.3630	1.2788
K102b	P103s	-3.9454	5.4050	-0.3123	0.4417	-1.3630	1.2788
K102b	P112b	-0.0699	0.0988	-0.6781	1.4101	-0.2347	0.3319
K102b	P112s	-0.0699	0.0988	-0.6781	1.4101	-0.2347	0.3319
K102b	P119b	-0.3093	0.4374	1.4837	1.5358	0.2821	0.3989
K102b	P119s	-0.3093	0.4374	1.4837	1.5358	0.2821	0.3989
K102b	Q116b	2.3215	4.2071	-0.0730	0.1858	-0.2872	0.4062
K102b	Q116s	2.3215	4.2071	-0.0730	0.1858	-0.2872	0.4062
K102b	R108b	0.0256	0.0362	0.1520	0.2149	-1.4494	2.3510
K102b	R108s	0.0256	0.0362	0.1520	0.2149	-1.4494	2.3510
K102b	S105b	-0.1115	0.1577	0.6891	0.5463	-0.7798	1.6015
K102b	S105s	-0.1115	0.1577	0.6891	0.5463	-0.7798	1.6015
K102b	T111b	-0.2310	1.2114	0.1802	0.2548	0.2031	0.2872
K102b	T111s	-0.2310	1.2114	0.1802	0.2548	0.2031	0.2872
K102b	V104b	-0.2550	0.3607	0.1852	0.2620	-0.2494	0.6484
K102b	V104s	-0.2550	0.3607	0.1852	0.2620	-0.2494	0.6484
K102b	W107b	0.8358	1.6242	0.6198	0.5182	-1.0978	1.9916
K102b	W107s	0.8358	1.6242	0.6198	0.5182	-1.0978	1.9916
K102s	A110b	0.0348	0.0492	0.0733	0.1036	0.0936	0.1323
K102s	A110s	0.0348	0.0492	0.0733	0.1036	0.0936	0.1323
K102s	A117b	-0.2963	0.4191	0.1161	0.1642	0.1210	0.1711
K102s	A117s	-0.2963	0.4191	0.1161	0.1642	0.1210	0.1711
K102s	K106b	-0.0695	0.0982	-0.8200	1.7685	0.3318	0.3793
K102s	K106s	-0.0695	0.0982	-0.8200	1.7685	0.3318	0.3793
K102s	L113b	-0.1246	0.1763	0.4023	0.5668	-0.2002	0.2831
K102s	L113s	-0.1246	0.1763	0.4023	0.5668	-0.2002	0.2831
K102s	L114b	-0.1124	0.1589	-0.0090	0.0127	-0.2207	0.3121
K102s	L114s	-0.1124	0.1589	-0.0090	0.0127	-0.2207	0.3121
K102s	L118b	-1.0761	0.9845	0.9202	0.7901	1.1006	1.0984
K102s	L118s	-1.0761	0.9845	0.9202	0.7901	1.1006	1.0984
K102s	M109b	-0.4431	1.2069	0.5434	0.5410	1.0414	1.3424
K102s	M109s	-0.4431	1.2069	0.5434	0.5410	1.0414	1.3424
K102s	M115b	3.5144	5.8380	-0.0355	0.0502	-0.3028	0.4282
K102s	M115s	3.5144	5.8380	-0.0355	0.0502	-0.3028	0.4282
K102s	M120b	-0.6159	0.3147	0.2996	0.4236	-0.2587	0.3658
K102s	M120s	-0.6159	0.3147	0.2996	0.4236	-0.2587	0.3658
K102s	P103b	-3.9454	5.4050	-0.3123	0.4417	-1.3630	1.2788
K102s	P103s	-3.9454	5.4050	-0.3123	0.4417	-1.3630	1.2788
K102s	P112b	-0.0699	0.0988	-0.6781	1.4101	-0.2347	0.3319
K102s	P112s	-0.0699	0.0988	-0.6781	1.4101	-0.2347	0.3319
K102s	P119b	-0.3093	0.4374	1.4837	1.5358	0.2821	0.3989
K102s	P119s	-0.3093	0.4374	1.4837	1.5358	0.2821	0.3989
K102s	Q116b	2.3215	4.2071	-0.0730	0.1858	-0.2872	0.4062
K102s	Q116s	2.3215	4.2071	-0.0730	0.1858	-0.2872	0.4062
K102s	R108b	0.0256	0.0362	0.1520	0.2149	-1.4494	2.3510
K102s	R108s	0.0256	0.0362	0.1520	0.2149	-1.4494	2.3510
K102s	S105b	-0.1115	0.1577	0.6891	0.5463	-0.7798	1.6015
K102s	S105s	-0.1115	0.1577	0.6891	0.5463	-0.7798	1.6015
K102s	T111b	-0.2310	1.2114	0.1802	0.2548	0.2031	0.2872
K102s	T111s	-0.2310	1.2114	0.1802	0.2548	0.2031	0.2872
K102s	V104b	-0.2550	0.3607	0.1852	0.2620	-0.2494	0.6484
K102s	V104s	-0.2550	0.3607	0.1852	0.2620	-0.2494	0.6484
K102s	W107b	0.8358	1.6242	0.6198	0.5182	-1.0978	1.9916
K102s	W107s	0.8358	1.6242	0.6198	0.5182	-1.0978	1.9916
K106b	A110b	-0.0319	0.0451	-0.0154	0.8212	-0.1820	0.2574
K106b	A110s	-0.0319	0.0451	-0.0154	0.8212	-0.1820	0.2574
K106b	A117b	-0.0064	0.0090	-0.2959	0.7186	-0.2105	0.2977
K106b	A117s	-0.0064	0.0090	-0.2959	0.7186	-0.2105	0.2977
K106b	L113b	0.0901	0.1274	-0.0502	0.7007	0.1592	0.2251
K106b	L113s	0.0901	0.1274	-0.0502	0.7007	0.1592	0.2251
K106b	L114b	0.0971	0.1373	0.1382	0.1955	0.0027	0.0039
K106b	L114s	0.0971	0.1373	0.1382	0.1955	0.0027	0.0039
K106b	L118b	-0.0437	0.0618	0.6380	0.7443	-0.5332	0.3765
K106b	L118s	-0.0437	0.0618	0.6380	0.7443	-0.5332	0.3765
K106b	M109b	0.0001	0.0002	-0.1536	0.6697	-0.9512	0.7033
K106b	M109s	0.0001	0.0002	-0.1536	0.6697	-0.9512	0.7033
K106b	M115b	0.0688	0.0973	-0.1134	0.7375	0.0609	0.0861
K106b	M115s	0.0688	0.0973	-0.1134	0.7375	0.0609	0.0861
K106b	M120b	-0.0448	0.0634	0.0211	0.7362	-0.0160	0.0226
K106b	M120s	-0.0448	0.0634	0.0211	0.7362	-0.0160	0.0226
K106b	P112b	0.0828	0.1172	-0.3526	0.3307	0.1739	0.2460
K106b	P112s	0.0828	0.1172	-0.3526	0.3307	0.1739	0.2460
K106b	P119b	-0.0611	0.0864	0.0950	0.9714	-0.1070	0.1513
K106b	P119s	-0.0611	0.0864	0.0950	0.9714	-0.1070	0.1513
K106b	Q116b	0.0520	0.0735	-0.2680	0.7848	0.0153	0.0217
K106b	Q116s	0.0520	0.0735	-0.2680	0.7848	0.0153	0.0217
K106b	R108b	-0.1495	0.2115	-1.4311	1.3988	0.4707	1.6071
K106b	R108s	-0.1495	0.2115	-1.4311	1.3988	0.4707	1.6071
K106b	T111b	-0.0727	0.1028	-0.2218	0.3136	-0.1255	0.1774
K106b	T111s	-0.0727	0.1028	-0.2218	0.3136	-0.1255	0.1774
K106b	W107b	-0.3088	0.4367	-0.0020	0.8029	0.4276	1.6257
K106b	W107s	-0.3088	0.4367	-0.0020	0.8029	0.4276	1.6257
K106s	A110b	-0.0319	0.0451	-0.0154	0.8212	-0.1820	0.2574
K106s	A110s	-0.0319	0.0451	-0.0154	0.8212	-0.1820	0.2574
K106s	A117b	-0.0064	0.0090	-0.2959	0.7186	-0.2105	0.2977
K106s	A117s	-0.0064	0.0090	-0.2959	0.7186	-0.2105	0.2977
K106s	L113b	0.0901	0.1274	-0.0502	0.7007	0.1592	0.2251
K106s	L113s	0.0901	0.1274	-0.0502	0.7007	0.1592	0.2251
K106s	L114b	0.0971	0.1373	0.1382	0.1955	0.0027	0.0039
K106s	L114s	0.0971	0.1373	0.1382	0.1955	0.0027	0.0039
K106s	L118b	-0.0437	0.0618	0.6380	0.7443	-0.5332	0.3765
K106s	L118s	-0.0437	0.0618	0.6380	0.7443	-0.5332	0.3765
K106s	M109b	0.0001	0.0002	-0.1536	0.6697	-0.9512	0.7033
K106s	M109s	0.0001	0.0002	-0.1536	0.6697	-0.9512	0.7033
K106s	M115b	0.0688	0.0973	-0.1134	0.7375	0.0609	0.0861
K106s	M115s	0.0688	0.0973	-0.1134	0.7375	0.0609	0.0861
K106s	M120b	-0.0448	0.0634	0.0211	0.7362	-0.0160	0.0226
K106s	M120s	-0.0448	0.0634	0.0211	0.7362	-0.0160	0.0226
K106s	P112b	0.0828	0.1172	-0.3526	0.3307	0.1739	0.2460
K106s	P112s	0.0828	0.1172	-0.3526	0.3307	0.1739	0.2460
K106s	P119b	-0.0611	0.0864	0.0950	0.9714	-0.1070	0.1513
K106s	P119s	-0.0611	0.0864	0.0950	0.9714	-0.1070	0.1513
K106s	Q116b	0.0520	0.0735	-0.2680	0.7848	0.0153	0.0217
K106s	Q116s	0.0520	0.0735	-0.2680	0.7848	0.0153	0.0217
K106s	R108b	-0.1495	0.2115	-1.4311	1.3988	0.4707	1.6071
K106s	R108s	-0.1495	0.2115	-1.4311	1.3988	0.4707	1.6071
K106s	T111b	-0.0727	0.1028	-0.2218	0.3136	-0.1255	0.1774
K106s	T111s	-0.0727	0.1028	-0.2218	0.3136	-0.1255	0.1774
K106s	W107b	-0.3088	0.4367	-0.0020	0.8029	0.4276	1.6257
K106s	W107s	-0.3088	0.4367	-0.0020	0.8029	0.4276	1.6257
L113b	A117b	-0.2114	0.2990	-0.7609	0.4273	0.3542	0.2026
L113b	A117s	-0.2114	0.2990	-0.7609	0.4273	0.3542	0.2026
L113b	L114b	-0.3263	0.4614	-0.3262	0.4613	0.4764	1.5630
L113b	L114s	-0.3263	0.4614	-0.3262	0.4613	0.4764	1.5630
L113b	L118b	-0.1323	0.1871	-0.2936	1.7152	0.5177	0.2784
L113b	L118s	-0.1323	0.1871	-0.2936	1.7152	0.5177	0.2784
L113b	M115b	-0.2888	0.4084	-0.6668	0.3378	-0.2796	0.3954
L113b	M115s	-0.2888	0.4084	-0.6668	0.3378	-0.2796	0.3954
L113b	M120b	-0.1560	0.2207	0.2796	0.4949	-0.1472	0.2082
L113b	M120s	-0.1560	0.2207	0.2796	0.4949	-0.1472	0.2082
L113b	P119b	-0.1734	0.2453	-1.2061	1.6933	0.5353	0.3111
L113b	P119s	-0.1734	0.2453	-1.2061	1.6933	0.5353	0.3111
L113b	Q116b	-0.2724	0.3853	-0.6750	0.8246	-0.1373	0.4835
L113b	Q116s	-0.2724	0.3853	-0.6750	0.8246	-0.1373	0.4835
L113s	A117b	-0.2114	0.2990	-0.7609	0.4273	0.3542	0.2026
L113s	A117s	-0.2114	0.2990	-0.7609	0.4273	0.3542	0.2026
L113s	L114b	-0.3263	0.4614	-0.3262	0.4613	0.4764	1.5630
L113s	L114s	-0.3263	0.4614	-0.3262	0.4613	0.4764	1.5630
L113s	L118b	-0.1323	0.1871	-0.2936	1.7152	0.5177	0.2784
L113s	L118s	-0.1323	0.1871	-0.2936	1.7152	0.5177	0.2784
L113s	M115b	-0.2888	0.4084	-0.6668	0.3378	-0.2796	0.3954
L113s	M115s	-0.2888	0.4084	-0.6668	0.3378	-0.2796	0.3954
L113s	M120b	-0.1560	0.2207	0.2796	0.4949	-0.1472	0.2082
L113s	M120s	-0.1560	0.2207	0.2796	0.4949	-0.1472	0.2082
L113s	P119b	-0.1734	0.2453	-1.2061	1.6933	0.5353	0.3111
L113s	P119s	-0.1734	0.2453	-1.2061	1.6933	0.5353	0.3111
L113s	Q116b	-0.2724	0.3853	-0.6750	0.8246	-0.1373	0.4835
L113s	Q116s	-0.2724	0.3853	-0.6750	0.8246	-0.1373	0.4835
L114b	A117b	-0.1945	0.2751	-0.2961	0.4187	-0.0872	0.1542
L114b	A117s	-0.1945	0.2751	-0.2961	0.4187	-0.0872	0.1542
L114b	L118b	-0.0909	0.1285	-0.1898	0.2685	0.0093	0.4030
L114b	L118s	-0.0909	0.1285	-0.1898	0.2685	0.0093	0.4030
L114b	M115b	-0.3153	0.4458	-0.3268	0.4622	-0.2988	0.4225
L114b	M115s	-0.3153	0.4458	-0.3268	0.4622	-0.2988	0.4225
L114b	M120b	-0.1153	0.1631	0.0032	0.0045	-0.2200	0.3112
L114b	M120s	-0.1153	0.1631	0.0032	0.0045	-0.2200	0.3112
L114b	P119b	-0.1489	0.2106	-0.0050	0.0071	0.0362	0.4801
L114b	P119s	-0.1489	0.2106	-0.0050	0.0071	0.0362	0.4801
L114b	Q116b	-0.2974	0.4206	-0.3301	0.4668	-0.3296	0.4084
L114b	Q116s	-0.2974	0.4206	-0.3301	0.4668	-0.3296	0.4084
L114s	A117b	-0.1945	0.2751	-0.2961	0.4187	-0.0872	0.1542
L114s	A117s	-0.1945	0.2751	-0.2961	0.4187	-0.0872	0.1542
L114s	L118b	-0.0909	0.1285	-0.1898	0.2685	0.0093	0.4030
L114s	L118s	-0.0909	0.1285	-0.1898	0.2685	0.0093	0.4030
L114s	M115b	-0.3153	0.4458	-0.3268	0.4622	-0.2988	0.4225
L114s	M115s	-0.3153	0.4458	-0.3268	0.4622	-0.2988	0.4225
L114s	M120b	-0.1153	0.1631	0.0032	0.0045	-0.2200	0.3112
L114s	M120s	-0.1153	0.1631	0.0032	0.0045	-0.2200	0.3112
L114s	P119b	-0.1489	0.2106	-0.0050	0.0071	0.0362	0.4801
L114s	P119s	-0.1489	0.2106	-0.0050	0.0071	0.0362	0.4801
L114s	Q116b	-0.2974	0.4206	-0.3301	0.4668	-0.3296	0.4084
L114s	Q116s	-0.2974	0.4206	-0.3301	0.4668	-0.3296	0.4084
L118b	M120b	-0.3268	0.4622	-0.4021	0.2045	0.0562	0.0795
L118b	M120s	-0.3268	0.4622	-0.4021	0.2045	0.0562	0.0795
L118b	P119b	-0.3119	0.4411	-0.7155	1.0159	-0.6801	0.3480
L118b	P119s	-0.3119	0.4411	-0.7155	1.0159	-0.6801	0.3480
L118s	M120b	-0.3268	0.4622	-0.4021	0.2045	0.0562	0.0795
L118s	M120s	-0.3268	0.4622	-0.4021	0.2045	0.0562	0.0795
L118s	P119b	-0.3119	0.4411	-0.7155	1.0159	-0.6801	0.3480
L118s	P119s	-0.3119	0.4411	-0.7155	1.0159	-0.6801	0.3480
M109b	A110b	-0.2949	0.4170	-0.3065	0.4335	-0.2346	0.3318
M109b	A110s	-0.2949	0.4170	-0.3065	0.4335	-0.2346	0.3318
M109b	A117b	0.0974	0.1378	0.0074	0.0105	-0.2753	0.3893
M109b	A117s	0.0974	0.1378	0.0074	0.0105	-0.2753	0.3893
M109b	L113b	-0.0630	0.0891	-0.2896	0.4718	0.2148	0.3038
M109b	L113s	-0.0630	0.0891	-0.2896	0.4718	0.2148	0.3038
M109b	L114b	-0.0206	0.0291	0.0343	0.0484	0.0737	0.1042
M109b	L114s	-0.0206	0.0291	0.0343	0.0484	0.0737	0.1042
M109b	L118b	-0.4270	0.7099	-0.5917	0.7497	-0.3232	0.3467
M109b	L118s	-0.4270	0.7099	-0.5917	0.7497	-0.3232	0.3467
M109b	M115b	1.9963	3.0303	0.0815	0.1152	0.1346	0.1904
M109b	M115s	1.9963	3.0303	0.0815	0.1152	0.1346	0.1904
M109b	M120b	0.0239	0.0338	-0.1929	0.2729	-0.0258	0.0365
M109b	M120s	0.0239	0.0338	-0.1929	0.2729	-0.0258	0.0365
M109b	P112b	-0.0292	0.0412	0.4628	1.1882	0.2284	0.3230
M109b	P112s	-0.0292	0.0412	0.4628	1.1882	0.2284	0.3230
M109b	P119b	0.0848	0.1199	-1.0703	1.2933	-0.2045	0.2892
M109b	P119s	0.0848	0.1199	-1.0703	1.2933	-0.2045	0.2892
M109b	Q116b	1.4796	1.9891	0.1145	0.0799	0.0481	0.0681
M109b	Q116s	1.4796	1.9891	0.1145	0.0799	0.0481	0.0681
M109b	T111b	-0.1230	0.1740	-0.2447	0.3461	-0.1389	0.1964
M109b	T111s	-0.1230	0.1740	-0.2447	0.3461	-0.1389	0.1964
M109s	A110b	-0.2949	0.4170	-0.3065	0.4335	-0.2346	0.3318
M109s	A110s	-0.2949	0.4170	-0.3065	0.4335	-0.2346	0.3318
M109s	A117b	0.0974	0.1378	0.0074	0.0105	-0.2753	0.3893
M109s	A117s	0.0974	0.1378	0.0074	0.0105	-0.2753	0.3893
M109s	L113b	-0.0630	0.0891	-0.2896	0.4718	0.2148	0.3038
M109s	L113s	-0.0630	0.0891	-0.2896	0.4718	0.2148	0.3038
M109s	L114b	-0.0206	0.0291	0.0343	0.0484	0.0737	0.1042
M109s	L114s	-0.0206	0.0291	0.0343	0.0484	0.0737	0.1042
M109s	L118b	-0.4270	0.7099	-0.5917	0.7497	-0.3232	0.3467
M109s	L118s	-0.4270	0.7099	-0.5917	0.7497	-0.3232	0.3467
M109s	M115b	1.9963	3.0303	0.0815	0.1152	0.1346	0.1904
M109s	M115s	1.9963	3.0303	0.0815	0.1152	0.1346	0.1904
M109s	M120b	0.0239	0.0338	-0.1929	0.2729	-0.0258	0.0365
M109s	M120s	0.0239	0.0338	-0.1929	0.2729	-0.0258	0.0365
M109s	P112b	-0.0292	0.0412	0.4628	1.1882	0.2284	0.3230
M109s	P112s	-0.0292	0.0412	0.4628	1.1882	0.2284	0.3230
M109s	P119b	0.0848	0.1199	-1.0703	1.2933	-0.2045	0.2892
M109s	P119s	0.0848	0.1199	-1.0703	1.2933	-0.2045	0.2892
M109s	Q116b	1.4796	1.9891	0.1145	0.0799	0.0481	0.0681
M109s	Q116s	1.4796	1.9891	0.1145	0.0799	0.0481	0.0681
M109s	T111b	-0.1230	0.1740	-0.2447	0.3461	-0.1389	0.1964
M109s	T111s	-0.1230	0.1740	-0.2447	0.3461	-0.1389	0.1964
M115b	A117b	-0.1727	0.2442	-0.7081	0.4090	0.1083	0.1532
M115b	A117s	-0.1727	0.2442	-0.7081	0.4090	0.1083	0.1532
M115b	L118b	0.0285	0.1828	0.3383	1.0062	0.2343	0.3314
M115b	L118s	0.0285	0.1828	0.3383	1.0062	0.2343	0.3314
M115b	M120b	-0.0644	0.0911	0.3324	0.3870	-0.2442	0.3454
M115b	M120s	-0.0644	0.0911	0.3324	0.3870	-0.2442	0.3454
M115b	P119b	-0.1231	0.1741	-0.0956	0.2554	0.2696	0.3813
M115b	P119s	-0.1231	0.1741	-0.0956	0.2554	0.2696	0.3813
M115b	Q116b	-0.5414	0.2952	-0.7403	0.3925	-0.3058	0.4325
M115b	Q116s	-0.5414	0.2952	-0.7403	0.3925	-0.3058	0.4325
M115s	A117b	-0.1727	0.2442	-0.7081	0.4090	0.1083	0.1532
M115s	A117s	-0.1727	0.2442	-0.7081	0.4090	0.1083	0.1532
M115s	L118b	0.0285	0.1828	0.3383	1.0062	0.2343	0.3314
M115s	L118s	0.0285	0.1828	0.3383	1.0062	0.2343	0.3314
M115s	M120b	-0.0644	0.0911	0.3324	0.3870	-0.2442	0.3454
M115s	M120s	-0.0644	0.0911	0.3324	0.3870	-0.2442	0.3454
M115s	P119b	-0.1231	0.1741	-0.0956	0.2554	0.2696	0.3813
M115s	P119s	-0.1231	0.1741	-0.0956	0.2554	0.2696	0.3813
M115s	Q116b	-0.5414	0.2952	-0.7403	0.3925	-0.3058	0.4325
M115s	Q116s	-0.5414	0.2952	-0.7403	0.3925	-0.3058	0.4325
MHCII	A110b	-0.0201	0.0285	-0.0825	0.0816	-0.1804	0.1720
MHCII	A110s	-0.0201	0.0285	-0.0825	0.0816	-0.1804	0.1720
MHCII	A117b	-0.0211	0.0299	0.0382	0.2226	-0.1151	0.1764
MHCII	A117s	-0.0211	0.0299	0.0382	0.2226	-0.1151	0.1764
MHCII	K102b	0.0899	0.1285	0.0515	0.1159	-0.1307	0.2019
MHCII	K102s	0.0899	0.1285	0.0515	0.1159	-0.1307	0.2019
MHCII	K106b	0.0044	0.0063	0.2733	0.2740	-0.0034	0.0468
MHCII	K106s	0.0044	0.0063	0.2733	0.2740	-0.0034	0.0468
MHCII	L113b	-0.0195	0.0275	-0.0673	0.2394	0.1618	0.3072
MHCII	L113s	-0.0195	0.0275	-0.0673	0.2394	0.1618	0.3072
MHCII	L114b	-0.0196	0.0277	-0.0616	0.0872	-0.4163	0.6290
MHCII	L114s	-0.0196	0.0277	-0.0616	0.0872	-0.4163	0.6290
MHCII	L118b	-0.0074	0.0415	-0.2701	0.1537	-0.2179	0.2355
MHCII	L118s	-0.0074	0.0415	-0.2701	0.1537	-0.2179	0.2355
MHCII	M109b	-0.0055	0.0313	-0.1130	0.0935	-0.0044	0.0415
MHCII	M109s	-0.0055	0.0313	-0.1130	0.0935	-0.0044	0.0415
MHCII	M115b	-0.0690	0.0462	0.0143	0.1989	-0.0072	0.0102
MHCII	M115s	-0.0690	0.0462	0.0143	0.1989	-0.0072	0.0102
MHCII	M120b	0.0699	0.1353	-0.0552	0.1076	-0.0058	0.0081
MHCII	M120s	0.0699	0.1353	-0.0552	0.1076	-0.0058	0.0081
MHCII	MHCII	-0.0071	0.0377	-0.0248	0.0345	-0.0199	0.0644
MHCII	P103b	0.1069	0.0832	-0.0121	0.0196	-0.0503	0.0771
MHCII	P103s	0.1069	0.0832	-0.0121	0.0196	-0.0503	0.0771
MHCII	P112b	-0.0165	0.0233	0.1033	0.3032	-0.0175	0.0248
MHCII	P112s	-0.0165	0.0233	0.1033	0.3032	-0.0175	0.0248
MHCII	P119b	-0.0106	0.0150	-0.1857	0.4279	-0.1732	0.2726
MHCII	P119s	-0.0106	0.0150	-0.1857	0.4279	-0.1732	0.2726
MHCII	Q116b	-0.0391	0.0397	0.0501	0.2259	-0.0532	0.0722
MHCII	Q116s	-0.0391	0.0397	0.0501	0.2259	-0.0532	0.0722
MHCII	R108b	-0.0161	0.0228	0.2529	0.4532	0.0462	0.1200
MHCII	R108s	-0.0161	0.0228	0.2529	0.4532	0.0462	0.1200
MHCII	S105b	0.0129	0.0182	-0.1183	0.1409	0.0733	0.1550
MHCII	S105s	0.0129	0.0182	-0.1183	0.1409	0.0733	0.1550
MHCII	T111b	0.1041	0.2200	-0.0211	0.0298	-0.0478	0.0676
MHCII	T111s	0.1041	0.2200	-0.0211	0.0298	-0.0478	0.0676
MHCII	V104b	0.0131	0.0186	0.0754	0.1139	0.0342	0.0662
MHCII	V104s	0.0131	0.0186	0.0754	0.1139	0.0342	0.0662
MHCII	W107b	-0.2283	0.3495	-0.1258	0.1244	-0.3481	0.5951
MHCII	W107s	-0.2283	0.3495	-0.1258	0.1244	-0.3481	0.5951
P103b	A110b	-0.0738	0.1043	-1.7621	2.7836	-0.9391	1.6521
P103b	A110s	-0.0738	0.1043	-1.7621	2.7836	-0.9391	1.6521
P103b	A117b	-0.2992	0.4232	2.7227	3.7643	-0.7641	1.3451
P103b	A117s	-0.2992	0.4232	2.7227	3.7643	-0.7641	1.3451
P103b	K106b	-0.0134	0.0190	2.3045	3.3665	-0.3500	0.4626
P103b	K106s	-0.0134	0.0190	2.3045	3.3665	-0.3500	0.4626
P103b	L113b	-0.2195	0.3104	2.0042	2.8590	1.1317	2.2435
P103b	L113s	-0.2195	0.3104	2.0042	2.8590	1.1317	2.2435
P103b	L114b	-0.1917	0.2711	0.0820	0.1160	-3.1423	4.3224
P103b	L114s	-0.1917	0.2711	0.0820	0.1160	-3.1423	4.3224
P103b	L118b	-0.3548	0.3423	-2.6988	5.1189	-1.2109	2.0023
P103b	L118s	-0.3548	0.3423	-2.6988	5.1189	-1.2109	2.0023
P103b	M109b	-0.0050	0.1742	0.0687	0.0972	-0.1347	0.2916
P103b	M109s	-0.0050	0.1742	0.0687	0.0972	-0.1347	0.2916
P103b	M115b	0.2136	0.7513	2.0515	3.0912	-0.2898	0.4098
P103b	M115s	0.2136	0.7513	2.0515	3.0912	-0.2898	0.4098
P103b	M120b	-0.7439	0.4232	-1.4107	3.0493	-0.2758	0.3900
P103b	M120s	-0.7439	0.4232	-1.4107	3.0493	-0.2758	0.3900
P103b	P112b	-0.1470	0.2078	0.1608	0.2274	-0.1852	0.2619
P103b	P112s	-0.1470	0.2078	0.1608	0.2274	-0.1852	0.2619
P103b	P119b	-0.3075	0.4348	1.0815	0.9168	-0.9945	2.2826
P103b	P119s	-0.3075	0.4348	1.0815	0.9168	-0.9945	2.2826
P103b	Q116b	0.0389	0.6808	2.5899	3.7813	-0.6461	0.3341
P103b	Q116s	0.0389	0.6808	2.5899	3.7813	-0.6461	0.3341
P103b	R108b	-0.0225	0.0319	7.5005	11.5422	0.4269	0.8604
P103b	R108s	-0.0225	0.0319	7.5005	11.5422	0.4269	0.8604
P103b	S105b	-0.1816	0.2569	-0.4541	1.2180	0.4737	0.6046
P103b	S105s	-0.1816	0.2569	-0.4541	1.2180	0.4737	0.6046
P103b	T111b	-0.3883	1.4990	0.1729	0.2445	0.1956	0.2767
P103b	T111s	-0.3883	1.4990	0.1729	0.2445	0.1956	0.2767
P103b	V104b	-0.2589	0.3662	2.1335	2.9998	-0.2870	0.4548
P103b	V104s	-0.2589	0.3662	2.1335	2.9998	-0.2870	0.4548
P103b	W107b	1.1690	2.0925	-0.8947	1.8066	-2.2136	4.5283
P103b	W107s	1.1690	2.0925	-0.8947	1.8066	-2.2136	4.5283
P103s	A110b	-0.0738	0.1043	-1.7621	2.7836	-0.9391	1.6521
P103s	A110s	-0.0738	0.1043	-1.7621	2.7836	-0.9391	1.6521
P103s	A117b	-0.2992	0.4232	2.7227	3.7643	-0.7641	1.3451
P103s	A117s	-0.2992	0.4232	2.7227	3.7643	-0.7641	1.3451
P103s	K106b	-0.0134	0.0190	2.3045	3.3665	-0.3500	0.4626
P103s	K106s	-0.0134	0.0190	2.3045	3.3665	-0.3500	0.4626
P103s	L113b	-0.2195	0.3104	2.0042	2.8590	1.1317	2.2435
P103s	L113s	-0.2195	0.3104	2.0042	2.8590	1.1317	2.2435
P103s	L114b	-0.1917	0.2711	0.0820	0.1160	-3.1423	4.3224
P103s	L114s	-0.1917	0.2711	0.0820	0.1160	-3.1423	4.3224
P103s	L118b	-0.3548	0.3423	-2.6988	5.1189	-1.2109	2.0023
P103s	L118s	-0.3548	0.3423	-2.6988	5.1189	-1.2109	2.0023
P103s	M109b	-0.0050	0.1742	0.0687	0.0972	-0.1347	0.2916
P103s	M109s	-0.0050	0.1742	0.0687	0.0972	-0.1347	0.2916
P103s	M115b	0.2136	0.7513	2.0515	3.0912	-0.2898	0.4098
P103s	M115s	0.2136	0.7513	2.0515	3.0912	-0.2898	0.4098
P103s	M120b	-0.7439	0.4232	-1.4107	3.0493	-0.2758	0.3900
P103s	M120s	-0.7439	0.4232	-1.4107	3.0493	-0.2758	0.3900
P103s	P112b	-0.1470	0.2078	0.1608	0.2274	-0.1852	0.2619
P103s	P112s	-0.1470	0.2078	0.1608	0.2274	-0.1852	0.2619
P103s	P119b	-0.3075	0.4348	1.0815	0.9168	-0.9945	2.2826
P103s	P119s	-0.3075	0.4348	1.0815	0.9168	-0.9945	2.2826
P103s	Q116b	0.0389	0.6808	2.5899	3.7813	-0.6461	0.3341
P103s	Q116s	0.0389	0.6808	2.5899	3.7813	-0.6461	0.3341
P103s	R108b	-0.0225	0.0319	7.5005	11.5422	0.4269	0.8604
P103s	R108s	-0.0225	0.0319	7.5005	11.5422	0.4269	0.8604
P103s	S105b	-0.1816	0.2569	-0.4541	1.2180	0.4737	0.6046
P103s	S105s	-0.1816	0.2569	-0.4541	1.2180	0.4737	0.6046
P103s	T111b	-0.3883	1.4990	0.1729	0.2445	0.1956	0.2767
P103s	T111s	-0.3883	1.4990	0.1729	0.2445	0.1956	0.2767
P103s	V104b	-0.2589	0.3662	2.1335	2.9998	-0.2870	0.4548
P103s	V104s	-0.2589	0.3662	2.1335	2.9998	-0.2870	0.4548
P103s	W107b	1.1690	2.0925	-0.8947	1.8066	-2.2136	4.5283
P103s	W107s	1.1690	2.0925	-0.8947	1.8066	-2.2136	4.5283
P112b	A117b	-0.1457	0.2061	-0.1963	0.2776	0.1825	0.2582
P112b	A117s	-0.1457	0.2061	-0.1963	0.2776	0.1825	0.2582
P112b	L113b	-0.3067	0.4338	-0.0550	0.5582	-0.3251	0.4598
P112b	L113s	-0.3067	0.4338	-0.0550	0.5582	-0.3251	0.4598
P112b	L114b	-0.3219	0.4552	-0.2241	0.3170	-0.2551	0.3608
P112b	L114s	-0.3219	0.4552	-0.2241	0.3170	-0.2551	0.3608
P112b	L118b	-0.0464	0.0656	0.0989	0.7011	0.2600	0.3677
P112b	L118s	-0.0464	0.0656	0.0989	0.7011	0.2600	0.3677
P112b	M115b	-0.3182	0.4500	-0.1882	0.2662	-0.2902	0.4103
P112b	M115s	-0.3182	0.4500	-0.1882	0.2662	-0.2902	0.4103
P112b	M120b	-0.0667	0.0944	-0.1911	0.2702	-0.1621	0.2292
P112b	M120s	-0.0667	0.0944	-0.1911	0.2702	-0.1621	0.2292
P112b	P119b	-0.1106	0.1564	0.3100	1.0430	0.2485	0.3515
P112b	P119s	-0.1106	0.1564	0.3100	1.0430	0.2485	0.3515
P112b	Q116b	-0.2853	0.4035	-0.2682	0.3105	-0.2347	0.3319
P112b	Q116s	-0.2853	0.4035	-0.2682	0.3105	-0.2347	0.3319
P112s	A117b	-0.1457	0.2061	-0.1963	0.2776	0.1825	0.2582
P112s	A117s	-0.1457	0.2061	-0.1963	0.2776	0.1825	0.2582
P112s	L113b	-0.3067	0.4338	-0.0550	0.5582	-0.3251	0.4598
P112s	L113s	-0.3067	0.4338	-0.0550	0.5582	-0.3251	0.4598
P112s	L114b	-0.3219	0.4552	-0.2241	0.3170	-0.2551	0.3608
P112s	L114s	-0.3219	0.4552	-0.2241	0.3170	-0.2551	0.3608
P112s	L118b	-0.0464	0.0656	0.0989	0.7011	0.2600	0.3677
P112s	L118s	-0.0464	0.0656	0.0989	0.7011	0.2600	0.3677
P112s	M115b	-0.3182	0.4500	-0.1882	0.2662	-0.2902	0.4103
P112s	M115s	-0.3182	0.4500	-0.1882	0.2662	-0.2902	0.4103
P112s	M120b	-0.0667	0.0944	-0.1911	0.2702	-0.1621	0.2292
P112s	M120s	-0.0667	0.0944	-0.1911	0.2702	-0.1621	0.2292
P112s	P119b	-0.1106	0.1564	0.3100	1.0430	0.2485	0.3515
P112s	P119s	-0.1106	0.1564	0.3100	1.0430	0.2485	0.3515
P112s	Q116b	-0.2853	0.4035	-0.2682	0.3105	-0.2347	0.3319
P112s	Q116s	-0.2853	0.4035	-0.2682	0.3105	-0.2347	0.3319
P119b	M120b	-0.3201	0.4528	0.3938	1.5729	0.1121	0.1585
P119b	M120s	-0.3201	0.4528	0.3938	1.5729	0.1121	0.1585
P119s	M120b	-0.3201	0.4528	0.3938	1.5729	0.1121	0.1585
P119s	M120s	-0.3201	0.4528	0.3938	1.5729	0.1121	0.1585
Q116b	A117b	-0.2176	0.3077	-0.6471	0.3274	-0.7781	1.2072
Q116b	A117s	-0.2176	0.3077	-0.6471	0.3274	-0.7781	1.2072
Q116b	L118b	0.0247	0.2872	2.5049	3.9420	-0.9390	1.8757
Q116b	L118s	0.0247	0.2872	2.5049	3.9420	-0.9390	1.8757
Q116b	M120b	-0.1162	0.1643	0.2113	0.3814	-0.3107	0.4394
Q116b	M120s	-0.1162	0.1643	0.2113	0.3814	-0.3107	0.4394
Q116b	P119b	-0.1762	0.2492	3.9460	7.1803	-0.9902	2.1012
Q116b	P119s	-0.1762	0.2492	3.9460	7.1803	-0.9902	2.1012
Q116s	A117b	-0.2176	0.3077	-0.6471	0.3274	-0.7781	1.2072
Q116s	A117s	-0.2176	0.3077	-0.6471	0.3274	-0.7781	1.2072
Q116s	L118b	0.0247	0.2872	2.5049	3.9420	-0.9390	1.8757
Q116s	L118s	0.0247	0.2872	2.5049	3.9420	-0.9390	1.8757
Q116s	M120b	-0.1162	0.1643	0.2113	0.3814	-0.3107	0.4394
Q116s	M120s	-0.1162	0.1643	0.2113	0.3814	-0.3107	0.4394
Q116s	P119b	-0.1762	0.2492	3.9460	7.1803	-0.9902	2.1012
Q116s	P119s	-0.1762	0.2492	3.9460	7.1803	-0.9902	2.1012
R108b	A110b	-0.2902	0.4105	-0.2060	0.5569	-0.2030	0.2871
R108b	A110s	-0.2902	0.4105	-0.2060	0.5569	-0.2030	0.2871
R108b	A117b	-0.0091	0.0128	-0.0931	0.2082	-0.2872	0.4061
R108b	A117s	-0.0091	0.0128	-0.0931	0.2082	-0.2872	0.4061
R108b	L113b	0.0307	0.0434	-0.0559	0.1748	0.1112	0.1573
R108b	L113s	0.0307	0.0434	-0.0559	0.1748	0.1112	0.1573
R108b	L114b	0.0879	0.1243	0.0560	0.0792	-0.0559	0.0791
R108b	L114s	0.0879	0.1243	0.0560	0.0792	-0.0559	0.0791
R108b	L118b	-0.1420	0.2008	0.0508	0.3302	-0.0462	0.5894
R108b	L118s	-0.1420	0.2008	0.0508	0.3302	-0.0462	0.5894
R108b	M109b	-0.2404	0.3399	-0.3222	0.4556	0.0006	0.9205
R108b	M109s	-0.2404	0.3399	-0.3222	0.4556	0.0006	0.9205
R108b	M115b	0.1419	0.2007	0.0194	0.2996	0.0189	0.0267
R108b	M115s	0.1419	0.2007	0.0194	0.2996	0.0189	0.0267
R108b	M120b	-0.1170	0.1654	-0.1613	0.4781	-0.1269	0.1795
R108b	M120s	-0.1170	0.1654	-0.1613	0.4781	-0.1269	0.1795
R108b	P112b	0.0976	0.1380	-0.1614	0.2283	0.1330	0.1880
R108b	P112s	0.0976	0.1380	-0.1614	0.2283	0.1330	0.1880
R108b	P119b	-0.0559	0.0790	-0.2352	0.2728	-0.1458	0.2062
R108b	P119s	-0.0559	0.0790	-0.2352	0.2728	-0.1458	0.2062
R108b	Q116b	0.1784	0.2524	-0.0527	0.2578	-0.0740	0.1047
R108b	Q116s	0.1784	0.2524	-0.0527	0.2578	-0.0740	0.1047
R108b	T111b	-0.0580	0.0820	-0.2666	0.3770	-0.0590	0.0835
R108b	T111s	-0.0580	0.0820	-0.2666	0.3770	-0.0590	0.0835
R108s	A110b	-0.2902	0.4105	-0.2060	0.5569	-0.2030	0.2871
R108s	A110s	-0.2902	0.4105	-0.2060	0.5569	-0.2030	0.2871
R108s	A117b	-0.0091	0.0128	-0.0931	0.2082	-0.2872	0.4061
R108s	A117s	-0.0091	0.0128	-0.0931	0.2082	-0.2872	0.4061
R108s	L113b	0.0307	0.0434	-0.0559	0.1748	0.1112	0.1573
R108s	L113s	0.0307	0.0434	-0.0559	0.1748	0.1112	0.1573
R108s	L114b	0.0879	0.1243	0.0560	0.0792	-0.0559	0.0791
R108s	L114s	0.0879	0.1243	0.0560	0.0792	-0.0559	0.0791
R108s	L118b	-0.1420	0.2008	0.0508	0.3302	-0.0462	0.5894
R108s	L118s	-0.1420	0.2008	0.0508	0.3302	-0.0462	0.5894
R108s	M109b	-0.2404	0.3399	-0.3222	0.4556	0.0006	0.9205
R108s	M109s	-0.2404	0.3399	-0.3222	0.4556	0.0006	0.9205
R108s	M115b	0.1419	0.2007	0.0194	0.2996	0.0189	0.0267
R108s	M115s	0.1419	0.2007	0.0194	0.2996	0.0189	0.0267
R108s	M120b	-0.1170	0.1654	-0.1613	0.4781	-0.1269	0.1795
R108s	M120s	-0.1170	0.1654	-0.1613	0.4781	-0.1269	0.1795
R108s	P112b	0.0976	0.1380	-0.1614	0.2283	0.1330	0.1880
R108s	P112s	0.0976	0.1380	-0.1614	0.2283	0.1330	0.1880
R108s	P119b	-0.0559	0.0790	-0.2352	0.2728	-0.1458	0.2062
R108s	P119s	-0.0559	0.0790	-0.2352	0.2728	-0.1458	0.2062
R108s	Q116b	0.1784	0.2524	-0.0527	0.2578	-0.0740	0.1047
R108s	Q116s	0.1784	0.2524	-0.0527	0.2578	-0.0740	0.1047
R108s	T111b	-0.0580	0.0820	-0.2666	0.3770	-0.0590	0.0835
R108s	T111s	-0.0580	0.0820	-0.2666	0.3770	-0.0590	0.0835
S105b	A110b	-0.0746	0.1055	-1.1559	1.2247	-0.2022	0.2859
S105b	A110s	-0.0746	0.1055	-1.1559	1.2247	-0.2022	0.2859
S105b	A117b	-0.1154	0.1632	1.3508	2.1276	-0.1876	0.2653
S105b	A117s	-0.1154	0.1632	1.3508	2.1276	-0.1876	0.2653
S105b	K106b	-0.0593	0.0838	1.5390	2.2682	-0.2482	0.5880
S105b	K106s	-0.0593	0.0838	1.5390	2.2682	-0.2482	0.5880
S105b	L113b	-0.2357	0.3333	0.7860	1.9906	0.1967	0.2781
S105b	L113s	-0.2357	0.3333	0.7860	1.9906	0.1967	0.2781
S105b	L114b	-0.2341	0.3310	0.0741	0.1048	0.0678	0.0959
S105b	L114s	-0.2341	0.3310	0.0741	0.1048	0.0678	0.0959
S105b	L118b	-0.0764	0.1080	-2.1949	2.2959	0.0925	0.7101
S105b	L118s	-0.0764	0.1080	-2.1949	2.2959	0.0925	0.7101
S105b	M109b	-0.0544	0.0770	-0.5726	0.2871	-0.0709	0.7666
S105b	M109s	-0.0544	0.0770	-0.5726	0.2871	-0.0709	0.7666
S105b	M115b	-0.2169	0.3067	1.1959	1.5203	0.1284	0.1816
S105b	M115s	-0.2169	0.3067	1.1959	1.5203	0.1284	0.1816
S105b	M120b	-0.1069	0.1512	-1.1700	1.1171	0.0652	0.0922
S105b	M120s	-0.1069	0.1512	-1.1700	1.1171	0.0652	0.0922
S105b	P112b	-0.2624	0.3711	0.4299	1.0151	0.2106	0.2979
S105b	P112s	-0.2624	0.3711	0.4299	1.0151	0.2106	0.2979
S105b	P119b	-0.1402	0.1983	-0.6322	1.8549	-0.1484	0.2099
S105b	P119s	-0.1402	0.1983	-0.6322	1.8549	-0.1484	0.2099
S105b	Q116b	-0.2141	0.3028	1.4622	2.1638	0.0950	0.1344
S105b	Q116s	-0.2141	0.3028	1.4622	2.1638	0.0950	0.1344
S105b	R108b	0.0043	0.0061	3.6253	6.6195	-0.7016	0.4511
S105b	R108s	0.0043	0.0061	3.6253	6.6195	-0.7016	0.4511
S105b	T111b	0.0978	0.1383	-0.2256	0.3190	-0.1790	0.2531
S105b	T111s	0.0978	0.1383	-0.2256	0.3190	-0.1790	0.2531
S105b	W107b	-0.1598	0.2260	-1.1686	0.4141	-0.6128	0.3064
S105b	W107s	-0.1598	0.2260	-1.1686	0.4141	-0.6128	0.3064
S105s	A110b	-0.0746	0.1055	-1.1559	1.2247	-0.2022	0.2859
S105s	A110s	-0.0746	0.1055	-1.1559	1.2247	-0.2022	0.2859
S105s	A117b	-0.1154	0.1632	1.3508	2.1276	-0.1876	0.2653
S105s	A117s	-0.1154	0.1632	1.3508	2.1276	-0.1876	0.2653
S105s	K106b	-0.0593	0.0838	1.5390	2.2682	-0.2482	0.5880
S105s	K106s	-0.0593	0.0838	1.5390	2.2682	-0.2482	0.5880
S105s	L113b	-0.2357	0.3333	0.7860	1.9906	0.1967	0.2781
S105s	L113s	-0.2357	0.3333	0.7860	1.9906	0.1967	0.2781
S105s	L114b	-0.2341	0.3310	0.0741	0.1048	0.0678	0.0959
S105s	L114s	-0.2341	0.3310	0.0741	0.1048	0.0678	0.0959
S105s	L118b	-0.0764	0.1080	-2.1949	2.2959	0.0925	0.7101
S105s	L118s	-0.0764	0.1080	-2.1949	2.2959	0.0925	0.7101
S105s	M109b	-0.0544	0.0770	-0.5726	0.2871	-0.0709	0.7666
S105s	M109s	-0.0544	0.0770	-0.5726	0.2871	-0.0709	0.7666
S105s	M115b	-0.2169	0.3067	1.1959	1.5203	0.1284	0.1816
S105s	M115s	-0.2169	0.3067	1.1959	1.5203	0.1284	0.1816
S105s	M120b	-0.1069	0.1512	-1.1700	1.1171	0.0652	0.0922
S105s	M120s	-0.1069	0.1512	-1.1700	1.1171	0.0652	0.0922
S105s	P112b	-0.2624	0.3711	0.4299	1.0151	0.2106	0.2979
S105s	P112s	-0.2624	0.3711	0.4299	1.0151	0.2106	0.2979
S105s	P119b	-0.1402	0.1983	-0.6322	1.8549	-0.1484	0.2099
S105s	P119s	-0.1402	0.1983	-0.6322	1.8549	-0.1484	0.2099
S105s	Q116b	-0.2141	0.3028	1.4622	2.1638	0.0950	0.1344
S105s	Q116s	-0.2141	0.3028	1.4622	2.1638	0.0950	0.1344
S105s	R108b	0.0043	0.0061	3.6253	6.6195	-0.7016	0.4511
S105s	R108s	0.0043	0.0061	3.6253	6.6195	-0.7016	0.4511
S105s	T111b	0.0978	0.1383	-0.2256	0.3190	-0.1790	0.2531
S105s	T111s	0.0978	0.1383	-0.2256	0.3190	-0.1790	0.2531
S105s	W107b	-0.1598	0.2260	-1.1686	0.4141	-0.6128	0.3064
S105s	W107s	-0.1598	0.2260	-1.1686	0.4141	-0.6128	0.3064
T111b	A117b	0.2582	0.3652	-0.0615	0.0870	-0.0351	0.0497
T111b	A117s	0.2582	0.3652	-0.0615	0.0870	-0.0351	0.0497
T111b	L113b	0.1552	0.2195	-0.0567	0.0802	0.1157	0.1636
T111b	L113s	0.1552	0.2195	-0.0567	0.0802	0.1157	0.1636
T111b	L114b	0.1341	0.1896	-0.0598	0.0846	0.1581	0.2237
T111b	L114s	0.1341	0.1896	-0.0598	0.0846	0.1581	0.2237
T111b	L118b	0.2287	0.3234	-0.1295	0.1832	-0.1275	0.1803
T111b	L118s	0.2287	0.3234	-0.1295	0.1832	-0.1275	0.1803
T111b	M115b	0.0827	0.1169	-0.0142	0.0200	0.1890	0.2674
T111b	M115s	0.0827	0.1169	-0.0142	0.0200	0.1890	0.2674
T111b	M120b	0.0505	0.7132	-0.2698	0.3816	0.1812	0.2563
T111b	M120s	0.0505	0.7132	-0.2698	0.3816	0.1812	0.2563
T111b	P112b	0.0815	0.1152	-0.2819	0.3987	0.1200	0.1697
T111b	P112s	0.0815	0.1152	-0.2819	0.3987	0.1200	0.1697
T111b	P119b	0.2586	0.3658	-0.2585	0.3655	-0.1526	0.2158
T111b	P119s	0.2586	0.3658	-0.2585	0.3655	-0.1526	0.2158
T111b	Q116b	0.1746	0.2469	-0.0673	0.0952	0.2072	0.2930
T111b	Q116s	0.1746	0.2469	-0.0673	0.0952	0.2072	0.2930
T111s	A117b	0.2582	0.3652	-0.0615	0.0870	-0.0351	0.0497
T111s	A117s	0.2582	0.3652	-0.0615	0.0870	-0.0351	0.0497
T111s	L113b	0.1552	0.2195	-0.0567	0.0802	0.1157	0.1636
T111s	L113s	0.1552	0.2195	-0.0567	0.0802	0.1157	0.1636
T111s	L114b	0.1341	0.1896	-0.0598	0.0846	0.1581	0.2237
T111s	L114s	0.1341	0.1896	-0.0598	0.0846	0.1581	0.2237
T111s	L118b	0.2287	0.3234	-0.1295	0.1832	-0.1275	0.1803
T111s	L118s	0.2287	0.3234	-0.1295	0.1832	-0.1275	0.1803
T111s	M115b	0.0827	0.1169	-0.0142	0.0200	0.1890	0.2674
T111s	M115s	0.0827	0.1169	-0.0142	0.0200	0.1890	0.2674
T111s	M120b	0.0505	0.7132	-0.2698	0.3816	0.1812	0.2563
T111s	M120s	0.0505	0.7132	-0.2698	0.3816	0.1812	0.2563
T111s	P112b	0.0815	0.1152	-0.2819	0.3987	0.1200	0.1697
T111s	P112s	0.0815	0.1152	-0.2819	0.3987	0.1200	0.1697
T111s	P119b	0.2586	0.3658	-0.2585	0.3655	-0.1526	0.2158
T111s	P119s	0.2586	0.3658	-0.2585	0.3655	-0.1526	0.2158
T111s	Q116b	0.1746	0.2469	-0.0673	0.0952	0.2072	0.2930
T111s	Q116s	0.1746	0.2469	-0.0673	0.0952	0.2072	0.2930
V104b	A110b	0.0758	0.1073	0.0293	0.8362	-0.1701	0.2406
V104b	A110s	0.0758	0.1073	0.0293	0.8362	-0.1701	0.2406
V104b	A117b	-0.2277	0.3221	-0.3704	0.7329	-0.2328	0.3293
V104b	A117s	-0.2277	0.3221	-0.3704	0.7329	-0.2328	0.3293
V104b	K106b	-0.0480	0.0679	-0.6976	0.3533	-0.5239	0.3161
V104b	K106s	-0.0480	0.0679	-0.6976	0.3533	-0.5239	0.3161
V104b	L113b	-0.2220	0.3140	-0.2383	0.6012	0.1713	0.2422
V104b	L113s	-0.2220	0.3140	-0.2383	0.6012	0.1713	0.2422
V104b	L114b	-0.2349	0.3322	0.1099	0.1554	0.0070	0.0098
V104b	L114s	-0.2349	0.3322	0.1099	0.1554	0.0070	0.0098
V104b	L118b	-0.1263	0.1786	0.4157	0.8975	-0.2955	0.2135
V104b	L118s	-0.1263	0.1786	0.4157	0.8975	-0.2955	0.2135
V104b	M109b	0.1428	0.2020	-0.2967	0.4195	-0.1029	0.7400
V104b	M109s	0.1428	0.2020	-0.2967	0.4195	-0.1029	0.7400
V104b	M115b	-0.2369	0.3350	-0.1685	0.7502	0.0812	0.1149
V104b	M115s	-0.2369	0.3350	-0.1685	0.7502	0.0812	0.1149
V104b	M120b	-0.1703	0.2408	0.0258	0.8079	-0.0023	0.0032
V104b	M120s	-0.1703	0.2408	0.0258	0.8079	-0.0023	0.0032
V104b	P112b	-0.2221	0.3140	-0.1058	0.1496	0.1928	0.2727
V104b	P112s	-0.2221	0.3140	-0.1058	0.1496	0.1928	0.2727
V104b	P119b	-0.2232	0.3156	-0.3461	0.2139	-0.1422	0.2010
V104b	P119s	-0.2232	0.3156	-0.3461	0.2139	-0.1422	0.2010
V104b	Q116b	-0.2982	0.4217	-0.3023	0.7997	0.0265	0.0375
V104b	Q116s	-0.2982	0.4217	-0.3023	0.7997	0.0265	0.0375
V104b	R108b	0.1284	0.1816	-1.5494	1.5721	-0.1473	0.6620
V104b	R108s	0.1284	0.1816	-1.5494	1.5721	-0.1473	0.6620
V104b	S105b	-0.2434	0.3442	-0.2198	0.6517	0.0185	0.9838
V104b	S105s	-0.2434	0.3442	-0.2198	0.6517	0.0185	0.9838
V104b	T111b	0.2232	0.3156	-0.2339	0.3308	-0.0999	0.1413
V104b	T111s	0.2232	0.3156	-0.2339	0.3308	-0.0999	0.1413
V104b	W107b	-0.1134	0.1604	-0.1447	0.7357	-0.4604	0.3666
V104b	W107s	-0.1134	0.1604	-0.1447	0.7357	-0.4604	0.3666
V104s	A110b	0.0758	0.1073	0.0293	0.8362	-0.1701	0.2406
V104s	A110s	0.0758	0.1073	0.0293	0.8362	-0.1701	0.2406
V104s	A117b	-0.2277	0.3221	-0.3704	0.7329	-0.2328	0.3293
V104s	A117s	-0.2277	0.3221	-0.3704	0.7329	-0.2328	0.3293
V104s	K106b	-0.0480	0.0679	-0.6976	0.3533	-0.5239	0.3161
V104s	K106s	-0.0480	0.0679	-0.6976	0.3533	-0.5239	0.3161
V104s	L113b	-0.2220	0.3140	-0.2383	0.6012	0.1713	0.2422
V104s	L113s	-0.2220	0.3140	-0.2383	0.6012	0.1713	0.2422
V104s	L114b	-0.2349	0.3322	0.1099	0.1554	0.0070	0.0098
V104s	L114s	-0.2349	0.3322	0.1099	0.1554	0.0070	0.0098
V104s	L118b	-0.1263	0.1786	0.4157	0.8975	-0.2955	0.2135
V104s	L118s	-0.1263	0.1786	0.4157	0.8975	-0.2955	0.2135
V104s	M109b	0.1428	0.2020	-0.2967	0.4195	-0.1029	0.7400
V104s	M109s	0.1428	0.2020	-0.2967	0.4195	-0.1029	0.7400
V104s	M115b	-0.2369	0.3350	-0.1685	0.7502	0.0812	0.1149
V104s	M115s	-0.2369	0.3350	-0.1685	0.7502	0.0812	0.1149
V104s	M120b	-0.1703	0.2408	0.0258	0.8079	-0.0023	0.0032
V104s	M120s	-0.1703	0.2408	0.0258	0.8079	-0.0023	0.0032
V104s	P112b	-0.2221	0.3140	-0.1058	0.1496	0.1928	0.2727
V104s	P112s	-0.2221	0.3140	-0.1058	0.1496	0.1928	0.2727
V104s	P119b	-0.2232	0.3156	-0.3461	0.2139	-0.1422	0.2010
V104s	P119s	-0.2232	0.3156	-0.3461	0.2139	-0.1422	0.2010
V104s	Q116b	-0.2982	0.4217	-0.3023	0.7997	0.0265	0.0375
V104s	Q116s	-0.2982	0.4217	-0.3023	0.7997	0.0265	0.0375
V104s	R108b	0.1284	0.1816	-1.5494	1.5721	-0.1473	0.6620
V104s	R108s	0.1284	0.1816	-1.5494	1.5721	-0.1473	0.6620
V104s	S105b	-0.2434	0.3442	-0.2198	0.6517	0.0185	0.9838
V104s	S105s	-0.2434	0.3442	-0.2198	0.6517	0.0185	0.9838
V104s	T111b	0.2232	0.3156	-0.2339	0.3308	-0.0999	0.1413
V104s	T111s	0.2232	0.3156	-0.2339	0.3308	-0.0999	0.1413
V104s	W107b	-0.1134	0.1604	-0.1447	0.7357	-0.4604	0.3666
V104s	W107s	-0.1134	0.1604	-0.1447	0.7357	-0.4604	0.3666
W107b	A110b	-0.0901	0.1274	-0.8209	0.6295	-0.2971	0.1546
W107b	A110s	-0.0901	0.1274	-0.8209	0.6295	-0.2971	0.1546
W107b	A117b	-0.0769	0.1088	0.8696	1.2306	-0.3651	0.2856
W107b	A117s	-0.0769	0.1088	0.8696	1.2306	-0.3651	0.2856
W107b	L113b	-0.0232	0.0328	0.4008	1.3509	0.3347	0.1684
W107b	L113s	-0.0232	0.0328	0.4008	1.3509	0.3347	0.1684
W107b	L114b	-0.0117	0.0165	0.0878	0.1241	-0.3980	0.6136
W107b	L114s	-0.0117	0.0165	0.0878	0.1241	-0.3980	0.6136
W107b	L118b	-0.1030	0.1457	-1.5489	1.3351	-0.1174	0.7746
W107b	L118s	-0.1030	0.1457	-1.5489	1.3351	-0.1174	0.7746
W107b	M109b	-0.0393	0.0556	-0.6068	0.3065	-0.0559	0.8361
W107b	M109s	-0.0393	0.0556	-0.6068	0.3065	-0.0559	0.8361
W107b	M115b	-0.0286	0.0405	0.7875	0.8532	0.0805	0.1138
W107b	M115s	-0.0286	0.0405	0.7875	0.8532	0.0805	0.1138
W107b	M120b	0.0113	0.3333	-0.8088	0.5906	-0.0107	0.0151
W107b	M120s	0.0113	0.3333	-0.8088	0.5906	-0.0107	0.0151
W107b	P112b	-0.0294	0.0416	0.4416	1.1332	0.1902	0.2690
W107b	P112s	-0.0294	0.0416	0.4416	1.1332	0.1902	0.2690
W107b	P119b	-0.1285	0.1817	-0.8696	1.7143	-0.3206	0.1616
W107b	P119s	-0.1285	0.1817	-0.8696	1.7143	-0.3206	0.1616
W107b	Q116b	-0.0294	0.0416	0.9627	1.2495	-0.0269	0.1026
W107b	Q116s	-0.0294	0.0416	0.9627	1.2495	-0.0269	0.1026
W107b	R108b	-0.1625	0.2298	2.0681	4.1956	-0.7665	0.4486
W107b	R108s	-0.1625	0.2298	2.0681	4.1956	-0.7665	0.4486
W107b	T111b	0.1498	0.3337	-0.2719	0.3846	-0.1028	0.1454
W107b	T111s	0.1498	0.3337	-0.2719	0.3846	-0.1028	0.1454
W107s	A110b	-0.0901	0.1274	-0.8209	0.6295	-0.2971	0.1546
W107s	A110s	-0.0901	0.1274	-0.8209	0.6295	-0.2971	0.1546
W107s	A117b	-0.0769	0.1088	0.8696	1.2306	-0.3651	0.2856
W107s	A117s	-0.0769	0.1088	0.8696	1.2306	-0.3651	0.2856
W107s	L113b	-0.0232	0.0328	0.4008	1.3509	0.3347	0.1684
W107s	L113s	-0.0232	0.0328	0.4008	1.3509	0.3347	0.1684
W107s	L114b	-0.0117	0.0165	0.0878	0.1241	-0.3980	0.6136
W107s	L114s	-0.0117	0.0165	0.0878	0.1241	-0.3980	0.6136
W107s	L118b	-0.1030	0.1457	-1.5489	1.3351	-0.1174	0.7746
W107s	L118s	-0.1030	0.1457	-1.5489	1.3351	-0.1174	0.7746
W107s	M109b	-0.0393	0.0556	-0.6068	0.3065	-0.0559	0.8361
W107s	M109s	-0.0393	0.0556	-0.6068	0.3065	-0.0559	0.8361
W107s	M115b	-0.0286	0.0405	0.7875	0.8532	0.0805	0.1138
W107s	M115s	-0.0286	0.0405	0.7875	0.8532	0.0805	0.1138
W107s	M120b	0.0113	0.3333	-0.8088	0.5906	-0.0107	0.0151
W107s	M120s	0.0113	0.3333	-0.8088	0.5906	-0.0107	0.0151
W107s	P112b	-0.0294	0.0416	0.4416	1.1332	0.1902	0.2690
W107s	P112s	-0.0294	0.0416	0.4416	1.1332	0.1902	0.2690
W107s	P119b	-0.1285	0.1817	-0.8696	1.7143	-0.3206	0.1616
W107s	P119s	-0.1285	0.1817	-0.8696	1.7143	-0.3206	0.1616
W107s	Q116b	-0.0294	0.0416	0.9627	1.2495	-0.0269	0.1026
W107s	Q116s	-0.0294	0.0416	0.9627	1.2495	-0.0269	0.1026
W107s	R108b	-0.1625	0.2298	2.0681	4.1956	-0.7665	0.4486
W107s	R108s	-0.1625	0.2298	2.0681	4.1956	-0.7665	0.4486
W107s	T111b	0.1498	0.3337	-0.2719	0.3846	-0.1028	0.1454
W107s	T111s	0.1498	0.3337	-0.2719	0.3846	-0.1028	0.1454
