rgn1	rgn2	aT41A.pcca1	aT41A.pcca1	WT.pcca2	WT.pcca2	lsdm	sdiff	score	pval
		mf	sf	mf	sf				
A110b	A117b	1.7865	0.0902	2.2149	0.0410	1	-0.2303	-4.3248	0.0000
A110b	A117s	1.7865	0.0902	2.2149	0.0410	1	-0.2303	-4.3248	0.0000
A110b	L118b	1.6548	0.0191	2.5105	0.0268	1	-0.7899	-26.0294	0.0000
A110b	L118s	1.6548	0.0191	2.5105	0.0268	1	-0.7899	-26.0294	0.0000
A110b	M120b	1.4399	0.2729	2.7933	0.0270	1	-0.8048	-4.9346	0.0000
A110b	M120s	1.4399	0.2729	2.7933	0.0270	1	-0.8048	-4.9346	0.0000
A110b	P119b	1.3794	0.1333	2.6946	0.0682	1	-1.0158	-8.7829	0.0000
A110b	P119s	1.3794	0.1333	2.6946	0.0682	1	-1.0158	-8.7829	0.0000
A110s	A117b	1.7865	0.0902	2.2149	0.0410	1	-0.2303	-4.3248	0.0000
A110s	A117s	1.7865	0.0902	2.2149	0.0410	1	-0.2303	-4.3248	0.0000
A110s	L118b	1.6548	0.0191	2.5105	0.0268	1	-0.7899	-26.0294	0.0000
A110s	L118s	1.6548	0.0191	2.5105	0.0268	1	-0.7899	-26.0294	0.0000
A110s	M120b	1.4399	0.2729	2.7933	0.0270	1	-0.8048	-4.9346	0.0000
A110s	M120s	1.4399	0.2729	2.7933	0.0270	1	-0.8048	-4.9346	0.0000
A110s	P119b	1.3794	0.1333	2.6946	0.0682	1	-1.0158	-8.7829	0.0000
A110s	P119s	1.3794	0.1333	2.6946	0.0682	1	-1.0158	-8.7829	0.0000
K102b	A117b	3.9302	0.0950	4.4439	0.0767	1	-0.2694	-4.2056	0.0000
K102b	A117s	3.9302	0.0950	4.4439	0.0767	1	-0.2694	-4.2056	0.0000
K102b	L118b	3.7667	0.0452	4.7684	0.1134	1	-0.7577	-8.2089	0.0000
K102b	L118s	3.7667	0.0452	4.7684	0.1134	1	-0.7577	-8.2089	0.0000
K102b	M120b	3.3308	0.1328	4.9999	0.0663	1	-1.3723	-11.2462	0.0000
K102b	M120s	3.3308	0.1328	4.9999	0.0663	1	-1.3723	-11.2462	0.0000
K102b	P119b	3.4539	0.0198	4.9435	0.1516	1	-1.1838	-9.7430	0.0000
K102b	P119s	3.4539	0.0198	4.9435	0.1516	1	-1.1838	-9.7430	0.0000
K102s	A117b	3.9302	0.0950	4.4439	0.0767	1	-0.2694	-4.2056	0.0000
K102s	A117s	3.9302	0.0950	4.4439	0.0767	1	-0.2694	-4.2056	0.0000
K102s	L118b	3.7667	0.0452	4.7684	0.1134	1	-0.7577	-8.2089	0.0000
K102s	L118s	3.7667	0.0452	4.7684	0.1134	1	-0.7577	-8.2089	0.0000
K102s	M120b	3.3308	0.1328	4.9999	0.0663	1	-1.3723	-11.2462	0.0000
K102s	M120s	3.3308	0.1328	4.9999	0.0663	1	-1.3723	-11.2462	0.0000
K102s	P119b	3.4539	0.0198	4.9435	0.1516	1	-1.1838	-9.7430	0.0000
K102s	P119s	3.4539	0.0198	4.9435	0.1516	1	-1.1838	-9.7430	0.0000
K106b	A117b	2.9963	0.0833	3.4731	0.0293	1	-0.3003	-5.4009	0.0000
K106b	A117s	2.9963	0.0833	3.4731	0.0293	1	-0.3003	-5.4009	0.0000
K106b	L118b	2.8140	0.0683	3.7856	0.0630	1	-0.7858	-10.4585	0.0000
K106b	L118s	2.8140	0.0683	3.7856	0.0630	1	-0.7858	-10.4585	0.0000
K106b	M120b	2.4144	0.1683	4.0749	0.0660	1	-1.2989	-9.1852	0.0000
K106b	M120s	2.4144	0.1683	4.0749	0.0660	1	-1.2989	-9.1852	0.0000
K106b	P119b	2.5060	0.0268	3.9698	0.1183	1	-1.2213	-12.0727	0.0000
K106b	P119s	2.5060	0.0268	3.9698	0.1183	1	-1.2213	-12.0727	0.0000
K106s	A117b	2.9963	0.0833	3.4731	0.0293	1	-0.3003	-5.4009	0.0000
K106s	A117s	2.9963	0.0833	3.4731	0.0293	1	-0.3003	-5.4009	0.0000
K106s	L118b	2.8140	0.0683	3.7856	0.0630	1	-0.7858	-10.4585	0.0000
K106s	L118s	2.8140	0.0683	3.7856	0.0630	1	-0.7858	-10.4585	0.0000
K106s	M120b	2.4144	0.1683	4.0749	0.0660	1	-1.2989	-9.1852	0.0000
K106s	M120s	2.4144	0.1683	4.0749	0.0660	1	-1.2989	-9.1852	0.0000
K106s	P119b	2.5060	0.0268	3.9698	0.1183	1	-1.2213	-12.0727	0.0000
K106s	P119s	2.5060	0.0268	3.9698	0.1183	1	-1.2213	-12.0727	0.0000
L113b	A117b	0.8043	0.0676	1.2244	0.0425	1	-0.2604	-5.2602	0.0000
L113b	A117s	0.8043	0.0676	1.2244	0.0425	1	-0.2604	-5.2602	0.0000
L113b	L118b	0.7981	0.0404	1.5130	0.0362	1	-0.6064	-13.1703	0.0000
L113b	L118s	0.7981	0.0404	1.5130	0.0362	1	-0.6064	-13.1703	0.0000
L113b	M120b	0.9209	0.1530	1.8476	0.0386	1	-0.6111	-5.8731	0.0000
L113b	M120s	0.9209	0.1530	1.8476	0.0386	1	-0.6111	-5.8731	0.0000
L113b	P119b	0.6816	0.0684	1.7171	0.0829	1	-0.8206	-9.6375	0.0000
L113b	P119s	0.6816	0.0684	1.7171	0.0829	1	-0.8206	-9.6375	0.0000
L113s	A117b	0.8043	0.0676	1.2244	0.0425	1	-0.2604	-5.2602	0.0000
L113s	A117s	0.8043	0.0676	1.2244	0.0425	1	-0.2604	-5.2602	0.0000
L113s	L118b	0.7981	0.0404	1.5130	0.0362	1	-0.6064	-13.1703	0.0000
L113s	L118s	0.7981	0.0404	1.5130	0.0362	1	-0.6064	-13.1703	0.0000
L113s	M120b	0.9209	0.1530	1.8476	0.0386	1	-0.6111	-5.8731	0.0000
L113s	M120s	0.9209	0.1530	1.8476	0.0386	1	-0.6111	-5.8731	0.0000
L113s	P119b	0.6816	0.0684	1.7171	0.0829	1	-0.8206	-9.6375	0.0000
L113s	P119s	0.6816	0.0684	1.7171	0.0829	1	-0.8206	-9.6375	0.0000
L114b	A117b	0.5720	0.0276	0.8793	0.0444	1	-0.2027	-5.8756	0.0000
L114b	A117s	0.5720	0.0276	0.8793	0.0444	1	-0.2027	-5.8756	0.0000
L114b	L118b	0.7217	0.1043	1.1938	0.0462	1	-0.2439	-4.1385	0.0000
L114b	L118s	0.7217	0.1043	1.1938	0.0462	1	-0.2439	-4.1385	0.0000
L114b	M120b	0.9970	0.0862	1.5704	0.0474	1	-0.3766	-5.8280	0.0000
L114b	M120s	0.9970	0.0862	1.5704	0.0474	1	-0.3766	-5.8280	0.0000
L114b	P119b	0.7336	0.1259	1.4103	0.0940	1	-0.3625	-4.3070	0.0000
L114b	P119s	0.7336	0.1259	1.4103	0.0940	1	-0.3625	-4.3070	0.0000
L114b	Q116b	0.6575	0.0029	0.6876	0.0086	1	-0.0119	-3.3049	0.0010
L114b	Q116s	0.6575	0.0029	0.6876	0.0086	1	-0.0119	-3.3049	0.0010
L114s	A117b	0.5720	0.0276	0.8793	0.0444	1	-0.2027	-5.8756	0.0000
L114s	A117s	0.5720	0.0276	0.8793	0.0444	1	-0.2027	-5.8756	0.0000
L114s	L118b	0.7217	0.1043	1.1938	0.0462	1	-0.2439	-4.1385	0.0000
L114s	L118s	0.7217	0.1043	1.1938	0.0462	1	-0.2439	-4.1385	0.0000
L114s	M120b	0.9970	0.0862	1.5704	0.0474	1	-0.3766	-5.8280	0.0000
L114s	M120s	0.9970	0.0862	1.5704	0.0474	1	-0.3766	-5.8280	0.0000
L114s	P119b	0.7336	0.1259	1.4103	0.0940	1	-0.3625	-4.3070	0.0000
L114s	P119s	0.7336	0.1259	1.4103	0.0940	1	-0.3625	-4.3070	0.0000
L114s	Q116b	0.6575	0.0029	0.6876	0.0086	1	-0.0119	-3.3049	0.0010
L114s	Q116s	0.6575	0.0029	0.6876	0.0086	1	-0.0119	-3.3049	0.0010
M109b	A117b	2.0931	0.0753	2.5295	0.0342	1	-0.2711	-5.2790	0.0000
M109b	A117s	2.0931	0.0753	2.5295	0.0342	1	-0.2711	-5.2790	0.0000
M109b	L118b	1.9567	0.0267	2.8378	0.0365	1	-0.7906	-19.4841	0.0000
M109b	L118s	1.9567	0.0267	2.8378	0.0365	1	-0.7906	-19.4841	0.0000
M109b	M120b	1.6773	0.2048	3.1240	0.0221	1	-1.0347	-7.0234	0.0000
M109b	M120s	1.6773	0.2048	3.1240	0.0221	1	-1.0347	-7.0234	0.0000
M109b	P119b	1.6669	0.0618	3.0213	0.0790	1	-1.1538	-13.5041	0.0000
M109b	P119s	1.6669	0.0618	3.0213	0.0790	1	-1.1538	-13.5041	0.0000
M109s	A117b	2.0931	0.0753	2.5295	0.0342	1	-0.2711	-5.2790	0.0000
M109s	A117s	2.0931	0.0753	2.5295	0.0342	1	-0.2711	-5.2790	0.0000
M109s	L118b	1.9567	0.0267	2.8378	0.0365	1	-0.7906	-19.4841	0.0000
M109s	L118s	1.9567	0.0267	2.8378	0.0365	1	-0.7906	-19.4841	0.0000
M109s	M120b	1.6773	0.2048	3.1240	0.0221	1	-1.0347	-7.0234	0.0000
M109s	M120s	1.6773	0.2048	3.1240	0.0221	1	-1.0347	-7.0234	0.0000
M109s	P119b	1.6669	0.0618	3.0213	0.0790	1	-1.1538	-13.5041	0.0000
M109s	P119s	1.6669	0.0618	3.0213	0.0790	1	-1.1538	-13.5041	0.0000
M115b	A117b	0.5549	0.0124	0.6233	0.0211	1	-0.0195	-2.7981	0.0051
M115b	A117s	0.5549	0.0124	0.6233	0.0211	1	-0.0195	-2.7981	0.0051
M115b	Q116b	0.3880	0.0019	0.3826	0.0015	1	0.0007	2.2735	0.0230
M115b	Q116s	0.3880	0.0019	0.3826	0.0015	1	0.0007	2.2735	0.0230
M115s	A117b	0.5549	0.0124	0.6233	0.0211	1	-0.0195	-2.7981	0.0051
M115s	A117s	0.5549	0.0124	0.6233	0.0211	1	-0.0195	-2.7981	0.0051
M115s	Q116b	0.3880	0.0019	0.3826	0.0015	1	0.0007	2.2735	0.0230
M115s	Q116s	0.3880	0.0019	0.3826	0.0015	1	0.0007	2.2735	0.0230
MHCII	A117b	3.6767	0.0229	3.7629	0.0358	1	-0.0012	-2.0273	0.0426
MHCII	A117s	3.6767	0.0229	3.7629	0.0358	1	-0.0012	-2.0273	0.0426
MHCII	L118b	3.6974	0.0301	3.9342	0.0336	1	-0.1466	-5.2509	0.0000
MHCII	L118s	3.6974	0.0301	3.9342	0.0336	1	-0.1466	-5.2509	0.0000
MHCII	M120b	3.6931	0.0678	4.0507	0.0715	1	-0.1605	-3.6287	0.0003
MHCII	M120s	3.6931	0.0678	4.0507	0.0715	1	-0.1605	-3.6287	0.0003
MHCII	P119b	3.5779	0.0322	4.0126	0.0524	1	-0.3117	-7.0681	0.0000
MHCII	P119s	3.5779	0.0322	4.0126	0.0524	1	-0.3117	-7.0681	0.0000
P103b	A117b	3.6285	0.0930	4.1453	0.0667	1	-0.2878	-4.5140	0.0000
P103b	A117s	3.6285	0.0930	4.1453	0.0667	1	-0.2878	-4.5140	0.0000
P103b	L118b	3.4604	0.0295	4.4658	0.1043	1	-0.7887	-9.2785	0.0000
P103b	L118s	3.4604	0.0295	4.4658	0.1043	1	-0.7887	-9.2785	0.0000
P103b	M120b	3.0342	0.1455	4.7411	0.1101	1	-1.3419	-9.3534	0.0000
P103b	M120s	3.0342	0.1455	4.7411	0.1101	1	-1.3419	-9.3534	0.0000
P103b	P119b	3.1489	0.0049	4.6412	0.1506	1	-1.1910	-9.9048	0.0000
P103b	P119s	3.1489	0.0049	4.6412	0.1506	1	-1.1910	-9.9048	0.0000
P103s	A117b	3.6285	0.0930	4.1453	0.0667	1	-0.2878	-4.5140	0.0000
P103s	A117s	3.6285	0.0930	4.1453	0.0667	1	-0.2878	-4.5140	0.0000
P103s	L118b	3.4604	0.0295	4.4658	0.1043	1	-0.7887	-9.2785	0.0000
P103s	L118s	3.4604	0.0295	4.4658	0.1043	1	-0.7887	-9.2785	0.0000
P103s	M120b	3.0342	0.1455	4.7411	0.1101	1	-1.3419	-9.3534	0.0000
P103s	M120s	3.0342	0.1455	4.7411	0.1101	1	-1.3419	-9.3534	0.0000
P103s	P119b	3.1489	0.0049	4.6412	0.1506	1	-1.1910	-9.9048	0.0000
P103s	P119s	3.1489	0.0049	4.6412	0.1506	1	-1.1910	-9.9048	0.0000
P112b	A117b	1.1786	0.0626	1.5229	0.0498	1	-0.1843	-4.3042	0.0000
P112b	A117s	1.1786	0.0626	1.5229	0.0498	1	-0.1843	-4.3042	0.0000
P112b	L114b	0.6940	0.0023	0.6689	0.0107	1	0.0031	2.2816	0.0225
P112b	L114s	0.6940	0.0023	0.6689	0.0107	1	0.0031	2.2816	0.0225
P112b	L118b	1.1498	0.0456	1.8298	0.0384	1	-0.5608	-11.4086	0.0000
P112b	L118s	1.1498	0.0456	1.8298	0.0384	1	-0.5608	-11.4086	0.0000
P112b	M120b	1.1195	0.1639	2.1391	0.0470	1	-0.6786	-5.9808	0.0000
P112b	M120s	1.1195	0.1639	2.1391	0.0470	1	-0.6786	-5.9808	0.0000
P112b	P119b	0.9514	0.0578	2.0192	0.0736	1	-0.8806	-11.4119	0.0000
P112b	P119s	0.9514	0.0578	2.0192	0.0736	1	-0.8806	-11.4119	0.0000
P112s	A117b	1.1786	0.0626	1.5229	0.0498	1	-0.1843	-4.3042	0.0000
P112s	A117s	1.1786	0.0626	1.5229	0.0498	1	-0.1843	-4.3042	0.0000
P112s	L114b	0.6940	0.0023	0.6689	0.0107	1	0.0031	2.2816	0.0225
P112s	L114s	0.6940	0.0023	0.6689	0.0107	1	0.0031	2.2816	0.0225
P112s	L118b	1.1498	0.0456	1.8298	0.0384	1	-0.5608	-11.4086	0.0000
P112s	L118s	1.1498	0.0456	1.8298	0.0384	1	-0.5608	-11.4086	0.0000
P112s	M120b	1.1195	0.1639	2.1391	0.0470	1	-0.6786	-5.9808	0.0000
P112s	M120s	1.1195	0.1639	2.1391	0.0470	1	-0.6786	-5.9808	0.0000
P112s	P119b	0.9514	0.0578	2.0192	0.0736	1	-0.8806	-11.4119	0.0000
P112s	P119s	0.9514	0.0578	2.0192	0.0736	1	-0.8806	-11.4119	0.0000
Q116b	A117b	0.3897	0.0007	0.3823	0.0000	1	0.0060	10.5266	0.0000
Q116b	A117s	0.3897	0.0007	0.3823	0.0000	1	0.0060	10.5266	0.0000
Q116b	L118b	0.7085	0.0264	0.5903	0.0181	1	0.0542	3.6924	0.0002
Q116b	L118s	0.7085	0.0264	0.5903	0.0181	1	0.0542	3.6924	0.0002
Q116b	M120b	1.2440	0.0217	0.9935	0.0729	1	0.0984	3.2949	0.0010
Q116b	M120s	1.2440	0.0217	0.9935	0.0729	1	0.0984	3.2949	0.0010
Q116s	A117b	0.3897	0.0007	0.3823	0.0000	1	0.0060	10.5266	0.0000
Q116s	A117s	0.3897	0.0007	0.3823	0.0000	1	0.0060	10.5266	0.0000
Q116s	L118b	0.7085	0.0264	0.5903	0.0181	1	0.0542	3.6924	0.0002
Q116s	L118s	0.7085	0.0264	0.5903	0.0181	1	0.0542	3.6924	0.0002
Q116s	M120b	1.2440	0.0217	0.9935	0.0729	1	0.0984	3.2949	0.0010
Q116s	M120s	1.2440	0.0217	0.9935	0.0729	1	0.0984	3.2949	0.0010
R108b	A117b	2.4105	0.0836	2.8920	0.0285	1	-0.3049	-5.4532	0.0000
R108b	A117s	2.4105	0.0836	2.8920	0.0285	1	-0.3049	-5.4532	0.0000
R108b	L118b	2.2411	0.0336	3.1951	0.0289	1	-0.8654	-21.5457	0.0000
R108b	L118s	2.2411	0.0336	3.1951	0.0289	1	-0.8654	-21.5457	0.0000
R108b	M120b	1.9020	0.2182	3.4783	0.0125	1	-1.1392	-7.2122	0.0000
R108b	M120s	1.9020	0.2182	3.4783	0.0125	1	-1.1392	-7.2122	0.0000
R108b	P119b	1.9404	0.0622	3.3788	0.0791	1	-1.2373	-14.3038	0.0000
R108b	P119s	1.9404	0.0622	3.3788	0.0791	1	-1.2373	-14.3038	0.0000
R108s	A117b	2.4105	0.0836	2.8920	0.0285	1	-0.3049	-5.4532	0.0000
R108s	A117s	2.4105	0.0836	2.8920	0.0285	1	-0.3049	-5.4532	0.0000
R108s	L118b	2.2411	0.0336	3.1951	0.0289	1	-0.8654	-21.5457	0.0000
R108s	L118s	2.2411	0.0336	3.1951	0.0289	1	-0.8654	-21.5457	0.0000
R108s	M120b	1.9020	0.2182	3.4783	0.0125	1	-1.1392	-7.2122	0.0000
R108s	M120s	1.9020	0.2182	3.4783	0.0125	1	-1.1392	-7.2122	0.0000
R108s	P119b	1.9404	0.0622	3.3788	0.0791	1	-1.2373	-14.3038	0.0000
R108s	P119s	1.9404	0.0622	3.3788	0.0791	1	-1.2373	-14.3038	0.0000
S105b	A117b	3.3635	0.0898	3.8394	0.0351	1	-0.2832	-4.9389	0.0000
S105b	A117s	3.3635	0.0898	3.8394	0.0351	1	-0.2832	-4.9389	0.0000
S105b	L118b	3.1703	0.0538	4.1473	0.0758	1	-0.7911	-10.5130	0.0000
S105b	L118s	3.1703	0.0538	4.1473	0.0758	1	-0.7911	-10.5130	0.0000
S105b	M120b	2.7609	0.1894	4.4240	0.0876	1	-1.2457	-7.9695	0.0000
S105b	M120s	2.7609	0.1894	4.4240	0.0876	1	-1.2457	-7.9695	0.0000
S105b	P119b	2.8567	0.0420	4.3269	0.1334	1	-1.1905	-10.5129	0.0000
S105b	P119s	2.8567	0.0420	4.3269	0.1334	1	-1.1905	-10.5129	0.0000
S105s	A117b	3.3635	0.0898	3.8394	0.0351	1	-0.2832	-4.9389	0.0000
S105s	A117s	3.3635	0.0898	3.8394	0.0351	1	-0.2832	-4.9389	0.0000
S105s	L118b	3.1703	0.0538	4.1473	0.0758	1	-0.7911	-10.5130	0.0000
S105s	L118s	3.1703	0.0538	4.1473	0.0758	1	-0.7911	-10.5130	0.0000
S105s	M120b	2.7609	0.1894	4.4240	0.0876	1	-1.2457	-7.9695	0.0000
S105s	M120s	2.7609	0.1894	4.4240	0.0876	1	-1.2457	-7.9695	0.0000
S105s	P119b	2.8567	0.0420	4.3269	0.1334	1	-1.1905	-10.5129	0.0000
S105s	P119s	2.8567	0.0420	4.3269	0.1334	1	-1.1905	-10.5129	0.0000
T111b	A117b	1.4472	0.0749	1.8774	0.0521	1	-0.2477	-4.7145	0.0000
T111b	A117s	1.4472	0.0749	1.8774	0.0521	1	-0.2477	-4.7145	0.0000
T111b	L118b	1.3364	0.0267	2.1833	0.0385	1	-0.7531	-18.0587	0.0000
T111b	L118s	1.3364	0.0267	2.1833	0.0385	1	-0.7531	-18.0587	0.0000
T111b	M120b	1.1465	0.2172	2.4951	0.0335	1	-0.9091	-6.1368	0.0000
T111b	M120s	1.1465	0.2172	2.4951	0.0335	1	-0.9091	-6.1368	0.0000
T111b	P119b	1.0801	0.0652	2.3764	0.0778	1	-1.0932	-12.7681	0.0000
T111b	P119s	1.0801	0.0652	2.3764	0.0778	1	-1.0932	-12.7681	0.0000
T111s	A117b	1.4472	0.0749	1.8774	0.0521	1	-0.2477	-4.7145	0.0000
T111s	A117s	1.4472	0.0749	1.8774	0.0521	1	-0.2477	-4.7145	0.0000
T111s	L118b	1.3364	0.0267	2.1833	0.0385	1	-0.7531	-18.0587	0.0000
T111s	L118s	1.3364	0.0267	2.1833	0.0385	1	-0.7531	-18.0587	0.0000
T111s	M120b	1.1465	0.2172	2.4951	0.0335	1	-0.9091	-6.1368	0.0000
T111s	M120s	1.1465	0.2172	2.4951	0.0335	1	-0.9091	-6.1368	0.0000
T111s	P119b	1.0801	0.0652	2.3764	0.0778	1	-1.0932	-12.7681	0.0000
T111s	P119s	1.0801	0.0652	2.3764	0.0778	1	-1.0932	-12.7681	0.0000
V104b	A117b	3.6466	0.0766	4.1477	0.0628	1	-0.3031	-5.0599	0.0000
V104b	A117s	3.6466	0.0766	4.1477	0.0628	1	-0.3031	-5.0599	0.0000
V104b	L118b	3.4503	0.0300	4.4577	0.1057	1	-0.7878	-9.1723	0.0000
V104b	L118s	3.4503	0.0300	4.4577	0.1057	1	-0.7878	-9.1723	0.0000
V104b	M120b	3.0148	0.1604	4.7320	0.1287	1	-1.3059	-8.3508	0.0000
V104b	M120s	3.0148	0.1604	4.7320	0.1287	1	-1.3059	-8.3508	0.0000
V104b	P119b	3.1359	0.0247	4.6348	0.1672	1	-1.1608	-8.8670	0.0000
V104b	P119s	3.1359	0.0247	4.6348	0.1672	1	-1.1608	-8.8670	0.0000
V104s	A117b	3.6466	0.0766	4.1477	0.0628	1	-0.3031	-5.0599	0.0000
V104s	A117s	3.6466	0.0766	4.1477	0.0628	1	-0.3031	-5.0599	0.0000
V104s	L118b	3.4503	0.0300	4.4577	0.1057	1	-0.7878	-9.1723	0.0000
V104s	L118s	3.4503	0.0300	4.4577	0.1057	1	-0.7878	-9.1723	0.0000
V104s	M120b	3.0148	0.1604	4.7320	0.1287	1	-1.3059	-8.3508	0.0000
V104s	M120s	3.0148	0.1604	4.7320	0.1287	1	-1.3059	-8.3508	0.0000
V104s	P119b	3.1359	0.0247	4.6348	0.1672	1	-1.1608	-8.8670	0.0000
V104s	P119s	3.1359	0.0247	4.6348	0.1672	1	-1.1608	-8.8670	0.0000
W107b	A117b	2.7651	0.0717	3.2251	0.0371	1	-0.2986	-5.6983	0.0000
W107b	A117s	2.7651	0.0717	3.2251	0.0371	1	-0.2986	-5.6983	0.0000
W107b	L118b	2.6045	0.0512	3.5362	0.0369	1	-0.8055	-14.7680	0.0000
W107b	L118s	2.6045	0.0512	3.5362	0.0369	1	-0.8055	-14.7680	0.0000
W107b	M120b	2.2505	0.1746	3.8125	0.0183	1	-1.2109	-8.8983	0.0000
W107b	M120s	2.2505	0.1746	3.8125	0.0183	1	-1.2109	-8.8983	0.0000
W107b	P119b	2.2972	0.0238	3.7154	0.0779	1	-1.2552	-17.4099	0.0000
W107b	P119s	2.2972	0.0238	3.7154	0.0779	1	-1.2552	-17.4099	0.0000
W107b	R108b	0.3837	0.0009	0.3873	0.0011	1	-0.0007	-2.4859	0.0129
W107b	R108s	0.3837	0.0009	0.3873	0.0011	1	-0.0007	-2.4859	0.0129
W107s	A117b	2.7651	0.0717	3.2251	0.0371	1	-0.2986	-5.6983	0.0000
W107s	A117s	2.7651	0.0717	3.2251	0.0371	1	-0.2986	-5.6983	0.0000
W107s	L118b	2.6045	0.0512	3.5362	0.0369	1	-0.8055	-14.7680	0.0000
W107s	L118s	2.6045	0.0512	3.5362	0.0369	1	-0.8055	-14.7680	0.0000
W107s	M120b	2.2505	0.1746	3.8125	0.0183	1	-1.2109	-8.8983	0.0000
W107s	M120s	2.2505	0.1746	3.8125	0.0183	1	-1.2109	-8.8983	0.0000
W107s	P119b	2.2972	0.0238	3.7154	0.0779	1	-1.2552	-17.4099	0.0000
W107s	P119s	2.2972	0.0238	3.7154	0.0779	1	-1.2552	-17.4099	0.0000
W107s	R108b	0.3837	0.0009	0.3873	0.0011	1	-0.0007	-2.4859	0.0129
W107s	R108s	0.3837	0.0009	0.3873	0.0011	1	-0.0007	-2.4859	0.0129
