rgn1	rgn2	aT41A.pcca1	aT41A.pcca1	bN82A.pcca2	bN82A.pcca2	lsdm	sdiff	score	pval
		mf	sf	mf	sf				
A110b	A117b	1.7865	0.0902	2.2114	0.0502	1	-0.2185	-4.1172	0.0000
A110b	A117s	1.7865	0.0902	2.2114	0.0502	1	-0.2185	-4.1172	0.0000
A110b	L118b	1.6548	0.0191	2.4465	0.1424	1	-0.5043	-5.5089	0.0000
A110b	L118s	1.6548	0.0191	2.4465	0.1424	1	-0.5043	-5.5089	0.0000
A110b	M120b	1.4399	0.2729	2.6876	0.1983	1	-0.5729	-3.6982	0.0002
A110b	M120s	1.4399	0.2729	2.6876	0.1983	1	-0.5729	-3.6982	0.0002
A110b	P119b	1.3794	0.1333	2.5398	0.2621	1	-0.5724	-3.9469	0.0001
A110b	P119s	1.3794	0.1333	2.5398	0.2621	1	-0.5724	-3.9469	0.0001
A110s	A117b	1.7865	0.0902	2.2114	0.0502	1	-0.2185	-4.1172	0.0000
A110s	A117s	1.7865	0.0902	2.2114	0.0502	1	-0.2185	-4.1172	0.0000
A110s	L118b	1.6548	0.0191	2.4465	0.1424	1	-0.5043	-5.5089	0.0000
A110s	L118s	1.6548	0.0191	2.4465	0.1424	1	-0.5043	-5.5089	0.0000
A110s	M120b	1.4399	0.2729	2.6876	0.1983	1	-0.5729	-3.6982	0.0002
A110s	M120s	1.4399	0.2729	2.6876	0.1983	1	-0.5729	-3.6982	0.0002
A110s	P119b	1.3794	0.1333	2.5398	0.2621	1	-0.5724	-3.9469	0.0001
A110s	P119s	1.3794	0.1333	2.5398	0.2621	1	-0.5724	-3.9469	0.0001
K102b	A117b	3.9302	0.0950	4.4302	0.1397	1	-0.1620	-2.9589	0.0031
K102b	A117s	3.9302	0.0950	4.4302	0.1397	1	-0.1620	-2.9589	0.0031
K102b	L118b	3.7667	0.0452	4.7023	0.2009	1	-0.5239	-4.5440	0.0000
K102b	L118s	3.7667	0.0452	4.7023	0.2009	1	-0.5239	-4.5440	0.0000
K102b	M120b	3.3308	0.1328	4.8044	0.1846	1	-1.0187	-6.4791	0.0000
K102b	M120s	3.3308	0.1328	4.8044	0.1846	1	-1.0187	-6.4791	0.0000
K102b	P119b	3.4539	0.0198	4.7511	0.2637	1	-0.7682	-4.9045	0.0000
K102b	P119s	3.4539	0.0198	4.7511	0.2637	1	-0.7682	-4.9045	0.0000
K102s	A117b	3.9302	0.0950	4.4302	0.1397	1	-0.1620	-2.9589	0.0031
K102s	A117s	3.9302	0.0950	4.4302	0.1397	1	-0.1620	-2.9589	0.0031
K102s	L118b	3.7667	0.0452	4.7023	0.2009	1	-0.5239	-4.5440	0.0000
K102s	L118s	3.7667	0.0452	4.7023	0.2009	1	-0.5239	-4.5440	0.0000
K102s	M120b	3.3308	0.1328	4.8044	0.1846	1	-1.0187	-6.4791	0.0000
K102s	M120s	3.3308	0.1328	4.8044	0.1846	1	-1.0187	-6.4791	0.0000
K102s	P119b	3.4539	0.0198	4.7511	0.2637	1	-0.7682	-4.9045	0.0000
K102s	P119s	3.4539	0.0198	4.7511	0.2637	1	-0.7682	-4.9045	0.0000
K106b	A117b	2.9963	0.0833	3.4443	0.0672	1	-0.2341	-4.1875	0.0000
K106b	A117s	2.9963	0.0833	3.4443	0.0672	1	-0.2341	-4.1875	0.0000
K106b	L118b	2.8140	0.0683	3.6969	0.1492	1	-0.5548	-5.3820	0.0000
K106b	L118s	2.8140	0.0683	3.6969	0.1492	1	-0.5548	-5.3820	0.0000
K106b	M120b	2.4144	0.1683	3.9514	0.2782	1	-0.8866	-4.7267	0.0000
K106b	M120s	2.4144	0.1683	3.9514	0.2782	1	-0.8866	-4.7267	0.0000
K106b	P119b	2.5060	0.0268	3.8036	0.2986	1	-0.6981	-4.3287	0.0000
K106b	P119s	2.5060	0.0268	3.8036	0.2986	1	-0.6981	-4.3287	0.0000
K106s	A117b	2.9963	0.0833	3.4443	0.0672	1	-0.2341	-4.1875	0.0000
K106s	A117s	2.9963	0.0833	3.4443	0.0672	1	-0.2341	-4.1875	0.0000
K106s	L118b	2.8140	0.0683	3.6969	0.1492	1	-0.5548	-5.3820	0.0000
K106s	L118s	2.8140	0.0683	3.6969	0.1492	1	-0.5548	-5.3820	0.0000
K106s	M120b	2.4144	0.1683	3.9514	0.2782	1	-0.8866	-4.7267	0.0000
K106s	M120s	2.4144	0.1683	3.9514	0.2782	1	-0.8866	-4.7267	0.0000
K106s	P119b	2.5060	0.0268	3.8036	0.2986	1	-0.6981	-4.3287	0.0000
K106s	P119s	2.5060	0.0268	3.8036	0.2986	1	-0.6981	-4.3287	0.0000
L113b	A117b	0.8043	0.0676	1.2078	0.0492	1	-0.2363	-4.8258	0.0000
L113b	A117s	0.8043	0.0676	1.2078	0.0492	1	-0.2363	-4.8258	0.0000
L113b	L118b	0.7981	0.0404	1.4549	0.1114	1	-0.4198	-5.5428	0.0000
L113b	L118s	0.7981	0.0404	1.4549	0.1114	1	-0.4198	-5.5428	0.0000
L113b	M120b	0.9209	0.1530	1.7716	0.1382	1	-0.4383	-4.1262	0.0000
L113b	M120s	0.9209	0.1530	1.7716	0.1382	1	-0.4383	-4.1262	0.0000
L113b	P119b	0.6816	0.0684	1.5874	0.2117	1	-0.4609	-4.0724	0.0000
L113b	P119s	0.6816	0.0684	1.5874	0.2117	1	-0.4609	-4.0724	0.0000
L113s	A117b	0.8043	0.0676	1.2078	0.0492	1	-0.2363	-4.8258	0.0000
L113s	A117s	0.8043	0.0676	1.2078	0.0492	1	-0.2363	-4.8258	0.0000
L113s	L118b	0.7981	0.0404	1.4549	0.1114	1	-0.4198	-5.5428	0.0000
L113s	L118s	0.7981	0.0404	1.4549	0.1114	1	-0.4198	-5.5428	0.0000
L113s	M120b	0.9209	0.1530	1.7716	0.1382	1	-0.4383	-4.1262	0.0000
L113s	M120s	0.9209	0.1530	1.7716	0.1382	1	-0.4383	-4.1262	0.0000
L113s	P119b	0.6816	0.0684	1.5874	0.2117	1	-0.4609	-4.0724	0.0000
L113s	P119s	0.6816	0.0684	1.5874	0.2117	1	-0.4609	-4.0724	0.0000
L114b	A117b	0.5720	0.0276	0.8581	0.0386	1	-0.1913	-6.0316	0.0000
L114b	A117s	0.5720	0.0276	0.8581	0.0386	1	-0.1913	-6.0316	0.0000
L114b	L118b	0.7217	0.1043	1.1469	0.0739	1	-0.1695	-3.3262	0.0009
L114b	L118s	0.7217	0.1043	1.1469	0.0739	1	-0.1695	-3.3262	0.0009
L114b	M120b	0.9970	0.0862	1.5227	0.1306	1	-0.2127	-3.3591	0.0008
L114b	M120s	0.9970	0.0862	1.5227	0.1306	1	-0.2127	-3.3591	0.0008
L114b	P119b	0.7336	0.1259	1.3123	0.1732	1	-0.1504	-2.7023	0.0069
L114b	P119s	0.7336	0.1259	1.3123	0.1732	1	-0.1504	-2.7023	0.0069
L114s	A117b	0.5720	0.0276	0.8581	0.0386	1	-0.1913	-6.0316	0.0000
L114s	A117s	0.5720	0.0276	0.8581	0.0386	1	-0.1913	-6.0316	0.0000
L114s	L118b	0.7217	0.1043	1.1469	0.0739	1	-0.1695	-3.3262	0.0009
L114s	L118s	0.7217	0.1043	1.1469	0.0739	1	-0.1695	-3.3262	0.0009
L114s	M120b	0.9970	0.0862	1.5227	0.1306	1	-0.2127	-3.3591	0.0008
L114s	M120s	0.9970	0.0862	1.5227	0.1306	1	-0.2127	-3.3591	0.0008
L114s	P119b	0.7336	0.1259	1.3123	0.1732	1	-0.1504	-2.7023	0.0069
L114s	P119s	0.7336	0.1259	1.3123	0.1732	1	-0.1504	-2.7023	0.0069
M109b	A117b	2.0931	0.0753	2.5103	0.0572	1	-0.2282	-4.4133	0.0000
M109b	A117s	2.0931	0.0753	2.5103	0.0572	1	-0.2282	-4.4133	0.0000
M109b	L118b	1.9567	0.0267	2.7611	0.1483	1	-0.5030	-5.3391	0.0000
M109b	L118s	1.9567	0.0267	2.7611	0.1483	1	-0.5030	-5.3391	0.0000
M109b	M120b	1.6773	0.2048	3.0122	0.2351	1	-0.7114	-4.2818	0.0000
M109b	M120s	1.6773	0.2048	3.0122	0.2351	1	-0.7114	-4.2818	0.0000
M109b	P119b	1.6669	0.0618	2.8583	0.2805	1	-0.6170	-4.1484	0.0000
M109b	P119s	1.6669	0.0618	2.8583	0.2805	1	-0.6170	-4.1484	0.0000
M109s	A117b	2.0931	0.0753	2.5103	0.0572	1	-0.2282	-4.4133	0.0000
M109s	A117s	2.0931	0.0753	2.5103	0.0572	1	-0.2282	-4.4133	0.0000
M109s	L118b	1.9567	0.0267	2.7611	0.1483	1	-0.5030	-5.3391	0.0000
M109s	L118s	1.9567	0.0267	2.7611	0.1483	1	-0.5030	-5.3391	0.0000
M109s	M120b	1.6773	0.2048	3.0122	0.2351	1	-0.7114	-4.2818	0.0000
M109s	M120s	1.6773	0.2048	3.0122	0.2351	1	-0.7114	-4.2818	0.0000
M109s	P119b	1.6669	0.0618	2.8583	0.2805	1	-0.6170	-4.1484	0.0000
M109s	P119s	1.6669	0.0618	2.8583	0.2805	1	-0.6170	-4.1484	0.0000
M115b	A117b	0.5549	0.0124	0.6313	0.0283	1	-0.0146	-2.4713	0.0135
M115b	A117s	0.5549	0.0124	0.6313	0.0283	1	-0.0146	-2.4713	0.0135
M115b	L118b	0.8209	0.0373	0.9111	0.0065	1	-0.0143	-2.3785	0.0174
M115b	L118s	0.8209	0.0373	0.9111	0.0065	1	-0.0143	-2.3785	0.0174
M115b	P119b	0.9315	0.0293	1.0671	0.0465	1	-0.0258	-2.4697	0.0135
M115b	P119s	0.9315	0.0293	1.0671	0.0465	1	-0.0258	-2.4697	0.0135
M115s	A117b	0.5549	0.0124	0.6313	0.0283	1	-0.0146	-2.4713	0.0135
M115s	A117s	0.5549	0.0124	0.6313	0.0283	1	-0.0146	-2.4713	0.0135
M115s	L118b	0.8209	0.0373	0.9111	0.0065	1	-0.0143	-2.3785	0.0174
M115s	L118s	0.8209	0.0373	0.9111	0.0065	1	-0.0143	-2.3785	0.0174
M115s	P119b	0.9315	0.0293	1.0671	0.0465	1	-0.0258	-2.4697	0.0135
M115s	P119s	0.9315	0.0293	1.0671	0.0465	1	-0.0258	-2.4697	0.0135
MHCII	A117b	3.6767	0.0229	3.7599	0.0290	1	-0.0093	-2.2513	0.0244
MHCII	A117s	3.6767	0.0229	3.7599	0.0290	1	-0.0093	-2.2513	0.0244
MHCII	L118b	3.6974	0.0301	3.9155	0.0206	1	-0.1453	-5.9903	0.0000
MHCII	L118s	3.6974	0.0301	3.9155	0.0206	1	-0.1453	-5.9903	0.0000
MHCII	M120b	3.6931	0.0678	4.0599	0.0474	1	-0.2013	-4.4331	0.0000
MHCII	M120s	3.6931	0.0678	4.0599	0.0474	1	-0.2013	-4.4331	0.0000
MHCII	P119b	3.5779	0.0322	3.9556	0.0620	1	-0.2380	-5.4073	0.0000
MHCII	P119s	3.5779	0.0322	3.9556	0.0620	1	-0.2380	-5.4073	0.0000
P103b	A117b	3.6285	0.0930	4.1942	0.0902	1	-0.3064	-4.3641	0.0000
P103b	A117s	3.6285	0.0930	4.1942	0.0902	1	-0.3064	-4.3641	0.0000
P103b	L114b	3.2195	0.0289	3.3655	0.0597	1	-0.0133	-2.2004	0.0278
P103b	L114s	3.2195	0.0289	3.3655	0.0597	1	-0.0133	-2.2004	0.0278
P103b	L118b	3.4604	0.0295	4.4611	0.2038	1	-0.5888	-4.8597	0.0000
P103b	L118s	3.4604	0.0295	4.4611	0.2038	1	-0.5888	-4.8597	0.0000
P103b	M120b	3.0342	0.1455	4.6633	0.3318	1	-0.9045	-4.4965	0.0000
P103b	M120s	3.0342	0.1455	4.6633	0.3318	1	-0.9045	-4.4965	0.0000
P103b	P119b	3.1489	0.0049	4.5658	0.3662	1	-0.6845	-3.8691	0.0001
P103b	P119s	3.1489	0.0049	4.5658	0.3662	1	-0.6845	-3.8691	0.0001
P103s	A117b	3.6285	0.0930	4.1942	0.0902	1	-0.3064	-4.3641	0.0000
P103s	A117s	3.6285	0.0930	4.1942	0.0902	1	-0.3064	-4.3641	0.0000
P103s	L114b	3.2195	0.0289	3.3655	0.0597	1	-0.0133	-2.2004	0.0278
P103s	L114s	3.2195	0.0289	3.3655	0.0597	1	-0.0133	-2.2004	0.0278
P103s	L118b	3.4604	0.0295	4.4611	0.2038	1	-0.5888	-4.8597	0.0000
P103s	L118s	3.4604	0.0295	4.4611	0.2038	1	-0.5888	-4.8597	0.0000
P103s	M120b	3.0342	0.1455	4.6633	0.3318	1	-0.9045	-4.4965	0.0000
P103s	M120s	3.0342	0.1455	4.6633	0.3318	1	-0.9045	-4.4965	0.0000
P103s	P119b	3.1489	0.0049	4.5658	0.3662	1	-0.6845	-3.8691	0.0001
P103s	P119s	3.1489	0.0049	4.5658	0.3662	1	-0.6845	-3.8691	0.0001
P112b	A117b	1.1786	0.0626	1.5196	0.0382	1	-0.1944	-4.6510	0.0000
P112b	A117s	1.1786	0.0626	1.5196	0.0382	1	-0.1944	-4.6510	0.0000
P112b	L118b	1.1498	0.0456	1.7831	0.1144	1	-0.3870	-5.1430	0.0000
P112b	L118s	1.1498	0.0456	1.7831	0.1144	1	-0.3870	-5.1430	0.0000
P112b	M120b	1.1195	0.1639	2.0787	0.1739	1	-0.4812	-4.0138	0.0001
P112b	M120s	1.1195	0.1639	2.0787	0.1739	1	-0.4812	-4.0138	0.0001
P112b	P119b	0.9514	0.0578	1.8963	0.2302	1	-0.4701	-3.9804	0.0001
P112b	P119s	0.9514	0.0578	1.8963	0.2302	1	-0.4701	-3.9804	0.0001
P112s	A117b	1.1786	0.0626	1.5196	0.0382	1	-0.1944	-4.6510	0.0000
P112s	A117s	1.1786	0.0626	1.5196	0.0382	1	-0.1944	-4.6510	0.0000
P112s	L118b	1.1498	0.0456	1.7831	0.1144	1	-0.3870	-5.1430	0.0000
P112s	L118s	1.1498	0.0456	1.7831	0.1144	1	-0.3870	-5.1430	0.0000
P112s	M120b	1.1195	0.1639	2.0787	0.1739	1	-0.4812	-4.0138	0.0001
P112s	M120s	1.1195	0.1639	2.0787	0.1739	1	-0.4812	-4.0138	0.0001
P112s	P119b	0.9514	0.0578	1.8963	0.2302	1	-0.4701	-3.9804	0.0001
P112s	P119s	0.9514	0.0578	1.8963	0.2302	1	-0.4701	-3.9804	0.0001
R108b	A117b	2.4105	0.0836	2.8585	0.0659	1	-0.2352	-4.2106	0.0000
R108b	A117s	2.4105	0.0836	2.8585	0.0659	1	-0.2352	-4.2106	0.0000
R108b	L118b	2.2411	0.0336	3.1016	0.1637	1	-0.5262	-5.1491	0.0000
R108b	L118s	2.2411	0.0336	3.1016	0.1637	1	-0.5262	-5.1491	0.0000
R108b	M120b	1.9020	0.2182	3.3444	0.2636	1	-0.7581	-4.2155	0.0000
R108b	M120s	1.9020	0.2182	3.3444	0.2636	1	-0.7581	-4.2155	0.0000
R108b	P119b	1.9404	0.0622	3.2000	0.3039	1	-0.6392	-4.0603	0.0000
R108b	P119s	1.9404	0.0622	3.2000	0.3039	1	-0.6392	-4.0603	0.0000
R108s	A117b	2.4105	0.0836	2.8585	0.0659	1	-0.2352	-4.2106	0.0000
R108s	A117s	2.4105	0.0836	2.8585	0.0659	1	-0.2352	-4.2106	0.0000
R108s	L118b	2.2411	0.0336	3.1016	0.1637	1	-0.5262	-5.1491	0.0000
R108s	L118s	2.2411	0.0336	3.1016	0.1637	1	-0.5262	-5.1491	0.0000
R108s	M120b	1.9020	0.2182	3.3444	0.2636	1	-0.7581	-4.2155	0.0000
R108s	M120s	1.9020	0.2182	3.3444	0.2636	1	-0.7581	-4.2155	0.0000
R108s	P119b	1.9404	0.0622	3.2000	0.3039	1	-0.6392	-4.0603	0.0000
R108s	P119s	1.9404	0.0622	3.2000	0.3039	1	-0.6392	-4.0603	0.0000
S105b	A117b	3.3635	0.0898	3.8194	0.0709	1	-0.2271	-3.9854	0.0001
S105b	A117s	3.3635	0.0898	3.8194	0.0709	1	-0.2271	-3.9854	0.0001
S105b	L118b	3.1703	0.0538	4.0676	0.1527	1	-0.5734	-5.5405	0.0000
S105b	L118s	3.1703	0.0538	4.0676	0.1527	1	-0.5734	-5.5405	0.0000
S105b	M120b	2.7609	0.1894	4.3124	0.2748	1	-0.8840	-4.6487	0.0000
S105b	M120s	2.7609	0.1894	4.3124	0.2748	1	-0.8840	-4.6487	0.0000
S105b	P119b	2.8567	0.0420	4.1710	0.2978	1	-0.7128	-4.3699	0.0000
S105b	P119s	2.8567	0.0420	4.1710	0.2978	1	-0.7128	-4.3699	0.0000
S105s	A117b	3.3635	0.0898	3.8194	0.0709	1	-0.2271	-3.9854	0.0001
S105s	A117s	3.3635	0.0898	3.8194	0.0709	1	-0.2271	-3.9854	0.0001
S105s	L118b	3.1703	0.0538	4.0676	0.1527	1	-0.5734	-5.5405	0.0000
S105s	L118s	3.1703	0.0538	4.0676	0.1527	1	-0.5734	-5.5405	0.0000
S105s	M120b	2.7609	0.1894	4.3124	0.2748	1	-0.8840	-4.6487	0.0000
S105s	M120s	2.7609	0.1894	4.3124	0.2748	1	-0.8840	-4.6487	0.0000
S105s	P119b	2.8567	0.0420	4.1710	0.2978	1	-0.7128	-4.3699	0.0000
S105s	P119s	2.8567	0.0420	4.1710	0.2978	1	-0.7128	-4.3699	0.0000
T111b	A117b	1.4472	0.0749	1.8638	0.0500	1	-0.2365	-4.6252	0.0000
T111b	A117s	1.4472	0.0749	1.8638	0.0500	1	-0.2365	-4.6252	0.0000
T111b	L118b	1.3364	0.0267	2.1114	0.1459	1	-0.4784	-5.2259	0.0000
T111b	L118s	1.3364	0.0267	2.1114	0.1459	1	-0.4784	-5.2259	0.0000
T111b	M120b	1.1465	0.2172	2.3850	0.2278	1	-0.6091	-3.9353	0.0001
T111b	M120s	1.1465	0.2172	2.3850	0.2278	1	-0.6091	-3.9353	0.0001
T111b	P119b	1.0801	0.0652	2.2195	0.2818	1	-0.5608	-3.9389	0.0001
T111b	P119s	1.0801	0.0652	2.2195	0.2818	1	-0.5608	-3.9389	0.0001
T111s	A117b	1.4472	0.0749	1.8638	0.0500	1	-0.2365	-4.6252	0.0000
T111s	A117s	1.4472	0.0749	1.8638	0.0500	1	-0.2365	-4.6252	0.0000
T111s	L118b	1.3364	0.0267	2.1114	0.1459	1	-0.4784	-5.2259	0.0000
T111s	L118s	1.3364	0.0267	2.1114	0.1459	1	-0.4784	-5.2259	0.0000
T111s	M120b	1.1465	0.2172	2.3850	0.2278	1	-0.6091	-3.9353	0.0001
T111s	M120s	1.1465	0.2172	2.3850	0.2278	1	-0.6091	-3.9353	0.0001
T111s	P119b	1.0801	0.0652	2.2195	0.2818	1	-0.5608	-3.9389	0.0001
T111s	P119s	1.0801	0.0652	2.2195	0.2818	1	-0.5608	-3.9389	0.0001
V104b	A117b	3.6466	0.0766	4.1145	0.0516	1	-0.2832	-5.0657	0.0000
V104b	A117s	3.6466	0.0766	4.1145	0.0516	1	-0.2832	-5.0657	0.0000
V104b	L118b	3.4503	0.0300	4.3719	0.1412	1	-0.6330	-6.3866	0.0000
V104b	L118s	3.4503	0.0300	4.3719	0.1412	1	-0.6330	-6.3866	0.0000
V104b	M120b	3.0148	0.1604	4.5843	0.2648	1	-0.9505	-5.0705	0.0000
V104b	M120s	3.0148	0.1604	4.5843	0.2648	1	-0.9505	-5.0705	0.0000
V104b	P119b	3.1359	0.0247	4.4810	0.2996	1	-0.7439	-4.4748	0.0000
V104b	P119s	3.1359	0.0247	4.4810	0.2996	1	-0.7439	-4.4748	0.0000
V104s	A117b	3.6466	0.0766	4.1145	0.0516	1	-0.2832	-5.0657	0.0000
V104s	A117s	3.6466	0.0766	4.1145	0.0516	1	-0.2832	-5.0657	0.0000
V104s	L118b	3.4503	0.0300	4.3719	0.1412	1	-0.6330	-6.3866	0.0000
V104s	L118s	3.4503	0.0300	4.3719	0.1412	1	-0.6330	-6.3866	0.0000
V104s	M120b	3.0148	0.1604	4.5843	0.2648	1	-0.9505	-5.0705	0.0000
V104s	M120s	3.0148	0.1604	4.5843	0.2648	1	-0.9505	-5.0705	0.0000
V104s	P119b	3.1359	0.0247	4.4810	0.2996	1	-0.7439	-4.4748	0.0000
V104s	P119s	3.1359	0.0247	4.4810	0.2996	1	-0.7439	-4.4748	0.0000
W107b	A117b	2.7651	0.0717	3.1899	0.0566	1	-0.2421	-4.6501	0.0000
W107b	A117s	2.7651	0.0717	3.1899	0.0566	1	-0.2421	-4.6501	0.0000
W107b	L118b	2.6045	0.0512	3.4431	0.1538	1	-0.5144	-5.1732	0.0000
W107b	L118s	2.6045	0.0512	3.4431	0.1538	1	-0.5144	-5.1732	0.0000
W107b	M120b	2.2505	0.1746	3.6897	0.2694	1	-0.7971	-4.4831	0.0000
W107b	M120s	2.2505	0.1746	3.6897	0.2694	1	-0.7971	-4.4831	0.0000
W107b	P119b	2.2972	0.0238	3.5410	0.2973	1	-0.6472	-4.1698	0.0000
W107b	P119s	2.2972	0.0238	3.5410	0.2973	1	-0.6472	-4.1698	0.0000
W107s	A117b	2.7651	0.0717	3.1899	0.0566	1	-0.2421	-4.6501	0.0000
W107s	A117s	2.7651	0.0717	3.1899	0.0566	1	-0.2421	-4.6501	0.0000
W107s	L118b	2.6045	0.0512	3.4431	0.1538	1	-0.5144	-5.1732	0.0000
W107s	L118s	2.6045	0.0512	3.4431	0.1538	1	-0.5144	-5.1732	0.0000
W107s	M120b	2.2505	0.1746	3.6897	0.2694	1	-0.7971	-4.4831	0.0000
W107s	M120s	2.2505	0.1746	3.6897	0.2694	1	-0.7971	-4.4831	0.0000
W107s	P119b	2.2972	0.0238	3.5410	0.2973	1	-0.6472	-4.1698	0.0000
W107s	P119s	2.2972	0.0238	3.5410	0.2973	1	-0.6472	-4.1698	0.0000
