index	seg1	res1	rnm1	seg2	res2	rnm2	bN82A.pcca2	bN82A.pcca2	WT.pcca2	WT.pcca2	lsdm	sdiff	score	pval
							mf	sf	mf	sf				
1294	A	8	ILE	A	154	LEU	-0.9226	0.3962	0.0000	0.0000	1	-0.1303	-2.3288	0.0199
5899	A	20	GLY	B	85	VAL	-0.6718	0.3374	0.0910	0.1287	1	-0.0406	-2.1124	0.0347
5907	A	20	GLY	B	93	ARG	1.9480	0.8642	0.0000	0.0000	1	0.2196	2.2541	0.0242
5970	A	20	GLY	B	156	GLN	-0.8978	0.4496	0.1071	0.1515	1	-0.0561	-2.1183	0.0341
5974	A	20	GLY	B	160	MET	1.0093	0.1883	-0.0539	0.0762	1	0.6569	5.2332	0.0000
7293	A	24	PHE	B	13	PHE	1.2989	0.6500	-0.1954	0.2764	1	0.0816	2.1156	0.0344
8275	A	27	ASP	A	86	PRO	-0.0096	0.0135	0.3764	0.1910	1	-0.0029	-2.0150	0.0439
9327	A	30	GLU	A	58	GLY	-1.0954	0.5684	0.1961	0.2774	1	-0.0266	-2.0421	0.0411
9513	A	30	GLU	B	64	GLN	-0.8528	0.4271	0.1017	0.1439	1	-0.0531	-2.1178	0.0342
10989	A	34	VAL	B	114	LEU	-1.7731	0.8912	0.3908	0.5526	1	-0.0666	-2.0635	0.0391
18515	A	56	ALA	B	83	TYR	0.1135	0.1605	-0.9140	0.4651	1	0.0435	2.0884	0.0368
19915	A	60	LEU	B	161	LEU	0.2045	0.2892	-0.8492	0.4246	1	0.0262	2.0510	0.0403
20724	A	63	ILE	A	169	GLY	1.0196	0.6519	-0.6357	0.4578	1	0.0621	2.0779	0.0377
21335	A	65	VAL	A	131	GLY	0.1448	0.2048	-0.6099	0.3163	1	0.0010	2.0027	0.0452
22746	A	69	ASN	B	76	ASP	0.8639	0.4322	-0.2049	0.2898	1	0.0280	2.0537	0.0400
22879	A	69	ASN	C	120	MET	-0.9247	0.4668	0.2145	0.1586	1	-0.1531	-2.3106	0.0209
27350	A	84	ASN	A	180	PHE	0.0678	0.0959	-0.6289	0.3259	1	0.0174	2.0511	0.0403
31315	A	97	VAL	B	91	VAL	-0.1875	0.2652	0.8818	0.4534	1	-0.0188	-2.0358	0.0418
36308	A	115	PRO	A	179	GLU	0.0000	0.0000	0.7603	0.2991	1	-0.1622	-2.5422	0.0110
36653	A	116	VAL	B	71	ARG	0.0759	0.1074	-1.4598	0.3506	1	0.8024	4.1883	0.0000
37259	A	118	ASN	B	134	ASN	0.7144	0.3598	-0.0251	0.0355	1	0.0164	2.0454	0.0408
37287	A	118	ASN	B	162	GLU	-0.9201	0.4744	0.1836	0.1580	1	-0.1035	-2.2070	0.0273
38591	A	123	ARG	B	126	SER	-1.1015	0.5564	0.1454	0.2056	1	-0.0606	-2.1022	0.0355
40577	A	131	GLY	B	20	GLY	-1.0720	0.5457	0.2103	0.2975	1	-0.0393	-2.0632	0.0391
43980	A	144	LEU	B	160	MET	-0.7070	0.3638	0.7392	0.3697	1	-0.4088	-2.7883	0.0053
45757	A	152	PRO	B	13	PHE	0.5955	0.2990	-0.0039	0.0055	1	0.0013	2.0043	0.0450
47009	A	157	THR	B	95	VAL	-0.0485	0.0686	1.0499	0.5250	1	-0.0396	-2.0748	0.0380
47074	A	157	THR	B	160	MET	1.2256	0.7963	-0.5782	0.3033	1	0.0995	2.1168	0.0343
49707	A	169	GLY	B	87	GLU	-1.4636	0.7859	0.5865	0.3238	1	-0.3502	-2.4120	0.0159
51932	A	179	GLU	B	167	SER	0.1388	0.1963	-1.0022	0.5295	1	0.0115	2.0204	0.0433
53643	B	8	LEU	B	33	ASN	-1.6278	0.8888	0.5350	0.2684	1	-0.3059	-2.3295	0.0198
56294	B	21	THR	B	162	GLU	0.1523	0.0925	-0.3553	0.2098	1	0.0490	2.2135	0.0269
58444	B	33	ASN	B	134	ASN	-1.6691	0.8602	0.0962	0.1361	1	-0.0234	-2.0269	0.0427
58470	B	33	ASN	B	160	MET	-0.9887	0.6317	0.5053	0.2563	1	-0.1306	-2.1916	0.0284
58623	B	34	GLN	B	138	GLU	0.0000	0.0000	0.7896	0.2910	1	-0.2076	-2.7136	0.0067
59556	B	40	PHE	B	42	SER	0.0000	0.0000	-0.9032	0.4231	1	0.0571	2.1349	0.0328
61704	B	53	LEU	B	84	GLY	-0.7071	0.3644	0.0424	0.0599	1	-0.0110	-2.0297	0.0424
61787	B	53	LEU	B	167	SER	-0.9564	0.4917	0.2333	0.3299	1	-0.0054	-2.0090	0.0445
62988	B	61	TRP	B	156	GLN	-1.1022	0.5547	0.2858	0.3047	1	-0.1223	-2.1933	0.0283
62999	B	61	TRP	B	167	SER	0.8188	0.4094	-0.6024	0.3533	1	0.3397	2.6281	0.0086
63008	B	61	TRP	B	176	GLU	-0.1052	0.1487	0.5424	0.2798	1	-0.0139	-2.0439	0.0410
63019	B	61	TRP	B	187	GLU	0.7241	0.3661	-0.0604	0.0855	1	0.0327	2.0869	0.0369
63038	B	61	TRP	C	117	ALA	-0.7647	0.4221	0.4230	0.4055	1	-0.0170	-2.0291	0.0425
64347	B	71	ARG	B	90	THR	0.0000	0.0000	-0.8564	0.2114	1	0.4337	4.0519	0.0001
66011	B	83	TYR	B	176	GLU	0.1664	0.2353	-0.7654	0.3893	1	0.0219	2.0482	0.0405
66099	B	84	GLY	B	139	LYS	0.7429	0.3715	-0.0652	0.0922	1	0.0425	2.1111	0.0348
67249	B	93	ARG	C	120	MET	0.7174	0.3685	-0.1630	0.2306	1	0.0110	2.0253	0.0428
68161	B	102	TYR	B	122	PHE	0.1130	0.1598	-0.6544	0.3323	1	0.0299	2.0812	0.0374
69444	B	114	LEU	C	110	ALA	-0.2885	0.4080	1.8268	0.9227	1	-0.0975	-2.0966	0.0360
70125	B	122	PHE	B	156	GLN	0.1956	0.2766	-0.7312	0.3711	1	0.0011	2.0024	0.0452
70127	B	122	PHE	B	158	LEU	-0.0924	0.1306	0.6111	0.3105	1	-0.0297	-2.0881	0.0368
70184	B	123	TYR	B	129	VAL	0.0000	0.0000	1.5252	0.5275	1	-0.4703	-2.8915	0.0038
71095	B	134	ASN	B	160	MET	-0.6567	0.3292	0.1676	0.2370	1	-0.0130	-2.0321	0.0421
71370	B	138	GLU	B	145	THR	0.0000	0.0000	-0.6479	0.2706	1	0.1068	2.3948	0.0166
71888	B	145	THR	C	105	SER	0.0000	0.0000	1.6178	0.7248	1	-0.1682	-2.2320	0.0256
72330	B	153	TRP	B	160	MET	0.4167	0.2465	-0.2170	0.1204	1	0.0850	2.3098	0.0209
72501	B	156	GLN	B	169	GLU	-1.9265	0.9958	0.2873	0.4063	1	-0.0628	-2.0584	0.0396
