rgn	WT.pcca2	WT.pcca2	bN82A.pcca2	bN82A.pcca2	aT41A.pcca1	aT41A.pcca1
	mf	sf	mf	sf	mf	sf
a1_0	-2.1909	0.1239	-1.9978	0.2516	-2.0648	0.1873
a1_1	-1.9327	0.0377	-2.0678	0.0478	-2.1108	0.0302
a1_10	-1.7404	0.1064	-1.6353	0.1139	-1.6957	0.1426
a1_11	-0.7687	0.1031	-0.7955	0.0253	-0.8197	0.1553
a1_12	-2.0527	0.0427	-1.9685	0.0567	-1.9686	0.0220
a1_13	-1.6860	0.0565	-1.6393	0.0761	-1.5811	0.0768
a1_14	-1.1890	0.1098	-1.2081	0.0449	-1.2373	0.1012
a1_15	-1.5317	0.0300	-1.6030	0.1024	-1.5951	0.0227
a1_16	-2.2324	0.0543	-2.2874	0.0724	-2.1260	0.1330
a1_17	-1.3849	0.1245	-1.2885	0.0342	-1.2485	0.0281
a1_18	-1.1635	0.0476	-1.1583	0.0441	-1.1749	0.0333
a1_19	-1.2765	0.0559	-1.2242	0.0879	-1.2524	0.0872
a1_2	-2.4791	0.0273	-2.4621	0.0373	-2.4308	0.1350
a1_20	-1.2178	0.0169	-1.1777	0.0424	-1.2190	0.0155
a1_21	-1.1881	0.0561	-1.2244	0.0350	-1.2158	0.0056
a1_22	-1.1870	0.0618	-1.2648	0.0661	-1.2105	0.0524
a1_23	-1.2238	0.0999	-1.1874	0.0243	-1.1114	0.0494
a1_24	-0.5997	0.1132	-0.5661	0.0247	-0.5920	0.0283
a1_25	-0.6105	0.0607	-0.6105	0.0278	-0.6127	0.0499
a1_26	-1.4335	0.0746	-1.2811	0.0321	-1.2803	0.0806
a1_27	-1.5734	0.0443	-1.6477	0.0389	-1.6140	0.0690
a1_3	-2.2602	0.0163	-2.2719	0.0253	-2.2391	0.0364
a1_4	-0.5971	0.0157	-0.5542	0.0138	-0.5629	0.0743
a1_5	-1.9949	0.4576	-2.3923	0.0424	-2.4287	0.0832
a1_6	-2.3264	0.1487	-2.3062	0.0757	-2.2948	0.0540
a1_7	-1.2617	0.0512	-1.2507	0.0263	-1.2765	0.0102
a1_8	-0.6509	0.0520	-0.5635	0.0815	-0.5248	0.1777
a1_9	-2.2414	0.0493	-2.2585	0.1298	-2.2304	0.1308
a2_0	-2.1002	0.0816	-2.0223	0.0457	-2.0551	0.0807
a2_1	-2.3075	0.0254	-2.2032	0.1437	-2.1695	0.0088
a2_10	-2.2639	0.0375	-2.2721	0.0481	-2.1999	0.0510
a2_11	-2.0757	0.1242	-2.1089	0.1033	-2.0531	0.0310
a2_12	0.1069	0.0780	0.0064	0.1238	0.0667	0.0761
a2_13	-1.6301	0.1382	-1.7405	0.0356	-1.6838	0.0175
a2_14	-1.6302	0.0266	-1.2611	0.2700	-1.6034	0.2133
a2_15	-1.2573	0.1822	-1.9602	0.2256	-1.8932	0.2884
a2_16	-1.4785	0.1043	-1.5670	0.1267	-1.6065	0.0860
a2_17	-1.6664	0.1055	-1.6298	0.0768	-1.5980	0.0652
a2_18	-0.5554	0.0548	-0.5868	0.1225	-0.6633	0.0668
a2_19	-2.4215	0.0850	-2.4451	0.0366	-2.4105	0.1108
a2_2	-1.5115	0.0268	-1.5529	0.1026	-1.5992	0.1335
a2_20	-2.2249	0.0647	-2.2920	0.0469	-2.1948	0.0882
a2_21	-2.1279	0.0089	-2.0469	0.0762	-2.0583	0.0623
a2_22	-1.9502	0.1195	-1.8332	0.0674	-1.9494	0.0403
a2_23	-1.7481	0.1154	-1.7878	0.1200	-1.8092	0.1230
a2_24	-2.3115	0.0530	-2.2933	0.0929	-2.3211	0.0679
a2_25	-1.9484	0.0888	-1.9608	0.0801	-1.9204	0.0591
a2_26	-1.8450	0.1630	-1.9311	0.0958	-1.7986	0.1092
a2_27	-0.8848	0.3980	-0.6951	0.0774	-0.5918	0.0994
a2_28	-1.7400	0.1038	-1.8343	0.0778	-1.6406	0.1219
a2_29	-2.0970	0.1981	-2.0946	0.0898	-2.0792	0.2303
a2_3	-1.5161	0.0737	-1.5383	0.0855	-1.6168	0.0750
a2_30	-2.1881	0.0132	-2.2109	0.0908	-2.2664	0.0546
a2_31	-1.7404	0.1730	-1.3628	0.6439	-1.7745	0.2306
a2_32	-1.6535	0.3667	-1.8652	0.4189	-1.7622	0.4976
a2_4	-0.5928	0.0308	-0.5110	0.0440	-0.5880	0.0358
a2_5	-2.0828	0.0952	-2.0811	0.0591	-2.0816	0.1087
a2_6	-2.1072	0.1152	-2.0515	0.0223	-1.9551	0.0428
a2_7	-1.2480	0.0529	-1.2135	0.0734	-1.1586	0.0324
a2_8	-1.9826	0.0074	-1.9015	0.0752	-2.0423	0.1073
a2_9	-1.7858	0.2104	-1.6182	0.0656	-1.7568	0.2073
b1_0	-1.5732	0.0404	-1.5644	0.1140	-1.7068	0.0899
b1_1	-2.1570	0.1308	-2.1614	0.0408	-2.2261	0.0515
b1_10	-0.7294	0.0259	-0.7936	0.1061	-0.7333	0.0302
b1_11	-2.2229	0.0209	-2.2373	0.0593	-2.2744	0.0445
b1_12	-1.8636	0.0862	-1.9214	0.1212	-1.8102	0.1069
b1_13	-0.6520	0.2107	-0.7078	0.0526	-0.5972	0.1281
b1_14	-2.0618	0.0305	-2.0805	0.0351	-2.0875	0.0581
b1_15	-1.8107	0.0355	-1.9283	0.1232	-1.9512	0.1418
b1_16	-1.3482	0.0777	-1.2895	0.0662	-1.2602	0.0661
b1_17	-1.1938	0.0019	-1.1035	0.0697	-1.1536	0.0844
b1_18	-1.2263	0.0694	-1.3072	0.0288	-1.3732	0.1453
b1_19	-1.3054	0.1103	-1.4162	0.0843	-1.3713	0.1729
b1_2	-2.3103	0.0390	-2.3549	0.0226	-2.2466	0.0293
b1_20	-1.2846	0.0925	-1.3406	0.0405	-1.4967	0.1780
b1_21	-1.2856	0.1141	-1.1819	0.0506	-1.2518	0.0520
b1_22	-1.2369	0.0342	-1.2088	0.0182	-1.2415	0.1382
b1_23	-1.0727	0.1154	-1.1343	0.1158	-1.3064	0.1244
b1_24	-1.6686	0.1453	-1.5500	0.0401	-1.3682	0.1123
b1_25	-1.1994	0.1252	-1.3600	0.1580	-1.2602	0.1308
b1_26	-1.1592	0.0859	-1.3430	0.1885	-1.0609	0.1709
b1_27	-1.3082	0.0282	-1.3557	0.1313	-1.0769	0.1327
b1_28	-1.6876	0.2315	-1.5766	0.0206	-1.5738	0.2727
b1_29	-1.1125	0.3719	-1.6764	0.1503	-1.5150	0.1213
b1_3	-2.0012	0.0916	-1.9913	0.0738	-2.2487	0.0954
b1_4	-2.1156	0.1994	-2.1464	0.1394	-2.2610	0.0697
b1_5	-1.3037	0.1554	-1.5336	0.3418	-1.8260	0.0733
b1_6	-1.8870	0.2879	-1.5930	0.0615	-1.6923	0.1576
b1_7	-2.0503	0.0480	-2.1839	0.0773	-2.1674	0.0863
b1_8	-2.0945	0.0923	-2.0938	0.1053	-2.2470	0.0344
b1_9	-1.2861	0.1402	-1.2809	0.0619	-1.2470	0.1001
b2_0	-2.0719	0.0677	-2.0075	0.1261	-2.0783	0.0879
b2_1	-1.7989	0.1303	-1.8251	0.0482	-1.8096	0.1417
b2_10	-1.3704	0.0898	-1.2709	0.0973	-1.2463	0.0684
b2_11	-2.1861	0.0595	-2.2395	0.1026	-2.2569	0.0595
b2_12	-2.1733	0.0758	-2.1288	0.1315	-2.2294	0.0889
b2_13	-0.0158	0.0858	-0.0018	0.0921	-0.0830	0.0407
b2_14	-1.7673	0.0614	-1.6825	0.0736	-1.6978	0.0780
b2_15	-0.8595	0.0317	-0.8919	0.1411	-0.9073	0.1357
b2_16	-2.1071	0.1571	-1.9406	0.0840	-2.0679	0.1783
b2_17	-0.9166	0.1832	-0.7493	0.1869	-0.6636	0.1808
b2_18	-1.9591	0.1018	-1.8823	0.1810	-1.9011	0.0724
b2_19	0.0646	0.1232	-0.0855	0.0261	0.0132	0.0581
b2_2	-2.4810	0.1541	-2.5001	0.1125	-2.4440	0.1476
b2_20	-2.1645	0.0952	-2.2629	0.0786	-2.2489	0.0263
b2_21	-2.5066	0.1056	-2.4696	0.0220	-2.3993	0.0233
b2_22	-2.0348	0.0537	-2.0966	0.0190	-2.0100	0.0464
b2_23	-1.4437	0.0562	-1.3833	0.1344	-1.3331	0.0407
b2_24	-0.6704	0.2369	-0.6853	0.2187	-0.6804	0.0982
b2_25	-1.8665	0.0360	-1.7876	0.0604	-1.8775	0.1028
b2_26	-2.1358	0.0079	-2.0710	0.0764	-2.1771	0.0238
b2_27	-2.2989	0.1064	-2.3294	0.0776	-2.3300	0.0551
b2_28	-1.5594	0.0569	-1.4997	0.0509	-1.5415	0.0462
b2_29	-1.6328	0.1365	-1.6093	0.0832	-1.7313	0.0689
b2_3	-2.0926	0.0843	-1.8997	0.1878	-2.0477	0.0885
b2_30	-2.1361	0.0700	-2.1535	0.0453	-2.1644	0.0731
b2_31	-2.1015	0.0194	-2.1170	0.0374	-2.2109	0.1088
b2_4	-1.7549	0.0239	-1.7939	0.0950	-1.6182	0.0306
b2_5	-0.6251	0.1450	-0.6967	0.2720	-0.7172	0.1538
b2_6	-2.0395	0.1175	-2.1941	0.2811	-2.2325	0.3027
b2_7	-1.9612	0.0971	-2.0121	0.0494	-2.1202	0.1549
b2_8	-2.2852	0.0055	-2.2812	0.0537	-2.3965	0.0841
b2_9	-0.9863	0.0274	-0.9818	0.0525	-1.0247	0.0803
c2_0	-1.6151	0.0888	-1.3522	0.0895	-1.1732	0.1379
c2_1	-1.9527	0.2532	-1.7563	0.2539	-2.0802	0.1660
c2_2	-1.8258	0.1547	-1.9565	0.1125	-1.9442	0.0913
c2_3	-1.6524	0.0206	-1.6013	0.1075	-1.5791	0.1327
c2_4	-1.4801	0.0715	-1.6273	0.0620	-1.5545	0.0426
c2_5	-1.3658	0.1728	-1.4055	0.1935	-0.8625	0.2102
c2_6	-1.5120	0.2603	-1.6266	0.0997	-1.6039	0.0355
