rgn	WT.pcca2	WT.pcca2	bN82A.pcca2	bN82A.pcca2	aT41A.pcca1	aT41A.pcca1
	mf	sf	mf	sf	mf	sf
a1_0	2.5622	0.1331	2.5587	0.1895	2.6141	0.1656
a1_1	0.2655	0.0545	0.1572	0.0295	0.2157	0.0792
a1_10	0.6989	0.1977	0.8664	0.2472	0.8415	0.0859
a1_11	3.6792	0.2434	3.7569	0.2338	3.6673	0.1827
a1_12	1.5551	0.1034	1.6326	0.0609	1.6116	0.1908
a1_13	0.9179	0.1304	1.0051	0.0717	1.0317	0.1858
a1_14	1.9972	0.1865	2.0243	0.1058	2.0392	0.1567
a1_15	2.1890	0.1012	2.5203	0.2292	2.2377	0.1421
a1_16	0.6208	0.1021	0.6739	0.1721	0.6938	0.0221
a1_17	2.4127	0.1095	2.5494	0.2381	2.4150	0.1204
a1_18	0.8676	0.2925	0.6909	0.1147	0.5591	0.1399
a1_19	0.7469	0.1278	0.8164	0.0364	0.8113	0.1613
a1_2	0.1464	0.0418	0.1184	0.0192	0.1333	0.0429
a1_20	0.9236	0.0140	0.8647	0.0309	0.8212	0.1454
a1_21	1.2407	0.1146	1.2339	0.1701	1.3087	0.1206
a1_22	1.3121	0.1033	1.4404	0.0544	1.5697	0.2391
a1_23	1.4828	0.1325	1.3378	0.1494	1.3661	0.0945
a1_24	1.8570	0.1487	2.0589	0.0665	2.1696	0.0882
a1_25	2.5751	0.0210	2.6823	0.0864	2.6190	0.0504
a1_26	1.7769	0.0716	1.7467	0.0329	1.6264	0.1055
a1_27	1.1784	0.0892	1.2417	0.0451	1.1781	0.0907
a1_3	0.6194	0.0373	0.5650	0.0396	0.4860	0.0333
a1_4	1.9994	0.1658	1.9245	0.1307	2.0429	0.0176
a1_5	0.7953	0.2794	0.7753	0.1281	0.7246	0.2819
a1_6	0.0520	0.0077	0.0354	0.0062	0.0474	0.0138
a1_7	0.7426	0.0569	0.8210	0.1299	0.7199	0.2154
a1_8	0.5877	0.0430	0.4995	0.0728	0.4277	0.1575
a1_9	0.0830	0.0447	0.1431	0.0463	0.1061	0.0881
a2_0	1.6084	0.1302	1.6285	0.1101	1.6412	0.1608
a2_1	0.6499	0.1403	0.7314	0.0753	0.7322	0.1602
a2_10	1.5950	0.1708	1.5562	0.1631	1.4306	0.2058
a2_11	1.2230	0.1125	1.2987	0.0409	1.3119	0.0503
a2_12	2.9893	0.1129	3.0013	0.0446	3.1621	0.1509
a2_13	2.8232	0.0687	2.6990	0.2386	2.6653	0.0896
a2_14	2.2759	0.1525	2.0974	0.1155	2.2149	0.0927
a2_15	1.2576	0.2313	1.7014	0.0499	1.4350	0.2934
a2_16	0.4411	0.1176	0.6090	0.1005	0.4641	0.1130
a2_17	1.9105	0.0899	1.9645	0.2088	1.9629	0.1490
a2_18	0.9918	0.1175	1.1100	0.1196	1.0402	0.0902
a2_19	1.2062	0.0934	0.9419	0.0481	0.9658	0.1580
a2_2	1.0060	0.0851	1.0537	0.1319	1.1324	0.0329
a2_20	0.6161	0.1050	0.5224	0.1309	0.5580	0.1500
a2_21	1.0994	0.1445	1.0596	0.1288	0.9944	0.1439
a2_22	0.8847	0.1359	1.1197	0.2178	0.9471	0.0545
a2_23	2.5157	0.0571	2.3595	0.1564	2.4654	0.1147
a2_24	0.8252	0.0348	0.7804	0.0787	0.7012	0.1093
a2_25	0.8322	0.1060	0.7334	0.0130	0.8086	0.0811
a2_26	1.7912	0.2945	1.5646	0.0705	1.5783	0.1087
a2_27	2.7594	0.1538	2.9085	0.0630	2.8786	0.1121
a2_28	2.4325	0.0178	2.5178	0.1243	2.4626	0.1503
a2_29	2.8689	0.0803	2.8898	0.1153	2.8880	0.0986
a2_3	2.2240	0.1855	2.3304	0.1249	2.4006	0.3727
a2_30	1.4869	0.1544	1.4822	0.2637	1.7485	0.2447
a2_31	1.7166	0.1915	2.1965	0.3259	1.8064	0.0391
a2_32	0.9089	0.1218	0.9463	0.1529	1.0288	0.1595
a2_4	3.4492	0.1504	3.4948	0.1457	3.6026	0.1943
a2_5	0.5347	0.0200	0.5415	0.0477	0.5031	0.0138
a2_6	0.2675	0.0720	0.2984	0.0219	0.2874	0.0939
a2_7	1.0079	0.0068	0.9846	0.0619	1.1464	0.1520
a2_8	0.0026	0.0017	0.0012	0.0015	0.0009	0.0011
a2_9	0.5899	0.0346	0.4531	0.0651	0.5175	0.1651
b1_0	3.3501	0.0692	3.3073	0.1035	3.3631	0.1304
b1_1	0.2109	0.0413	0.2112	0.0167	0.2233	0.0283
b1_10	1.8061	0.0738	1.8949	0.1207	1.7662	0.1348
b1_11	0.8032	0.0795	0.9429	0.0052	0.9529	0.0269
b1_12	0.4805	0.0600	0.6252	0.0606	0.9549	0.1799
b1_13	2.0309	0.0965	1.9527	0.0548	2.2765	0.1713
b1_14	1.8569	0.0725	2.0156	0.1736	1.7897	0.1091
b1_15	1.5721	0.0694	1.5270	0.1160	1.5134	0.1313
b1_16	1.7880	0.1908	1.8674	0.1346	1.7559	0.1312
b1_17	1.7097	0.2097	1.6136	0.1591	1.7705	0.1776
b1_18	2.0490	0.1262	2.0765	0.0443	2.0524	0.2655
b1_19	1.0629	0.2091	1.1952	0.1069	1.1191	0.2460
b1_2	0.1122	0.0140	0.1952	0.1284	0.1584	0.0221
b1_20	3.3625	0.0442	3.6161	0.2457	3.5730	0.5347
b1_21	1.6470	0.0613	1.6850	0.1655	1.4145	0.1488
b1_22	2.3799	0.0250	2.4728	0.0597	1.9065	0.6747
b1_23	0.8876	0.0522	0.8981	0.2469	0.9477	0.2888
b1_24	1.3166	0.1590	1.3442	0.2028	1.1614	0.1714
b1_25	1.8888	0.0974	2.2402	0.1976	2.0846	0.2459
b1_26	0.6033	0.0390	0.5459	0.0811	0.5779	0.0644
b1_27	0.9444	0.1156	0.9505	0.0220	1.1245	0.2866
b1_28	1.1875	0.0708	1.0123	0.0679	1.2342	0.3029
b1_29	2.5149	0.4928	2.3921	0.4062	2.1780	0.1297
b1_3	0.0962	0.0290	0.1810	0.0142	0.1385	0.0866
b1_4	1.7458	0.1734	1.6693	0.2188	2.0051	0.0694
b1_5	2.4099	0.4310	2.1572	0.4262	2.4053	0.2287
b1_6	3.1192	0.1614	2.9118	0.0445	2.9806	0.2465
b1_7	1.2567	0.0801	1.2488	0.0483	1.6100	0.3658
b1_8	0.2222	0.0256	0.4549	0.0678	0.4519	0.1617
b1_9	0.2663	0.0753	0.2433	0.0249	0.3242	0.0316
b2_0	2.8731	0.4034	2.9394	0.1959	2.9515	0.2762
b2_1	1.3637	0.1424	1.5205	0.0933	1.4583	0.1794
b2_10	1.3338	0.0554	1.2070	0.0506	1.3091	0.0564
b2_11	1.7781	0.2191	1.6073	0.0771	1.5529	0.0511
b2_12	1.3664	0.1198	1.3628	0.1439	1.4014	0.0436
b2_13	2.3636	0.1572	2.1418	0.1373	2.0742	0.0990
b2_14	2.6948	0.1460	2.4429	0.2272	2.5834	0.0995
b2_15	3.0899	0.1171	2.9537	0.1729	3.0827	0.0700
b2_16	2.2429	0.0762	2.1780	0.1062	2.2089	0.0320
b2_17	2.0789	0.1007	2.2538	0.0071	2.1744	0.0764
b2_18	1.0052	0.0842	1.0112	0.1260	0.9093	0.2567
b2_19	0.8105	0.1032	0.7411	0.0562	0.7291	0.0611
b2_2	1.1416	0.1113	1.2597	0.0450	1.3981	0.0187
b2_20	0.7236	0.0413	0.6771	0.0663	0.6970	0.0992
b2_21	0.6722	0.0721	0.7001	0.0497	0.6747	0.0739
b2_22	1.5091	0.1412	1.6123	0.0391	1.4617	0.0651
b2_23	2.1043	0.3526	2.0298	0.1600	2.1712	0.1431
b2_24	3.1681	0.1950	3.2258	0.0756	3.1346	0.1273
b2_25	0.6363	0.1870	0.5946	0.1255	0.5601	0.1126
b2_26	0.5996	0.0651	0.5889	0.0305	0.6372	0.0391
b2_27	0.8144	0.0411	0.8371	0.0411	0.8179	0.0841
b2_28	1.3643	0.0867	1.3559	0.0687	1.4103	0.2224
b2_29	3.0195	0.1026	3.0896	0.0810	3.0402	0.0336
b2_3	1.0143	0.1845	1.3332	0.2668	1.3373	0.4155
b2_30	1.6778	0.1619	1.7214	0.0349	1.6913	0.0414
b2_31	3.7811	0.0297	3.7561	0.0777	3.7606	0.0935
b2_4	3.2028	0.0523	3.1882	0.2702	3.2049	0.0550
b2_5	4.0552	0.2695	4.2928	0.0889	4.1569	0.3282
b2_6	1.1549	0.0664	1.5084	0.2825	1.0813	0.1636
b2_7	0.0377	0.0160	0.0599	0.0221	0.0512	0.0433
b2_8	0.1184	0.0127	0.1672	0.0164	0.1808	0.0042
b2_9	0.2926	0.0752	0.2335	0.0565	0.2166	0.0276
c2_0	3.4028	0.1142	3.4443	0.0916	2.9702	0.1721
c2_1	2.8129	0.3008	3.1692	0.0969	2.7065	0.2182
c2_2	1.7543	0.0629	1.7003	0.1784	1.5606	0.0945
c2_3	0.9378	0.0639	0.9291	0.0516	0.7027	0.0659
c2_4	1.2100	0.0900	1.1847	0.1612	0.9040	0.3337
c2_5	2.4325	0.0580	2.3494	0.1326	2.2600	0.3178
c2_6	2.9936	0.1402	2.8868	0.2128	1.9928	0.4440
