rgn1	rgn2	aT41A.pcca1	aT41A.pcca1	WT.pcca2	WT.pcca2	lsdm	sdiff	score	pval
		mf	sf	mf	sf				
a1_13	a2_15	0.5556	0.1925	1.4444	0.3849	1	-0.0282	-2.0656	0.0389
a2_14	a2_20	0.2222	0.1925	0.8889	0.1925	1	-0.1223	-2.4495	0.0143
a2_20	a2_15	0.7778	0.1925	0.3333	0.0000	1	0.0595	2.3094	0.0209
b1_0	b1_0	0.5556	0.1925	1.0000	0.0000	1	-0.0595	-2.3094	0.0209
b1_10	b1_10	0.3333	0.0000	0.0000	0.0000	1	0.3333	inf	0.0000
b1_10	b1_9	1.4444	0.1925	0.8889	0.1925	1	0.0112	2.0412	0.0412
b1_14	b1_19	0.2222	0.1925	0.7778	0.1925	1	-0.0112	-2.0412	0.0412
b1_24	a1_1	0.0000	0.0000	0.8889	0.1925	1	-0.5040	-4.6188	0.0000
b1_25	b1_23	0.2222	0.3849	1.8889	0.1925	1	-0.8060	-3.8730	0.0001
b1_26	b1_25	1.5556	0.1925	2.1111	0.1925	1	-0.0112	-2.0412	0.0412
b1_4	a1_0	1.5556	0.1925	2.0000	0.0000	1	-0.0595	-2.3094	0.0209
b2_16	b2_15	0.4444	0.1925	0.0000	0.0000	1	0.0595	2.3094	0.0209
b2_3	b2_3	0.2222	0.1925	0.7778	0.1925	1	-0.0112	-2.0412	0.0412
