rgn1	rgn2	aT41A.pcca1	aT41A.pcca1	bN82A.pcca2	bN82A.pcca2	lsdm	sdiff	score	pval
		mf	sf	mf	sf				
a1_12	a1_16	0.0000	0.0000	0.6667	0.0000	1	-0.6667	-inf	0.0000
a1_24	c2_5	0.0000	0.0000	0.7778	0.1925	1	-0.3929	-4.0415	0.0001
a1_4	a1_4	0.3333	0.0000	0.8889	0.1925	1	-0.1707	-2.8868	0.0039
b1_10	b1_10	0.3333	0.0000	0.0000	0.0000	1	0.3333	inf	0.0000
b1_14	b1_19	0.2222	0.1925	0.8889	0.1925	1	-0.1223	-2.4495	0.0143
b1_22	b1_14	0.2222	0.1925	0.6667	0.0000	1	-0.0595	-2.3094	0.0209
b1_25	b1_23	0.2222	0.3849	1.7778	0.3849	1	-0.4669	-2.8577	0.0043
b1_26	c2_2	1.0000	0.0000	0.0000	0.0000	1	1.0000	inf	0.0000
b1_29	b1_27	2.1111	0.1925	1.1111	0.3849	1	0.1393	2.3238	0.0201
b2_12	b2_22	0.0000	0.0000	0.5556	0.1925	1	-0.1707	-2.8868	0.0039
b2_19	b2_18	1.5556	0.1925	0.7778	0.1925	1	0.2334	2.8577	0.0043
b2_4	b2_5	0.1111	0.1925	1.2222	0.1925	1	-0.5668	-4.0825	0.0000
c2_2	b1_24	0.1111	0.1925	0.7778	0.1925	1	-0.1223	-2.4495	0.0143
c2_2	b1_26	1.0000	0.0000	0.0000	0.0000	1	1.0000	inf	0.0000
