rgn1	rgn2	bN82A.pcca2	bN82A.pcca2	WT.pcca2	WT.pcca2	lsdm	sdiff	score	pval
		mf	sf	mf	sf				
a1_13	a1_8	0.1111	0.1925	0.7778	0.1925	1	-0.1223	-2.4495	0.0143
a1_13	a2_15	0.1111	0.1925	1.4444	0.3849	1	-0.4727	-3.0984	0.0019
a1_13	b2_19	1.1111	0.1925	0.2222	0.1925	1	0.3446	3.2660	0.0011
a1_4	a1_4	0.8889	0.1925	0.3333	0.0000	1	0.1707	2.8868	0.0039
a2_14	a2_20	0.1111	0.1925	0.8889	0.1925	1	-0.2334	-2.8577	0.0043
b1_0	b1_0	0.6667	0.0000	1.0000	0.0000	1	-0.3333	-inf	0.0000
b1_17	b1_16	1.5556	0.1925	2.0000	0.0000	1	-0.0595	-2.3094	0.0209
b1_24	a1_1	0.0000	0.0000	0.8889	0.1925	1	-0.5040	-4.6188	0.0000
b1_25	c2_1	0.0000	0.0000	0.4444	0.1925	1	-0.0595	-2.3094	0.0209
b1_26	b1_27	0.0000	0.0000	0.4444	0.1925	1	-0.0595	-2.3094	0.0209
b1_26	c2_2	0.0000	0.0000	0.8889	0.1925	1	-0.5040	-4.6188	0.0000
b1_4	a1_0	1.4444	0.1925	2.0000	0.0000	1	-0.1707	-2.8868	0.0039
b2_21	b2_17	0.5556	0.1925	1.4444	0.3849	1	-0.0282	-2.0656	0.0389
b2_3	b2_3	0.3333	0.0000	0.7778	0.1925	1	-0.0595	-2.3094	0.0209
c2_2	b1_26	0.0000	0.0000	0.8889	0.1925	1	-0.5040	-4.6188	0.0000
