rgn1	rgn2	WT.pcca2	WT.pcca2	bN82A.pcca2	bN82A.pcca2	aT41A.pcca1	aT41A.pcca1
		mf	sf	mf	sf	mf	sf
a1_0	a1_0	0.3333	0.3333	0.0000	0.0000	0.0000	0.0000
a1_0	a1_7	0.6667	0.5774	0.7778	0.1925	1.0000	0.0000
a1_0	b1_27	0.0000	0.0000	0.1111	0.1925	0.0000	0.0000
a1_0	b1_4	0.8889	0.1925	0.7778	0.1925	0.6667	0.0000
a1_1	a1_2	0.7778	0.3849	0.8889	0.1925	0.7778	0.1925
a1_1	a1_7	1.0000	0.0000	1.0000	0.0000	1.0000	0.0000
a1_1	b1_26	0.0000	0.0000	0.0000	0.0000	0.1111	0.1925
a1_1	b1_3	2.0000	0.0000	2.0000	0.0000	1.8889	0.1925
a1_1	c2_3	1.0000	0.0000	1.0000	0.0000	1.0000	0.0000
a1_10	a1_12	0.5556	0.5092	0.6667	0.3333	0.4444	0.5092
a1_10	a1_5	0.4444	0.5092	0.3333	0.3333	0.4444	0.3849
a1_10	a1_6	1.0000	0.0000	0.8889	0.1925	1.0000	0.0000
a1_11	a1_10	2.4444	0.6939	3.2222	0.6939	2.4444	0.5092
a1_11	a1_12	0.0000	0.0000	0.3333	0.3333	0.1111	0.1925
a1_11	a2_15	0.4444	0.1925	0.2222	0.1925	0.2222	0.3849
a1_12	a1_10	0.4444	0.3849	0.1111	0.1925	0.1111	0.1925
a1_12	a1_11	0.0000	0.0000	0.0000	0.0000	0.1111	0.1925
a1_12	a1_12	0.2222	0.3849	0.1111	0.1925	0.0000	0.0000
a1_12	a1_16	0.2222	0.3849	0.6667	0.0000	0.0000	0.0000
a1_12	a1_9	1.0000	0.0000	1.0000	0.0000	1.0000	0.0000
a1_13	a1_8	0.7778	0.1925	0.1111	0.1925	0.5556	0.1925
a1_13	a1_9	1.2222	0.1925	1.6667	0.5774	1.1111	0.1925
a1_13	a2_15	1.4444	0.3849	0.1111	0.1925	0.5556	0.1925
a1_13	a2_20	0.1111	0.1925	0.0000	0.0000	0.2222	0.1925
a1_13	b2_19	0.2222	0.1925	1.1111	0.1925	0.8889	0.3849
a1_14	a1_13	1.1111	0.5092	1.2222	0.7698	0.6667	0.3333
a1_15	a1_13	0.6667	0.0000	0.8889	0.1925	0.7778	0.1925
a1_15	a1_14	2.5556	0.1925	2.8889	0.5092	3.2222	0.6939
a1_16	a1_14	1.0000	0.0000	1.0000	0.0000	1.0000	0.0000
a1_16	a1_16	0.0000	0.0000	0.1111	0.1925	0.0000	0.0000
a1_16	c2_0	0.1111	0.1925	0.0000	0.0000	0.0000	0.0000
a1_16	c2_1	0.7778	0.6939	0.8889	0.3849	1.0000	0.3333
a1_17	a1_16	0.0000	0.0000	0.0000	0.0000	0.1111	0.1925
a1_17	a1_17	0.3333	0.5774	0.6667	0.5774	0.6667	0.3333
a1_18	a1_11	0.1111	0.1925	0.0000	0.0000	0.0000	0.0000
a1_18	a1_17	1.8889	0.6939	2.2222	0.5092	2.2222	0.1925
a1_19	a1_17	0.7778	0.1925	0.7778	0.1925	0.5556	0.3849
a1_19	a1_18	2.0000	0.3333	1.7778	0.1925	2.1111	0.1925
a1_19	a1_2	1.0000	0.0000	0.5556	0.5092	0.6667	0.5774
a1_19	c2_3	0.6667	0.0000	0.6667	0.3333	0.6667	0.3333
a1_2	a1_5	1.0000	0.0000	0.7778	0.1925	1.0000	0.0000
a1_2	a1_6	1.0000	0.0000	1.0000	0.0000	0.8889	0.1925
a1_20	a1_18	0.3333	0.3333	0.5556	0.1925	0.6667	0.5774
a1_20	a1_19	1.8889	0.5092	1.7778	0.1925	1.7778	0.7698
a1_21	a1_19	1.0000	0.0000	0.8889	0.1925	1.0000	0.0000
a1_21	a1_20	1.6667	0.3333	2.1111	0.1925	2.0000	0.3333
a1_21	a1_22	0.3333	0.3333	0.0000	0.0000	0.1111	0.1925
a1_21	a1_3	0.0000	0.0000	0.2222	0.1925	0.0000	0.0000
a1_21	c2_4	1.0000	0.0000	1.0000	0.0000	0.8889	0.1925
a1_22	a1_20	1.0000	0.0000	0.8889	0.1925	1.0000	0.0000
a1_22	a1_21	1.5556	0.1925	1.6667	0.5774	1.5556	0.6939
a1_23	a1_21	1.0000	0.0000	1.0000	0.0000	1.0000	0.0000
a1_23	a1_22	2.7778	0.1925	2.6667	0.3333	2.6667	0.8819
a1_23	a1_23	0.0000	0.0000	0.0000	0.0000	0.1111	0.1925
a1_23	a1_25	0.1111	0.1925	0.0000	0.0000	0.0000	0.0000
a1_24	a1_22	1.0000	0.0000	1.0000	0.0000	1.0000	0.0000
a1_24	a1_23	2.7778	0.1925	2.7778	0.3849	2.7778	0.6939
a1_24	a1_24	0.0000	0.0000	0.0000	0.0000	0.3333	0.3333
a1_24	b1_16	1.0000	0.0000	0.8889	0.1925	1.0000	0.0000
a1_24	b1_17	1.0000	0.0000	1.0000	0.0000	1.0000	0.0000
a1_24	b1_9	0.0000	0.0000	0.0000	0.0000	0.1111	0.1925
a1_24	c2_5	0.6667	0.3333	0.7778	0.1925	0.0000	0.0000
a1_25	a1_23	1.0000	0.0000	1.0000	0.0000	0.8889	0.1925
a1_25	a1_24	1.3333	0.3333	1.4444	0.5092	1.5556	0.1925
a1_26	a2_26	0.7778	0.3849	1.0000	0.0000	1.0000	0.0000
a1_26	b1_0	1.0000	0.0000	1.0000	0.0000	1.0000	0.0000
a1_26	b1_9	0.0000	0.0000	0.0000	0.0000	0.4444	0.7698
a1_27	a1_26	0.2222	0.1925	0.0000	0.0000	0.1111	0.1925
a1_27	a2_8	1.0000	0.0000	1.0000	0.0000	1.0000	0.0000
a1_3	a1_4	0.4444	0.5092	0.7778	0.1925	0.4444	0.3849
a1_3	a1_5	1.0000	0.0000	1.0000	0.0000	1.0000	0.0000
a1_3	b1_1	2.0000	0.0000	2.0000	0.0000	2.0000	0.0000
a1_4	a1_3	0.2222	0.3849	0.2222	0.1925	0.6667	0.3333
a1_4	a1_4	0.3333	0.0000	0.8889	0.1925	0.3333	0.0000
a1_5	a1_3	0.6667	0.3333	0.5556	0.1925	0.6667	0.3333
a1_5	a1_4	0.4444	0.5092	0.5556	0.3849	0.3333	0.0000
a1_6	a1_10	0.4444	0.5092	0.3333	0.3333	0.5556	0.5092
a1_6	a1_2	0.7778	0.1925	1.0000	0.0000	0.8889	0.1925
a1_6	a1_9	1.0000	0.0000	1.0000	0.0000	1.0000	0.0000
a1_7	a1_0	0.8889	0.1925	0.6667	0.0000	0.7778	0.1925
a1_7	a1_8	0.8889	0.1925	1.0000	0.0000	1.0000	0.0000
a1_8	a1_7	0.4444	0.3849	0.7778	0.1925	0.7778	0.3849
a1_8	a1_8	0.4444	0.1925	0.6667	0.3333	0.4444	0.1925
a1_9	a1_12	1.0000	0.0000	1.0000	0.0000	1.0000	0.0000
a1_9	a1_6	1.0000	0.0000	1.1111	0.1925	1.2222	0.3849
a1_9	a1_8	1.0000	0.0000	1.0000	0.0000	1.0000	0.0000
a1_9	a2_15	0.2222	0.1925	0.1111	0.1925	0.3333	0.3333
a2_0	a2_0	0.1111	0.1925	0.1111	0.1925	0.1111	0.1925
a2_0	a2_6	1.0000	0.0000	1.0000	0.0000	1.0000	0.0000
a2_0	a2_7	1.0000	0.0000	1.0000	0.0000	1.0000	0.0000
a2_1	a2_2	0.6667	0.3333	0.3333	0.3333	0.3333	0.3333
a2_1	a2_6	1.0000	0.0000	1.0000	0.0000	1.0000	0.0000
a2_10	a2_10	0.3333	0.3333	0.4444	0.1925	0.1111	0.1925
a2_10	a2_25	1.0000	0.0000	1.0000	0.0000	1.0000	0.0000
a2_10	a2_26	1.4444	0.5092	1.1111	0.1925	1.3333	0.0000
a2_11	a2_10	0.1111	0.1925	0.0000	0.0000	0.0000	0.0000
a2_11	a2_12	1.0000	0.0000	1.0000	0.0000	1.0000	0.0000
a2_11	a2_13	0.0000	0.0000	0.0000	0.0000	0.1111	0.1925
a2_11	a2_20	0.6667	0.3333	0.6667	0.3333	0.4444	0.1925
a2_11	a2_23	1.0000	0.0000	0.7778	0.1925	1.0000	0.0000
a2_11	a2_24	1.0000	0.0000	1.1111	0.1925	1.0000	0.0000
a2_11	a2_5	0.0000	0.0000	0.0000	0.0000	0.1111	0.1925
a2_12	a2_11	1.0000	0.0000	1.0000	0.0000	1.0000	0.0000
a2_12	a2_12	0.2222	0.1925	0.2222	0.3849	0.0000	0.0000
a2_12	a2_23	1.0000	0.0000	0.6667	0.3333	0.6667	0.3333
a2_12	a2_24	1.0000	0.0000	1.0000	0.0000	1.0000	0.0000
a2_13	a2_11	1.0000	0.0000	0.5556	0.3849	0.6667	0.3333
a2_13	a2_13	0.0000	0.0000	0.1111	0.1925	0.0000	0.0000
a2_13	a2_20	0.0000	0.0000	0.0000	0.0000	0.1111	0.1925
a2_14	a2_10	0.0000	0.0000	0.0000	0.0000	0.1111	0.1925
a2_14	a2_13	0.1111	0.1925	0.1111	0.1925	0.1111	0.1925
a2_14	a2_14	0.1111	0.1925	0.1111	0.1925	0.4444	0.5092
a2_14	a2_20	0.8889	0.1925	0.1111	0.1925	0.2222	0.1925
a2_15	a1_8	0.1111	0.1925	0.0000	0.0000	0.0000	0.0000
a2_15	a2_14	0.1111	0.1925	0.2222	0.1925	0.3333	0.3333
a2_15	a2_15	0.2222	0.1925	0.1111	0.1925	0.2222	0.1925
a2_15	a2_16	0.0000	0.0000	0.1111	0.1925	0.0000	0.0000
a2_15	a2_20	1.1111	0.3849	1.4444	0.3849	1.1111	0.1925
a2_16	a1_5	0.8889	0.1925	0.6667	0.3333	0.6667	0.3333
a2_16	a1_8	0.1111	0.1925	0.0000	0.0000	0.0000	0.0000
a2_16	a2_16	0.2222	0.3849	0.0000	0.0000	0.1111	0.1925
a2_16	a2_19	0.6667	0.3333	1.0000	0.0000	0.8889	0.1925
a2_17	a2_17	0.0000	0.0000	0.1111	0.1925	0.0000	0.0000
a2_17	a2_18	1.3333	0.0000	1.6667	0.3333	1.3333	0.5774
a2_17	a2_7	1.0000	0.0000	1.0000	0.0000	1.0000	0.0000
a2_18	a2_17	0.8889	0.1925	0.8889	0.1925	0.8889	0.1925
a2_18	a2_18	0.7778	0.3849	0.8889	0.3849	1.0000	0.3333
a2_18	b1_10	0.4444	0.3849	0.4444	0.3849	0.5556	0.1925
a2_19	a1_8	0.0000	0.0000	0.0000	0.0000	0.1111	0.1925
a2_19	a2_14	0.0000	0.0000	0.0000	0.0000	0.1111	0.1925
a2_19	a2_15	0.0000	0.0000	0.6667	0.3333	0.5556	0.6939
a2_19	a2_16	1.0000	0.0000	1.0000	0.0000	1.0000	0.0000
a2_19	a2_17	0.0000	0.0000	0.0000	0.0000	0.2222	0.1925
a2_19	a2_7	2.0000	0.0000	2.0000	0.0000	1.6667	0.3333
a2_19	a2_8	1.0000	0.0000	1.0000	0.0000	1.0000	0.0000
a2_2	a2_2	0.1111	0.1925	0.2222	0.1925	0.1111	0.1925
a2_2	a2_5	1.8889	0.1925	1.6667	0.0000	1.3333	0.3333
a2_20	a2_13	0.0000	0.0000	0.0000	0.0000	0.1111	0.1925
a2_20	a2_14	0.1111	0.1925	0.0000	0.0000	0.0000	0.0000
a2_20	a2_15	0.3333	0.0000	1.0000	0.6667	0.7778	0.1925
a2_20	a2_20	0.1111	0.1925	0.1111	0.1925	0.3333	0.0000
a2_20	a2_6	1.0000	0.0000	0.8889	0.1925	0.8889	0.1925
a2_20	b2_18	1.0000	0.0000	0.8889	0.1925	1.0000	0.0000
a2_20	b2_19	0.0000	0.0000	0.1111	0.1925	0.0000	0.0000
a2_21	a2_5	1.8889	0.1925	2.0000	0.0000	2.0000	0.0000
a2_22	a2_22	0.0000	0.0000	0.0000	0.0000	0.2222	0.1925
a2_22	a2_23	0.6667	0.3333	0.5556	0.1925	0.2222	0.1925
a2_22	a2_24	0.0000	0.0000	0.1111	0.1925	0.0000	0.0000
a2_23	a2_22	1.0000	0.5774	0.6667	0.3333	0.7778	0.3849
a2_23	a2_23	0.4444	0.1925	0.2222	0.1925	0.4444	0.1925
a2_23	a2_30	0.0000	0.0000	0.1111	0.1925	0.0000	0.0000
a2_23	a2_4	0.0000	0.0000	0.1111	0.1925	0.0000	0.0000
a2_24	a2_11	1.0000	0.0000	1.0000	0.0000	1.0000	0.0000
a2_24	a2_12	1.0000	0.0000	0.8889	0.1925	0.6667	0.3333
a2_24	a2_30	1.0000	0.0000	1.0000	0.0000	1.0000	0.0000
a2_25	a2_10	1.2222	0.1925	1.1111	0.1925	1.3333	0.0000
a2_25	a2_26	0.5556	0.5092	0.4444	0.3849	0.5556	0.1925
a2_25	a2_28	1.0000	0.0000	1.0000	0.0000	1.1111	0.1925
a2_25	a2_29	1.0000	0.0000	1.0000	0.0000	1.0000	0.0000
a2_26	a1_26	0.7778	0.3849	0.8889	0.1925	1.0000	0.0000
a2_26	a2_10	1.0000	0.0000	1.0000	0.0000	1.0000	0.0000
a2_26	a2_26	0.4444	0.5092	0.2222	0.1925	0.3333	0.3333
a2_26	a2_9	0.3333	0.3333	0.0000	0.0000	0.2222	0.3849
a2_26	b1_0	0.0000	0.0000	0.1111	0.1925	0.2222	0.1925
a2_27	a2_26	0.6667	0.5774	0.3333	0.3333	0.3333	0.3333
a2_27	a2_27	0.0000	0.0000	0.1111	0.1925	0.0000	0.0000
a2_28	a2_25	0.8889	0.1925	1.0000	0.0000	1.0000	0.0000
a2_29	a2_0	0.2222	0.3849	0.2222	0.1925	0.1111	0.1925
a2_29	a2_24	1.0000	0.0000	0.8889	0.1925	1.0000	0.0000
a2_29	a2_25	1.0000	0.0000	1.0000	0.0000	0.8889	0.1925
a2_29	a2_30	1.0000	0.0000	0.8889	0.1925	0.8889	0.1925
a2_3	a2_2	0.1111	0.1925	0.0000	0.0000	0.0000	0.0000
a2_3	a2_3	0.2222	0.3849	0.2222	0.1925	0.4444	0.1925
a2_3	b2_8	0.1111	0.1925	0.0000	0.0000	0.0000	0.0000
a2_30	a2_23	0.0000	0.0000	0.1111	0.1925	0.0000	0.0000
a2_30	a2_24	1.0000	0.0000	0.8889	0.1925	1.0000	0.0000
a2_30	a2_32	0.0000	0.0000	0.2222	0.1925	0.1111	0.1925
a2_31	a2_23	0.0000	0.0000	0.1111	0.1925	0.0000	0.0000
a2_31	a2_30	0.1111	0.1925	0.1111	0.1925	0.0000	0.0000
a2_31	a2_31	0.0000	0.0000	0.2222	0.1925	0.2222	0.1925
a2_32	a2_31	0.0000	0.0000	0.4444	0.5092	0.4444	0.3849
a2_32	a2_32	0.1111	0.1925	0.0000	0.0000	0.1111	0.1925
a2_32	b2_3	0.1111	0.1925	0.2222	0.3849	0.0000	0.0000
a2_32	b2_4	0.0000	0.0000	0.2222	0.3849	0.0000	0.0000
a2_32	b2_5	0.5556	0.5092	0.1111	0.1925	0.4444	0.5092
a2_4	a2_22	0.8889	0.1925	0.6667	0.3333	0.7778	0.1925
a2_4	a2_23	0.6667	0.3333	0.5556	0.1925	0.4444	0.3849
a2_4	a2_3	0.8889	0.1925	0.6667	0.0000	0.8889	0.1925
a2_5	a2_2	0.8889	0.1925	1.0000	0.0000	0.8889	0.1925
a2_5	a2_21	2.0000	0.0000	1.8889	0.1925	2.0000	0.0000
a2_5	a2_5	1.0000	0.0000	1.0000	0.0000	1.0000	0.0000
a2_6	a2_0	1.0000	0.0000	1.0000	0.0000	1.0000	0.0000
a2_6	a2_1	1.0000	0.0000	1.0000	0.0000	1.0000	0.0000
a2_6	a2_20	1.0000	0.0000	1.0000	0.0000	1.0000	0.0000
a2_7	a1_27	0.0000	0.0000	0.1111	0.1925	0.0000	0.0000
a2_7	a2_0	1.4444	0.3849	1.6667	0.3333	1.2222	0.1925
a2_7	a2_19	1.0000	0.0000	1.0000	0.0000	1.0000	0.0000
a2_7	a2_7	1.2222	0.1925	1.3333	0.3333	1.2222	0.1925
a2_8	a1_27	0.8889	0.1925	0.8889	0.1925	0.8889	0.1925
a2_8	a2_19	0.6667	0.3333	0.4444	0.3849	0.6667	0.3333
a2_8	a2_7	0.0000	0.0000	0.1111	0.1925	0.0000	0.0000
a2_8	b1_10	0.0000	0.0000	0.0000	0.0000	0.1111	0.1925
a2_9	a2_8	0.8889	0.1925	1.0000	0.0000	0.8889	0.1925
a2_9	a2_9	0.1111	0.1925	0.0000	0.0000	0.0000	0.0000
b1_0	a1_4	0.8889	0.1925	1.0000	0.0000	0.8889	0.1925
b1_0	a2_26	0.0000	0.0000	0.0000	0.0000	0.1111	0.1925
b1_0	b1_0	1.0000	0.0000	0.6667	0.0000	0.5556	0.1925
b1_1	a1_20	0.6667	0.3333	0.6667	0.3333	1.0000	0.0000
b1_1	a1_3	1.8889	0.1925	2.0000	0.0000	1.8889	0.1925
b1_1	b1_9	1.0000	0.0000	1.0000	0.0000	0.6667	0.5774
b1_10	a1_26	0.1111	0.1925	0.0000	0.0000	0.0000	0.0000
b1_10	a2_18	0.4444	0.3849	0.7778	0.1925	0.6667	0.3333
b1_10	b1_10	0.0000	0.0000	0.0000	0.0000	0.3333	0.0000
b1_10	b1_9	0.8889	0.1925	1.1111	0.1925	1.4444	0.1925
b1_11	b1_10	1.0000	0.0000	1.0000	0.0000	0.8889	0.1925
b1_11	b1_14	1.0000	0.0000	1.0000	0.0000	1.0000	0.0000
b1_11	b1_16	0.0000	0.0000	0.1111	0.1925	0.0000	0.0000
b1_11	b1_8	1.1111	0.1925	1.0000	0.0000	1.0000	0.0000
b1_12	b1_14	0.0000	0.0000	0.1111	0.1925	0.3333	0.3333
b1_12	b1_7	1.1111	0.1925	1.0000	0.0000	0.6667	0.3333
b1_12	b1_8	1.0000	0.0000	1.0000	0.0000	1.0000	0.0000
b1_13	b1_12	2.8889	0.1925	2.4444	0.5092	2.4444	0.1925
b1_14	b1_11	1.0000	0.0000	1.0000	0.0000	1.0000	0.0000
b1_14	b1_12	0.0000	0.0000	0.0000	0.0000	0.2222	0.1925
b1_14	b1_14	1.3333	0.3333	1.0000	0.3333	1.3333	0.3333
b1_14	b1_19	0.7778	0.1925	0.8889	0.1925	0.2222	0.1925
b1_14	b1_8	1.0000	0.0000	0.8889	0.1925	0.7778	0.1925
b1_15	b1_10	0.5556	0.1925	0.3333	0.0000	0.3333	0.3333
b1_15	b1_11	1.5556	0.1925	1.2222	0.1925	1.2222	0.1925
b1_16	b1_15	1.1111	0.1925	1.1111	0.1925	1.2222	0.3849
b1_17	b1_15	0.0000	0.0000	0.3333	0.3333	0.5556	0.3849
b1_17	b1_16	2.0000	0.0000	1.5556	0.1925	2.1111	0.5092
b1_17	b1_17	0.1111	0.1925	0.0000	0.0000	0.0000	0.0000
b1_17	b1_18	0.2222	0.1925	0.2222	0.1925	0.4444	0.5092
b1_18	b1_16	0.8889	0.1925	0.5556	0.1925	0.6667	0.3333
b1_18	b1_17	1.3333	0.6667	1.7778	0.1925	1.6667	0.3333
b1_19	b1_14	0.7778	0.1925	0.4444	0.1925	0.5556	0.3849
b1_19	b1_17	1.0000	0.0000	1.0000	0.0000	1.0000	0.0000
b1_19	b1_18	2.2222	0.6939	2.2222	0.1925	2.3333	0.3333
b1_19	c2_4	0.7778	0.1925	0.5556	0.5092	0.6667	0.5774
b1_2	a1_2	1.0000	0.0000	1.0000	0.0000	1.0000	0.0000
b1_2	a2_17	0.2222	0.1925	0.5556	0.3849	0.4444	0.3849
b1_2	a2_18	1.4444	0.3849	0.6667	0.6667	0.8889	0.8389
b1_2	b1_3	0.1111	0.1925	0.1111	0.1925	0.1111	0.1925
b1_2	b1_8	1.0000	0.0000	0.7778	0.1925	1.0000	0.0000
b1_2	b1_9	1.0000	0.0000	1.0000	0.0000	1.0000	0.0000
b1_20	b1_14	0.0000	0.0000	0.0000	0.0000	0.2222	0.1925
b1_20	b1_18	0.5556	0.5092	1.1111	0.5092	0.3333	0.5774
b1_20	b1_19	1.7778	1.3472	0.8889	0.5092	0.8889	0.6939
b1_21	b1_20	2.5556	0.3849	2.5556	0.1925	2.4444	0.1925
b1_22	b1_13	0.8889	0.1925	0.8889	0.1925	0.2222	0.3849
b1_22	b1_14	0.4444	0.3849	0.6667	0.0000	0.2222	0.1925
b1_22	b1_20	0.3333	0.3333	0.6667	0.0000	0.6667	0.5774
b1_22	b1_21	2.5556	0.7698	3.1111	0.5092	2.7778	0.5092
b1_22	b1_22	0.0000	0.0000	0.0000	0.0000	0.3333	0.5774
b1_22	b1_24	0.0000	0.0000	0.0000	0.0000	0.3333	0.5774
b1_22	b1_8	1.0000	0.0000	1.0000	0.0000	1.0000	0.0000
b1_22	c2_3	1.1111	0.1925	1.2222	0.1925	0.6667	0.5774
b1_22	c2_6	0.0000	0.0000	0.0000	0.0000	0.2222	0.3849
b1_23	b1_21	0.5556	0.1925	0.6667	0.3333	0.4444	0.5092
b1_23	b1_22	1.3333	0.3333	1.3333	0.6667	1.4444	0.3849
b1_23	b1_23	0.0000	0.0000	0.1111	0.1925	0.0000	0.0000
b1_24	a1_1	0.8889	0.1925	0.0000	0.0000	0.0000	0.0000
b1_24	b1_22	0.0000	0.0000	0.0000	0.0000	0.6667	0.3333
b1_24	b1_23	2.5556	0.3849	2.0000	0.3333	1.1111	1.6443
b1_24	b1_24	0.1111	0.1925	0.0000	0.0000	0.0000	0.0000
b1_24	b1_3	0.1111	0.1925	0.1111	0.1925	0.0000	0.0000
b1_24	c2_2	0.0000	0.0000	0.0000	0.0000	0.1111	0.1925
b1_25	b1_23	1.8889	0.1925	1.7778	0.3849	0.2222	0.3849
b1_25	b1_24	1.8889	0.1925	1.1111	0.3849	2.1111	0.5092
b1_25	b1_25	0.0000	0.0000	0.1111	0.1925	0.0000	0.0000
b1_25	b1_26	0.0000	0.0000	0.1111	0.1925	0.0000	0.0000
b1_25	b1_5	0.3333	0.5774	0.2222	0.1925	0.0000	0.0000
b1_25	b1_6	0.1111	0.1925	0.0000	0.0000	0.0000	0.0000
b1_25	c2_1	0.4444	0.1925	0.0000	0.0000	0.3333	0.3333
b1_26	b1_24	1.0000	0.0000	0.5556	0.5092	0.5556	0.5092
b1_26	b1_25	2.1111	0.1925	1.7778	0.6939	1.5556	0.1925
b1_26	b1_27	0.4444	0.1925	0.0000	0.0000	0.1111	0.1925
b1_26	b1_3	0.0000	0.0000	0.2222	0.3849	0.1111	0.1925
b1_26	b1_5	0.0000	0.0000	0.2222	0.3849	0.0000	0.0000
b1_26	b1_6	0.0000	0.0000	0.2222	0.1925	0.4444	0.3849
b1_26	c2_2	0.8889	0.1925	0.0000	0.0000	1.0000	0.0000
b1_27	b1_25	0.5556	0.3849	0.1111	0.1925	0.3333	0.5774
b1_27	b1_26	2.1111	0.6939	1.7778	0.6939	1.1111	1.0184
b1_27	b1_27	0.0000	0.0000	0.0000	0.0000	0.2222	0.3849
b1_28	b1_26	0.3333	0.3333	0.2222	0.3849	0.1111	0.1925
b1_28	b1_27	2.4444	0.3849	2.4444	0.5092	2.1111	0.1925
b1_28	b1_28	0.0000	0.0000	0.0000	0.0000	0.1111	0.1925
b1_28	b1_29	0.1111	0.1925	0.0000	0.0000	0.0000	0.0000
b1_29	a1_14	0.6667	0.3333	0.4444	0.3849	0.4444	0.1925
b1_29	b1_27	1.3333	0.5774	1.1111	0.3849	2.1111	0.1925
b1_29	b1_28	0.5556	0.1925	1.4444	0.8389	0.8889	0.5092
b1_29	b1_29	0.3333	0.3333	0.0000	0.0000	0.1111	0.1925
b1_29	b2_19	0.1111	0.1925	0.3333	0.5774	0.5556	0.1925
b1_3	a1_1	2.0000	0.0000	2.0000	0.0000	1.8889	0.1925
b1_3	b1_7	1.0000	0.0000	1.0000	0.0000	1.0000	0.0000
b1_4	a1_0	2.0000	0.0000	1.4444	0.1925	1.5556	0.1925
b1_4	b1_3	0.7778	0.1925	0.3333	0.3333	0.3333	0.5774
b1_4	b1_6	0.4444	0.5092	0.0000	0.0000	0.0000	0.0000
b1_4	b1_7	1.0000	0.0000	1.0000	0.0000	1.0000	0.0000
b1_5	b1_27	0.0000	0.0000	0.1111	0.1925	0.2222	0.3849
b1_5	b1_5	0.7778	0.6939	0.6667	1.1547	1.2222	0.1925
b1_5	b1_6	0.1111	0.1925	0.2222	0.1925	0.1111	0.1925
b1_6	a1_0	0.0000	0.0000	0.0000	0.0000	0.1111	0.1925
b1_6	b1_24	0.0000	0.0000	0.0000	0.0000	0.1111	0.1925
b1_6	b1_5	0.8889	0.6939	0.7778	0.1925	1.1111	0.1925
b1_6	b1_6	0.5556	0.3849	0.1111	0.1925	0.7778	0.3849
b1_7	a1_0	0.0000	0.0000	0.3333	0.3333	0.3333	0.3333
b1_7	b1_12	1.8889	0.1925	1.6667	0.3333	1.1111	0.5092
b1_7	b1_3	1.0000	0.0000	1.0000	0.0000	1.0000	0.0000
b1_7	b1_4	1.0000	0.0000	1.0000	0.0000	0.8889	0.1925
b1_8	a2_17	0.8889	0.1925	0.4444	0.1925	0.3333	0.5774
b1_8	b1_10	1.0000	0.0000	1.0000	0.0000	1.0000	0.0000
b1_8	b1_11	1.0000	0.0000	0.8889	0.1925	0.8889	0.1925
b1_8	b1_12	0.8889	0.1925	0.8889	0.1925	0.4444	0.1925
b1_8	b1_2	1.0000	0.0000	0.8889	0.1925	1.0000	0.0000
b1_8	b1_3	1.0000	0.0000	0.6667	0.3333	0.7778	0.3849
b1_9	a1_24	0.8889	0.1925	0.4444	0.1925	0.3333	0.5774
b1_9	a1_25	0.5556	0.5092	0.5556	0.9623	1.1111	0.6939
b1_9	b1_1	1.0000	0.0000	1.0000	0.0000	0.6667	0.5774
b1_9	b1_10	0.8889	0.1925	1.0000	0.0000	1.0000	0.0000
b1_9	b1_2	1.0000	0.0000	1.0000	0.0000	1.0000	0.0000
b1_9	b1_9	0.2222	0.1925	0.3333	0.3333	0.0000	0.0000
b2_0	b1_29	0.3333	0.3333	0.2222	0.3849	0.6667	0.5774
b2_0	b2_0	0.5556	0.5092	0.2222	0.1925	0.5556	0.1925
b2_0	b2_28	0.4444	0.1925	0.2222	0.1925	0.3333	0.3333
b2_0	b2_9	1.0000	0.0000	1.0000	0.0000	0.8889	0.1925
b2_1	a2_2	0.0000	0.0000	0.0000	0.0000	0.1111	0.1925
b2_1	a2_3	0.1111	0.1925	0.0000	0.0000	0.0000	0.0000
b2_1	a2_4	0.0000	0.0000	0.1111	0.1925	0.0000	0.0000
b2_1	b2_0	0.7778	0.6939	0.3333	0.3333	0.7778	0.5092
b2_1	b2_8	1.0000	0.0000	1.0000	0.0000	1.0000	0.0000
b2_1	b2_9	0.3333	0.3333	0.0000	0.0000	0.1111	0.1925
b2_10	b2_10	0.4444	0.5092	0.4444	0.5092	0.1111	0.1925
b2_11	b2_10	0.2222	0.3849	0.2222	0.1925	0.3333	0.0000
b2_11	b2_27	0.8889	0.1925	1.0000	0.0000	0.8889	0.1925
b2_12	b2_11	0.5556	0.5092	0.6667	0.3333	0.6667	0.0000
b2_12	b2_14	0.3333	0.3333	0.6667	0.0000	0.7778	0.1925
b2_12	b2_21	0.0000	0.0000	0.0000	0.0000	0.1111	0.1925
b2_12	b2_22	0.1111	0.1925	0.5556	0.1925	0.0000	0.0000
b2_12	b2_26	2.3333	0.3333	2.1111	0.1925	2.1111	0.3849
b2_12	b2_27	0.5556	0.5092	0.2222	0.1925	0.2222	0.1925
b2_13	b2_13	0.1111	0.1925	0.0000	0.0000	0.0000	0.0000
b2_13	b2_14	1.8889	0.1925	1.6667	0.3333	1.7778	0.3849
b2_13	b2_23	0.0000	0.0000	0.1111	0.1925	0.0000	0.0000
b2_13	b2_25	2.4444	0.5092	2.5556	0.5092	2.5556	0.1925
b2_14	b2_12	0.8889	0.1925	0.8889	0.1925	1.0000	0.0000
b2_14	b2_13	1.1111	0.1925	1.2222	0.3849	1.2222	0.1925
b2_14	b2_14	0.1111	0.1925	0.2222	0.1925	0.2222	0.1925
b2_15	b2_14	0.7778	0.8389	1.3333	0.8819	0.7778	0.6939
b2_16	b2_15	0.0000	0.0000	0.2222	0.1925	0.4444	0.1925
b2_16	b2_21	0.1111	0.1925	0.2222	0.3849	0.0000	0.0000
b2_16	b2_22	1.0000	0.0000	0.7778	0.1925	1.0000	0.0000
b2_17	b2_16	0.3333	0.3333	0.2222	0.3849	0.1111	0.1925
b2_17	b2_21	1.2222	0.1925	1.3333	0.0000	1.3333	0.3333
b2_18	a1_8	0.1111	0.1925	0.3333	0.3333	0.5556	0.1925
b2_18	a2_2	0.7778	0.3849	0.4444	0.3849	0.7778	0.3849
b2_18	b2_18	0.1111	0.1925	0.0000	0.0000	0.0000	0.0000
b2_18	b2_20	2.1111	0.5092	2.0000	0.3333	2.0000	0.3333
b2_19	a1_8	1.5556	0.3849	1.6667	0.0000	1.5556	0.5092
b2_19	b2_18	1.4444	0.5092	0.7778	0.1925	1.5556	0.1925
b2_19	b2_19	0.1111	0.1925	0.0000	0.0000	0.0000	0.0000
b2_2	a2_3	0.2222	0.1925	0.0000	0.0000	0.1111	0.1925
b2_2	a2_31	0.0000	0.0000	0.1111	0.1925	0.0000	0.0000
b2_2	b2_1	0.2222	0.1925	0.0000	0.0000	0.0000	0.0000
b2_2	b2_7	1.0000	0.0000	1.0000	0.0000	1.0000	0.0000
b2_2	b2_8	1.0000	0.0000	1.0000	0.0000	1.0000	0.0000
b2_20	a2_1	0.8889	0.1925	0.7778	0.1925	0.7778	0.1925
b2_20	a2_2	0.1111	0.1925	0.2222	0.3849	0.0000	0.0000
b2_20	b2_18	2.1111	0.5092	2.2222	0.1925	2.1111	0.1925
b2_20	b2_19	0.2222	0.3849	0.2222	0.1925	0.1111	0.1925
b2_20	b2_20	0.0000	0.0000	0.0000	0.0000	0.2222	0.3849
b2_20	b2_8	0.0000	0.0000	0.1111	0.1925	0.0000	0.0000
b2_20	b2_9	1.0000	0.0000	1.0000	0.0000	1.0000	0.0000
b2_21	b2_17	1.4444	0.3849	0.5556	0.1925	0.8889	0.6939
b2_21	b2_20	0.0000	0.0000	0.1111	0.1925	0.2222	0.1925
b2_21	b2_21	0.2222	0.3849	0.3333	0.3333	0.0000	0.0000
b2_21	b2_7	1.0000	0.0000	1.0000	0.0000	1.0000	0.0000
b2_21	b2_8	1.0000	0.0000	0.8889	0.1925	1.0000	0.0000
b2_22	b2_15	0.6667	0.3333	0.5556	0.5092	0.8889	0.1925
b2_22	b2_16	1.0000	0.0000	1.0000	0.0000	1.0000	0.0000
b2_22	b2_7	1.0000	0.0000	1.0000	0.0000	0.8889	0.1925
b2_23	b2_22	0.1111	0.1925	0.1111	0.1925	0.0000	0.0000
b2_23	b2_23	0.1111	0.1925	0.0000	0.0000	0.1111	0.1925
b2_23	b2_25	0.5556	0.3849	0.5556	0.3849	0.5556	0.3849
b2_23	b2_6	1.2222	0.6939	0.4444	0.5092	0.5556	0.1925
b2_24	b2_23	0.7778	0.3849	0.5556	0.5092	0.4444	0.3849
b2_24	b2_24	0.2222	0.3849	0.0000	0.0000	0.0000	0.0000
b2_24	b2_25	0.6667	0.3333	0.7778	0.3849	0.7778	0.3849
b2_24	b2_31	1.0000	0.3333	1.3333	0.3333	0.8889	0.1925
b2_25	b2_13	0.5556	0.3849	0.7778	0.1925	0.6667	0.3333
b2_25	b2_24	0.1111	0.1925	0.2222	0.1925	0.0000	0.0000
b2_25	b2_25	0.1111	0.1925	0.2222	0.3849	0.0000	0.0000
b2_25	b2_31	1.0000	0.0000	1.0000	0.0000	1.1111	0.1925
b2_26	b2_12	2.0000	0.0000	1.8889	0.1925	2.0000	0.0000
b2_26	b2_25	0.2222	0.3849	0.2222	0.3849	0.1111	0.1925
b2_26	b2_27	0.0000	0.0000	0.2222	0.1925	0.0000	0.0000
b2_26	b2_30	1.3333	0.3333	1.0000	0.0000	1.2222	0.1925
b2_26	b2_31	0.0000	0.0000	0.1111	0.1925	0.1111	0.1925
b2_27	b2_10	1.0000	0.0000	1.0000	0.0000	1.0000	0.0000
b2_27	b2_11	1.0000	0.0000	1.0000	0.0000	1.0000	0.0000
b2_27	b2_30	1.0000	0.0000	1.0000	0.0000	1.0000	0.0000
b2_28	b2_0	0.6667	0.3333	0.5556	0.1925	0.6667	0.0000
b2_28	b2_27	1.5556	0.1925	1.8889	0.1925	1.8889	0.5092
b2_28	b2_9	0.1111	0.1925	0.1111	0.1925	0.1111	0.1925
b2_29	b2_29	0.1111	0.1925	0.1111	0.1925	0.1111	0.1925
b2_3	a2_31	1.5556	0.3849	0.8889	0.5092	1.0000	0.3333
b2_3	a2_32	0.1111	0.1925	0.2222	0.1925	0.1111	0.1925
b2_3	b2_3	0.7778	0.1925	0.3333	0.0000	0.2222	0.1925
b2_3	b2_4	0.0000	0.0000	0.1111	0.1925	0.0000	0.0000
b2_3	b2_5	0.1111	0.1925	0.3333	0.3333	0.0000	0.0000
b2_3	b2_6	1.2222	0.1925	1.1111	0.3849	1.4444	0.5092
b2_30	b2_26	1.0000	0.0000	1.0000	0.0000	1.0000	0.0000
b2_30	b2_27	0.7778	0.1925	1.0000	0.0000	1.0000	0.0000
b2_30	b2_29	0.1111	0.1925	0.0000	0.0000	0.0000	0.0000
b2_30	b2_30	0.0000	0.0000	0.1111	0.1925	0.1111	0.1925
b2_31	b2_25	1.8889	0.1925	1.8889	0.1925	1.8889	0.1925
b2_31	b2_31	1.0000	0.0000	0.8889	0.1925	1.0000	0.0000
b2_4	a2_31	0.0000	0.0000	0.1111	0.1925	0.0000	0.0000
b2_4	b2_5	0.6667	0.6667	1.2222	0.1925	0.1111	0.1925
b2_4	b2_6	0.6667	0.0000	0.6667	0.3333	1.4444	0.5092
b2_5	a2_32	1.0000	0.3333	0.2222	0.3849	0.5556	0.5092
b2_5	b2_4	0.5556	0.1925	0.6667	0.5774	0.4444	0.5092
b2_5	b2_5	0.2222	0.3849	0.2222	0.1925	0.3333	0.3333
b2_5	b2_6	0.0000	0.0000	0.1111	0.1925	0.0000	0.0000
b2_6	a2_31	0.0000	0.0000	0.1111	0.1925	0.0000	0.0000
b2_6	b2_23	0.2222	0.3849	0.2222	0.1925	0.1111	0.1925
b2_6	b2_3	1.3333	0.3333	1.4444	0.5092	1.5556	0.3849
b2_6	b2_4	0.4444	0.3849	0.3333	0.3333	0.7778	0.1925
b2_6	b2_5	0.6667	0.5774	0.2222	0.1925	0.1111	0.1925
b2_6	b2_6	0.1111	0.1925	0.0000	0.0000	0.1111	0.1925
b2_7	b2_2	1.0000	0.0000	1.0000	0.0000	1.0000	0.0000
b2_7	b2_21	1.0000	0.0000	1.0000	0.0000	1.0000	0.0000
b2_7	b2_22	1.0000	0.0000	0.8889	0.1925	1.0000	0.0000
b2_8	a2_2	0.2222	0.1925	0.3333	0.3333	0.3333	0.3333
b2_8	b2_1	1.0000	0.0000	0.8889	0.1925	1.0000	0.0000
b2_8	b2_2	1.1111	0.1925	1.0000	0.0000	1.0000	0.0000
b2_8	b2_20	0.1111	0.1925	0.0000	0.0000	0.0000	0.0000
b2_8	b2_21	1.0000	0.0000	1.0000	0.0000	1.0000	0.0000
b2_8	b2_8	0.1111	0.1925	0.0000	0.0000	0.0000	0.0000
b2_9	b1_28	0.1111	0.1925	0.2222	0.1925	0.4444	0.5092
b2_9	b2_0	0.6667	0.3333	0.7778	0.1925	0.5556	0.1925
b2_9	b2_20	0.6667	0.0000	0.6667	0.3333	0.5556	0.3849
b2_9	b2_8	0.1111	0.1925	0.2222	0.1925	0.1111	0.1925
c2_0	a1_15	0.1111	0.1925	0.0000	0.0000	0.2222	0.1925
c2_0	a1_16	0.1111	0.1925	0.0000	0.0000	0.0000	0.0000
c2_0	c2_0	0.0000	0.0000	0.1111	0.1925	0.0000	0.0000
c2_1	a1_15	1.5556	0.1925	1.5556	0.1925	2.0000	0.3333
c2_1	a1_17	0.3333	0.0000	0.2222	0.1925	0.5556	0.3849
c2_1	c2_0	0.2222	0.3849	0.1111	0.1925	0.2222	0.3849
c2_1	c2_1	0.2222	0.3849	0.0000	0.0000	0.0000	0.0000
c2_2	a1_16	0.7778	0.3849	0.7778	0.1925	1.0000	0.0000
c2_2	b1_24	0.6667	0.3333	0.7778	0.1925	0.1111	0.1925
c2_2	b1_25	0.1111	0.1925	0.0000	0.0000	0.0000	0.0000
c2_2	b1_26	0.8889	0.1925	0.0000	0.0000	1.0000	0.0000
c2_2	c2_1	0.0000	0.0000	0.1111	0.1925	0.4444	0.5092
c2_2	c2_2	0.2222	0.3849	0.0000	0.0000	0.0000	0.0000
c2_3	a1_1	0.8889	0.1925	1.0000	0.0000	1.0000	0.0000
c2_3	a1_19	0.2222	0.1925	0.0000	0.0000	0.0000	0.0000
c2_3	b1_23	0.0000	0.0000	0.0000	0.0000	0.2222	0.3849
c2_3	c2_3	0.0000	0.0000	0.0000	0.0000	0.1111	0.1925
c2_4	a1_21	1.0000	0.0000	0.8889	0.1925	0.8889	0.1925
c2_5	b1_17	1.1111	0.5092	1.4444	0.5092	1.7778	1.0184
c2_5	c2_4	0.0000	0.0000	0.0000	0.0000	0.7778	0.5092
c2_5	c2_5	0.6667	0.3333	0.2222	0.3849	0.0000	0.0000
c2_6	c2_5	0.0000	0.0000	0.2222	0.1925	0.1111	0.1925
