seg	res	rnm	WT.pcca2	WT.pcca2	bN82A.pcca2	bN82A.pcca2	aT41A.pcca1	aT41A.pcca1
			mf	sf	mf	sf	mf	sf
A	4	GLU	0.0000	0.0000	0.0000	0.0000	0.0000	0.0000
A	5	HIP	0.0000	0.0000	0.0000	0.0000	0.0000	0.0000
A	6	VAL	0.0000	0.0000	0.0000	0.0000	0.0000	0.0000
A	7	ILE	0.0000	0.0000	0.0000	0.0000	0.0000	0.0000
A	8	ILE	0.0000	0.0000	0.0000	0.0000	0.0000	0.0000
A	9	GLN	0.0000	0.0000	0.0000	0.0000	0.0000	0.0000
A	10	ALA	0.0000	0.0000	0.0000	0.0000	0.0000	0.0000
A	11	GLH	0.0000	0.0000	0.0000	0.0000	0.0000	0.0000
A	12	PHE	0.0000	0.0000	0.0000	0.0000	0.0000	0.0000
A	13	TYR	0.0000	0.0000	0.0000	0.0000	0.0000	0.0000
A	14	LEU	0.0000	0.0000	0.0000	0.0000	0.0000	0.0000
A	15	ASN	0.0000	0.0000	0.0000	0.0000	0.0000	0.0000
A	16	PRO	0.0000	0.0000	0.0000	0.0000	0.0000	0.0000
A	17	ASP	0.0000	0.0000	0.0000	0.0000	0.0000	0.0000
A	18	GLN	0.0000	0.0000	0.0000	0.0000	0.0000	0.0000
A	19	SER	0.0000	0.0000	0.0000	0.0000	0.0000	0.0000
A	20	GLY	0.0000	0.0000	0.0000	0.0000	0.0000	0.0000
A	21	GLH	0.0000	0.0000	0.0000	0.0000	0.0000	0.0000
A	22	PHE	0.0000	0.0000	0.0000	0.0000	0.0000	0.0000
A	23	MET	0.0000	0.0000	0.0000	0.0000	0.0000	0.0000
A	24	PHE	0.0000	0.0000	0.0000	0.0000	0.0000	0.0000
A	25	ASH	0.0000	0.0000	0.0000	0.0000	0.0000	0.0000
A	26	PHE	0.0000	0.0000	0.0000	0.0000	0.0000	0.0000
A	27	ASP	0.0000	0.0000	0.0000	0.0000	0.0000	0.0000
A	28	GLY	0.0000	0.0000	0.0000	0.0000	0.0000	0.0000
A	29	ASH	0.0000	0.0000	0.0000	0.0000	0.0000	0.0000
A	30	GLU	0.0000	0.0000	0.0000	0.0000	0.0000	0.0000
A	31	ILE	0.0000	0.0000	0.0000	0.0000	0.0000	0.0000
A	32	PHE	0.0000	0.0000	0.0000	0.0000	0.0000	0.0000
A	33	HIP	0.0000	0.0000	0.0000	0.0000	0.0000	0.0000
A	34	VAL	0.0000	0.0000	0.0000	0.0000	0.0000	0.0000
A	35	ASP	0.0000	0.0000	0.0000	0.0000	0.0000	0.0000
A	36	MET	0.0000	0.0000	0.0000	0.0000	0.0000	0.0000
A	37	ALA	0.0000	0.0000	0.0000	0.0000	0.0000	0.0000
A	38	LYS	0.0000	0.0000	0.0000	0.0000	0.0000	0.0000
A	39	LYS	0.0000	0.0000	0.0000	0.0000	0.0000	0.0000
A	40	GLU	0.0000	0.0000	0.0000	0.0000	0.0000	0.0000
A	41	MTS	0.0000	0.0000	0.0000	0.0000	0.0000	0.0000
A	42	VAL	0.0000	0.0000	0.0000	0.0000	0.0000	0.0000
A	43	TRP	0.0000	0.0000	0.0000	0.0000	0.0000	0.0000
A	44	ARG	0.0000	0.0000	0.0000	0.0000	0.0000	0.0000
A	45	LEU	0.0000	0.0000	0.0000	0.0000	0.0000	0.0000
A	46	GLU	0.4444	0.1925	0.5556	0.1925	0.3333	0.3333
A	47	GLU	0.4444	0.1925	0.5556	0.1925	0.3333	0.3333
A	48	PHE	0.7778	0.1925	1.0000	0.0000	0.7778	0.3849
A	49	GLY	0.7778	0.1925	1.0000	0.0000	0.7778	0.3849
A	50	ARG	0.3333	0.3333	0.5556	0.1925	0.4444	0.1925
A	51	PHE	0.1111	0.1925	0.0000	0.0000	0.0000	0.0000
A	52	ALA	0.0000	0.0000	0.0000	0.0000	0.0000	0.0000
A	53	SER	0.0000	0.0000	0.0000	0.0000	0.0000	0.0000
A	54	PHE	0.0000	0.0000	0.0000	0.0000	0.0000	0.0000
A	55	GLU	0.0000	0.0000	0.0000	0.0000	0.0000	0.0000
A	56	ALA	0.5556	0.1925	0.7778	0.1925	0.7778	0.3849
A	57	GLN	0.8889	0.1925	1.0000	0.0000	1.0000	0.0000
A	58	GLY	1.0000	0.0000	1.0000	0.0000	1.0000	0.0000
A	59	ALA	1.0000	0.0000	1.0000	0.0000	1.0000	0.0000
A	60	LEU	1.0000	0.0000	1.0000	0.0000	1.0000	0.0000
A	61	ALA	0.8889	0.1925	1.0000	0.0000	1.0000	0.0000
A	62	ASN	0.8889	0.1925	1.0000	0.0000	1.0000	0.0000
A	63	ILE	0.8889	0.1925	1.0000	0.0000	1.0000	0.0000
A	64	ALA	1.0000	0.0000	1.0000	0.0000	1.0000	0.0000
A	65	VAL	1.0000	0.0000	1.0000	0.0000	1.0000	0.0000
A	66	ASP	1.0000	0.0000	1.0000	0.0000	1.0000	0.0000
A	67	LYS	1.0000	0.0000	1.0000	0.0000	1.0000	0.0000
A	68	ALA	1.0000	0.0000	1.0000	0.0000	1.0000	0.0000
A	69	ASN	1.0000	0.0000	1.0000	0.0000	1.0000	0.0000
A	70	LEU	1.0000	0.0000	1.0000	0.0000	1.0000	0.0000
A	71	GLU	1.0000	0.0000	1.0000	0.0000	1.0000	0.0000
A	72	ILE	1.0000	0.0000	1.0000	0.0000	1.0000	0.0000
A	73	MET	1.0000	0.0000	1.0000	0.0000	1.0000	0.0000
A	74	THR	1.0000	0.0000	1.0000	0.0000	1.0000	0.0000
A	75	LYS	1.0000	0.0000	1.0000	0.0000	1.0000	0.0000
A	76	ARG	1.0000	0.0000	1.0000	0.0000	1.0000	0.0000
A	77	SER	0.0000	0.0000	0.0000	0.0000	0.0000	0.0000
A	78	ASN	0.0000	0.0000	0.0000	0.0000	0.0000	0.0000
A	79	TYR	0.0000	0.0000	0.0000	0.0000	0.0000	0.0000
A	80	THR	0.0000	0.0000	0.0000	0.0000	0.0000	0.0000
A	81	PRO	0.0000	0.0000	0.0000	0.0000	0.0000	0.0000
A	82	ILE	0.0000	0.0000	0.0000	0.0000	0.0000	0.0000
A	83	THR	0.0000	0.0000	0.0000	0.0000	0.0000	0.0000
A	84	ASN	0.0000	0.0000	0.0000	0.0000	0.0000	0.0000
A	85	VAL	0.0000	0.0000	0.0000	0.0000	0.0000	0.0000
A	86	PRO	0.0000	0.0000	0.0000	0.0000	0.0000	0.0000
A	87	PRO	0.0000	0.0000	0.0000	0.0000	0.0000	0.0000
A	88	GLU	0.0000	0.0000	0.0000	0.0000	0.0000	0.0000
A	89	VAL	0.0000	0.0000	0.0000	0.0000	0.0000	0.0000
A	90	THR	0.0000	0.0000	0.0000	0.0000	0.0000	0.0000
A	91	VAL	0.0000	0.0000	0.0000	0.0000	0.0000	0.0000
A	92	LEU	0.0000	0.0000	0.0000	0.0000	0.0000	0.0000
A	93	THR	0.0000	0.0000	0.0000	0.0000	0.0000	0.0000
A	94	ASN	0.0000	0.0000	0.0000	0.0000	0.0000	0.0000
A	95	SER	0.0000	0.0000	0.0000	0.0000	0.0000	0.0000
A	96	PRO	0.0000	0.0000	0.0000	0.0000	0.0000	0.0000
A	97	VAL	0.0000	0.0000	0.0000	0.0000	0.0000	0.0000
A	98	GLU	0.0000	0.0000	0.0000	0.0000	0.0000	0.0000
A	99	LEU	0.0000	0.0000	0.0000	0.0000	0.0000	0.0000
A	100	ARG	0.0000	0.0000	0.0000	0.0000	0.0000	0.0000
A	101	GLU	0.0000	0.0000	0.0000	0.0000	0.0000	0.0000
A	102	PRO	0.0000	0.0000	0.0000	0.0000	0.0000	0.0000
A	103	ASN	0.0000	0.0000	0.0000	0.0000	0.0000	0.0000
A	104	VAL	0.0000	0.0000	0.0000	0.0000	0.0000	0.0000
A	105	LEU	0.0000	0.0000	0.0000	0.0000	0.0000	0.0000
A	106	ILE	0.0000	0.0000	0.0000	0.0000	0.0000	0.0000
A	107	CYX	0.0000	0.0000	0.0000	0.0000	0.0000	0.0000
A	108	PHE	0.0000	0.0000	0.0000	0.0000	0.0000	0.0000
A	109	ILE	0.0000	0.0000	0.0000	0.0000	0.0000	0.0000
A	110	ASP	0.0000	0.0000	0.0000	0.0000	0.0000	0.0000
A	111	LYS	0.0000	0.0000	0.0000	0.0000	0.0000	0.0000
A	112	PHE	0.0000	0.0000	0.0000	0.0000	0.0000	0.0000
A	113	THR	0.0000	0.0000	0.0000	0.0000	0.0000	0.0000
A	114	PRO	0.0000	0.0000	0.0000	0.0000	0.0000	0.0000
A	115	PRO	0.0000	0.0000	0.0000	0.0000	0.0000	0.0000
A	116	VAL	0.0000	0.0000	0.0000	0.0000	0.0000	0.0000
A	117	VAL	0.0000	0.0000	0.0000	0.0000	0.0000	0.0000
A	118	ASN	0.0000	0.0000	0.0000	0.0000	0.0000	0.0000
A	119	VAL	0.0000	0.0000	0.0000	0.0000	0.0000	0.0000
A	120	THR	0.0000	0.0000	0.0000	0.0000	0.0000	0.0000
A	121	TRP	0.0000	0.0000	0.0000	0.0000	0.0000	0.0000
A	122	LEU	0.0000	0.0000	0.0000	0.0000	0.0000	0.0000
A	123	ARG	0.0000	0.0000	0.0000	0.0000	0.0000	0.0000
A	124	ASN	0.0000	0.0000	0.0000	0.0000	0.0000	0.0000
A	125	GLY	0.0000	0.0000	0.0000	0.0000	0.0000	0.0000
A	126	LYS	0.0000	0.0000	0.0000	0.0000	0.0000	0.0000
A	127	PRO	0.0000	0.0000	0.0000	0.0000	0.0000	0.0000
A	128	VAL	0.0000	0.0000	0.0000	0.0000	0.0000	0.0000
A	129	THR	0.0000	0.0000	0.0000	0.0000	0.0000	0.0000
A	130	THR	0.0000	0.0000	0.0000	0.0000	0.0000	0.0000
A	131	GLY	0.0000	0.0000	0.0000	0.0000	0.0000	0.0000
A	132	VAL	0.0000	0.0000	0.0000	0.0000	0.0000	0.0000
A	133	SER	0.0000	0.0000	0.0000	0.0000	0.0000	0.0000
A	134	GLU	0.0000	0.0000	0.0000	0.0000	0.0000	0.0000
A	135	THR	0.0000	0.0000	0.0000	0.0000	0.0000	0.0000
A	136	VAL	0.0000	0.0000	0.0000	0.0000	0.0000	0.0000
A	137	PHE	0.0000	0.0000	0.0000	0.0000	0.0000	0.0000
A	138	LEU	0.0000	0.0000	0.0000	0.0000	0.0000	0.0000
A	139	PRO	0.0000	0.0000	0.0000	0.0000	0.0000	0.0000
A	140	ARG	0.0000	0.0000	0.0000	0.0000	0.0000	0.0000
A	141	GLU	0.0000	0.0000	0.0000	0.0000	0.0000	0.0000
A	142	ASP	0.0000	0.0000	0.0000	0.0000	0.0000	0.0000
A	143	HIE	0.0000	0.0000	0.0000	0.0000	0.0000	0.0000
A	144	LEU	0.0000	0.0000	0.0000	0.0000	0.0000	0.0000
A	145	PHE	0.0000	0.0000	0.0000	0.0000	0.0000	0.0000
A	146	ARG	0.0000	0.0000	0.0000	0.0000	0.0000	0.0000
A	147	LYS	0.0000	0.0000	0.0000	0.0000	0.0000	0.0000
A	148	PHE	0.0000	0.0000	0.0000	0.0000	0.0000	0.0000
A	149	HIE	0.0000	0.0000	0.0000	0.0000	0.0000	0.0000
A	150	TYR	0.0000	0.0000	0.0000	0.0000	0.0000	0.0000
A	151	LEU	0.0000	0.0000	0.0000	0.0000	0.0000	0.0000
A	152	PRO	0.0000	0.0000	0.0000	0.0000	0.0000	0.0000
A	153	PHE	0.0000	0.0000	0.0000	0.0000	0.0000	0.0000
A	154	LEU	0.0000	0.0000	0.0000	0.0000	0.0000	0.0000
A	155	PRO	0.0000	0.0000	0.0000	0.0000	0.0000	0.0000
A	156	SER	0.0000	0.0000	0.0000	0.0000	0.0000	0.0000
A	157	THR	0.0000	0.0000	0.0000	0.0000	0.0000	0.0000
A	158	GLU	0.0000	0.0000	0.0000	0.0000	0.0000	0.0000
A	159	ASP	0.0000	0.0000	0.0000	0.0000	0.0000	0.0000
A	160	VAL	0.0000	0.0000	0.0000	0.0000	0.0000	0.0000
A	161	TYR	0.0000	0.0000	0.0000	0.0000	0.0000	0.0000
A	162	ASP	0.0000	0.0000	0.0000	0.0000	0.0000	0.0000
A	163	CYX	0.0000	0.0000	0.0000	0.0000	0.0000	0.0000
A	164	ARG	0.0000	0.0000	0.0000	0.0000	0.0000	0.0000
A	165	VAL	0.0000	0.0000	0.0000	0.0000	0.0000	0.0000
A	166	GLU	0.0000	0.0000	0.0000	0.0000	0.0000	0.0000
A	167	HIE	0.0000	0.0000	0.0000	0.0000	0.0000	0.0000
A	168	TRP	0.0000	0.0000	0.0000	0.0000	0.0000	0.0000
A	169	GLY	0.0000	0.0000	0.0000	0.0000	0.0000	0.0000
A	170	LEU	0.0000	0.0000	0.0000	0.0000	0.0000	0.0000
A	171	ASP	0.0000	0.0000	0.0000	0.0000	0.0000	0.0000
A	172	GLU	0.0000	0.0000	0.0000	0.0000	0.0000	0.0000
A	173	PRO	0.0000	0.0000	0.0000	0.0000	0.0000	0.0000
A	174	LEU	0.0000	0.0000	0.0000	0.0000	0.0000	0.0000
A	175	LEU	0.0000	0.0000	0.0000	0.0000	0.0000	0.0000
A	176	LYS	0.0000	0.0000	0.0000	0.0000	0.0000	0.0000
A	177	HIP	0.0000	0.0000	0.0000	0.0000	0.0000	0.0000
A	178	TRP	0.0000	0.0000	0.0000	0.0000	0.0000	0.0000
A	179	GLU	0.0000	0.0000	0.0000	0.0000	0.0000	0.0000
A	180	PHE	0.0000	0.0000	0.0000	0.0000	0.0000	0.0000
A	181	ASP	0.0000	0.0000	0.0000	0.0000	0.0000	0.0000
A	182	ALA	0.0000	0.0000	0.0000	0.0000	0.0000	0.0000
A	183	PRO	0.0000	0.0000	0.0000	0.0000	0.0000	0.0000
A	184	SER	0.0000	0.0000	0.0000	0.0000	0.0000	0.0000
B	4	ARG	0.0000	0.0000	0.0000	0.0000	0.0000	0.0000
B	5	PRO	0.0000	0.0000	0.0000	0.0000	0.0000	0.0000
B	6	ARG	0.0000	0.0000	0.0000	0.0000	0.0000	0.0000
B	7	PHE	0.0000	0.0000	0.0000	0.0000	0.0000	0.0000
B	8	LEU	0.0000	0.0000	0.0000	0.0000	0.0000	0.0000
B	9	TRP	0.0000	0.0000	0.0000	0.0000	0.0000	0.0000
B	10	GLN	0.0000	0.0000	0.0000	0.0000	0.0000	0.0000
B	11	LEU	0.0000	0.0000	0.0000	0.0000	0.0000	0.0000
B	12	LYS	0.0000	0.0000	0.0000	0.0000	0.0000	0.0000
B	13	PHE	0.0000	0.0000	0.0000	0.0000	0.0000	0.0000
B	14	GLU	0.0000	0.0000	0.0000	0.0000	0.0000	0.0000
B	15	CYX	0.0000	0.0000	0.0000	0.0000	0.0000	0.0000
B	16	HIP	0.0000	0.0000	0.0000	0.0000	0.0000	0.0000
B	17	PHE	0.0000	0.0000	0.0000	0.0000	0.0000	0.0000
B	18	PHE	0.0000	0.0000	0.0000	0.0000	0.0000	0.0000
B	19	ASN	0.0000	0.0000	0.0000	0.0000	0.0000	0.0000
B	20	GLY	0.0000	0.0000	0.0000	0.0000	0.0000	0.0000
B	21	THR	0.0000	0.0000	0.0000	0.0000	0.0000	0.0000
B	22	GLU	0.0000	0.0000	0.0000	0.0000	0.0000	0.0000
B	23	ARG	0.0000	0.0000	0.0000	0.0000	0.0000	0.0000
B	24	VAL	0.0000	0.0000	0.0000	0.0000	0.0000	0.0000
B	25	ARG	0.0000	0.0000	0.0000	0.0000	0.0000	0.0000
B	26	LEU	0.0000	0.0000	0.0000	0.0000	0.0000	0.0000
B	27	LEU	0.0000	0.0000	0.0000	0.0000	0.0000	0.0000
B	28	GLU	0.0000	0.0000	0.0000	0.0000	0.0000	0.0000
B	29	ARG	0.0000	0.0000	0.0000	0.0000	0.0000	0.0000
B	30	CYS	0.0000	0.0000	0.0000	0.0000	0.0000	0.0000
B	31	ILE	0.0000	0.0000	0.0000	0.0000	0.0000	0.0000
B	32	TYR	0.0000	0.0000	0.0000	0.0000	0.0000	0.0000
B	33	ASN	0.0000	0.0000	0.0000	0.0000	0.0000	0.0000
B	34	GLN	0.0000	0.0000	0.0000	0.0000	0.0000	0.0000
B	35	GLU	0.0000	0.0000	0.0000	0.0000	0.0000	0.0000
B	36	GLU	0.0000	0.0000	0.0000	0.0000	0.0000	0.0000
B	37	SER	0.0000	0.0000	0.0000	0.0000	0.0000	0.0000
B	38	VAL	0.0000	0.0000	0.0000	0.0000	0.0000	0.0000
B	39	ARG	0.0000	0.0000	0.0000	0.0000	0.0000	0.0000
B	40	PHE	0.0000	0.0000	0.0000	0.0000	0.0000	0.0000
B	41	ASP	0.0000	0.0000	0.0000	0.0000	0.0000	0.0000
B	42	SER	0.0000	0.0000	0.0000	0.0000	0.0000	0.0000
B	43	ASP	0.0000	0.0000	0.0000	0.0000	0.0000	0.0000
B	44	VAL	0.0000	0.0000	0.0000	0.0000	0.0000	0.0000
B	45	GLY	0.0000	0.0000	0.0000	0.0000	0.0000	0.0000
B	46	GLU	0.0000	0.0000	0.0000	0.0000	0.0000	0.0000
B	47	TYR	0.0000	0.0000	0.0000	0.0000	0.0000	0.0000
B	48	ARG	0.0000	0.0000	0.0000	0.0000	0.0000	0.0000
B	49	ALA	0.0000	0.0000	0.0000	0.0000	0.0000	0.0000
B	50	VAL	0.0000	0.0000	0.0000	0.0000	0.0000	0.0000
B	51	THR	0.0000	0.0000	0.0000	0.0000	0.0000	0.0000
B	52	GLU	0.7778	0.1925	0.6667	0.3333	0.4444	0.3849
B	53	LEU	0.7778	0.1925	0.6667	0.3333	0.4444	0.3849
B	54	GLY	0.7778	0.1925	0.6667	0.3333	0.4444	0.3849
B	55	ARG	0.8889	0.1925	0.8889	0.1925	0.7778	0.1925
B	56	PRO	0.8889	0.1925	0.8889	0.1925	0.7778	0.1925
B	57	ASP	1.0000	0.0000	1.0000	0.0000	0.8889	0.1925
B	58	ALA	1.0000	0.0000	1.0000	0.0000	1.0000	0.0000
B	59	GLU	1.0000	0.0000	1.0000	0.0000	1.0000	0.0000
B	60	TYR	1.0000	0.0000	1.0000	0.0000	1.0000	0.0000
B	61	TRP	1.0000	0.0000	0.8889	0.1925	0.8889	0.1925
B	62	ASN	0.5556	0.5092	0.3333	0.0000	0.2222	0.3849
B	63	SER	0.5556	0.5092	0.2222	0.1925	0.2222	0.3849
B	64	GLN	0.0000	0.0000	0.0000	0.0000	0.0000	0.0000
B	65	LYS	1.0000	0.0000	0.8889	0.1925	0.8889	0.1925
B	66	ASP	1.0000	0.0000	0.8889	0.1925	0.8889	0.1925
B	67	LEU	1.0000	0.0000	1.0000	0.0000	1.0000	0.0000
B	68	LEU	1.0000	0.0000	1.0000	0.0000	1.0000	0.0000
B	69	GLU	1.0000	0.0000	1.0000	0.0000	1.0000	0.0000
B	70	GLN	1.0000	0.0000	1.0000	0.0000	1.0000	0.0000
B	71	ARG	1.0000	0.0000	1.0000	0.0000	0.7778	0.3849
B	72	ARG	0.8889	0.1925	0.8889	0.1925	0.7778	0.3849
B	73	ALA	0.8889	0.1925	0.7778	0.1925	0.7778	0.3849
B	74	ALA	0.8889	0.1925	0.6667	0.3333	0.7778	0.3849
B	75	VAL	1.0000	0.0000	0.8889	0.1925	0.7778	0.3849
B	76	ASP	1.0000	0.0000	0.7778	0.1925	0.4444	0.1925
B	77	THR	1.0000	0.0000	0.7778	0.1925	0.3333	0.3333
B	78	TYR	1.0000	0.0000	0.5556	0.3849	0.8889	0.1925
B	79	CYX	1.0000	0.0000	0.7778	0.3849	1.0000	0.0000
B	80	ARG	1.0000	0.0000	0.7778	0.3849	1.0000	0.0000
B	81	HIP	0.8889	0.1925	0.7778	0.3849	1.0000	0.0000
B	82	MTS	0.8889	0.1925	0.5556	0.5092	0.6667	0.5774
B	83	TYR	1.0000	0.0000	0.6667	0.3333	0.5556	0.5092
B	84	GLY	1.0000	0.0000	0.6667	0.3333	0.5556	0.5092
B	85	VAL	1.0000	0.0000	0.6667	0.3333	0.5556	0.5092
B	86	GLY	0.8889	0.1925	0.6667	0.0000	0.4444	0.3849
B	87	GLU	0.8889	0.1925	0.8889	0.1925	0.8889	0.1925
B	88	SER	0.7778	0.1925	0.7778	0.1925	0.8889	0.1925
B	89	PHE	0.7778	0.1925	0.8889	0.1925	0.8889	0.1925
B	90	THR	0.7778	0.1925	0.6667	0.3333	0.6667	0.3333
B	91	VAL	0.2222	0.3849	0.2222	0.3849	0.1111	0.1925
B	92	GLN	0.0000	0.0000	0.1111	0.1925	0.1111	0.1925
B	93	ARG	0.0000	0.0000	0.0000	0.0000	0.0000	0.0000
B	94	ARG	0.0000	0.0000	0.0000	0.0000	0.0000	0.0000
B	95	VAL	0.0000	0.0000	0.0000	0.0000	0.0000	0.0000
B	96	GLU	0.0000	0.0000	0.0000	0.0000	0.0000	0.0000
B	97	PRO	0.0000	0.0000	0.0000	0.0000	0.0000	0.0000
B	98	LYS	0.0000	0.0000	0.0000	0.0000	0.0000	0.0000
B	99	VAL	0.0000	0.0000	0.0000	0.0000	0.0000	0.0000
B	100	THR	0.0000	0.0000	0.0000	0.0000	0.0000	0.0000
B	101	VAL	0.0000	0.0000	0.0000	0.0000	0.0000	0.0000
B	102	TYR	0.0000	0.0000	0.0000	0.0000	0.0000	0.0000
B	103	PRO	0.0000	0.0000	0.0000	0.0000	0.0000	0.0000
B	104	SER	0.0000	0.0000	0.0000	0.0000	0.0000	0.0000
B	105	LYS	0.0000	0.0000	0.0000	0.0000	0.0000	0.0000
B	106	THR	0.0000	0.0000	0.0000	0.0000	0.0000	0.0000
B	107	GLN	0.0000	0.0000	0.0000	0.0000	0.0000	0.0000
B	108	PRO	0.0000	0.0000	0.0000	0.0000	0.0000	0.0000
B	109	LEU	0.0000	0.0000	0.0000	0.0000	0.0000	0.0000
B	110	GLN	0.0000	0.0000	0.0000	0.0000	0.0000	0.0000
B	111	HIP	0.0000	0.0000	0.0000	0.0000	0.0000	0.0000
B	112	HIE	0.0000	0.0000	0.0000	0.0000	0.0000	0.0000
B	113	ASN	0.0000	0.0000	0.0000	0.0000	0.0000	0.0000
B	114	LEU	0.0000	0.0000	0.0000	0.0000	0.0000	0.0000
B	115	LEU	0.0000	0.0000	0.0000	0.0000	0.0000	0.0000
B	116	VAL	0.0000	0.0000	0.0000	0.0000	0.0000	0.0000
B	117	CYX	0.0000	0.0000	0.0000	0.0000	0.0000	0.0000
B	118	SER	0.0000	0.0000	0.0000	0.0000	0.0000	0.0000
B	119	VAL	0.0000	0.0000	0.0000	0.0000	0.0000	0.0000
B	120	SER	0.0000	0.0000	0.0000	0.0000	0.0000	0.0000
B	121	GLY	0.0000	0.0000	0.0000	0.0000	0.0000	0.0000
B	122	PHE	0.0000	0.0000	0.0000	0.0000	0.0000	0.0000
B	123	TYR	0.0000	0.0000	0.0000	0.0000	0.0000	0.0000
B	124	PRO	0.0000	0.0000	0.0000	0.0000	0.0000	0.0000
B	125	GLY	0.0000	0.0000	0.0000	0.0000	0.0000	0.0000
B	126	SER	0.0000	0.0000	0.0000	0.0000	0.0000	0.0000
B	127	ILE	0.0000	0.0000	0.0000	0.0000	0.0000	0.0000
B	128	GLU	0.0000	0.0000	0.0000	0.0000	0.0000	0.0000
B	129	VAL	0.0000	0.0000	0.0000	0.0000	0.0000	0.0000
B	130	ARG	0.0000	0.0000	0.0000	0.0000	0.0000	0.0000
B	131	TRP	0.0000	0.0000	0.0000	0.0000	0.0000	0.0000
B	132	PHE	0.0000	0.0000	0.0000	0.0000	0.0000	0.0000
B	133	ARG	0.0000	0.0000	0.0000	0.0000	0.0000	0.0000
B	134	ASN	0.0000	0.0000	0.0000	0.0000	0.0000	0.0000
B	135	GLY	0.0000	0.0000	0.0000	0.0000	0.0000	0.0000
B	136	GLN	0.0000	0.0000	0.0000	0.0000	0.0000	0.0000
B	137	GLU	0.0000	0.0000	0.0000	0.0000	0.0000	0.0000
B	138	GLU	0.0000	0.0000	0.0000	0.0000	0.0000	0.0000
B	139	LYS	0.0000	0.0000	0.0000	0.0000	0.0000	0.0000
B	140	ALA	0.0000	0.0000	0.0000	0.0000	0.0000	0.0000
B	141	GLY	0.0000	0.0000	0.0000	0.0000	0.0000	0.0000
B	142	VAL	0.0000	0.0000	0.0000	0.0000	0.0000	0.0000
B	143	VAL	0.0000	0.0000	0.0000	0.0000	0.0000	0.0000
B	144	SER	0.0000	0.0000	0.0000	0.0000	0.0000	0.0000
B	145	THR	0.0000	0.0000	0.0000	0.0000	0.0000	0.0000
B	146	GLY	0.0000	0.0000	0.0000	0.0000	0.0000	0.0000
B	147	LEU	0.0000	0.0000	0.0000	0.0000	0.0000	0.0000
B	148	ILE	0.0000	0.0000	0.0000	0.0000	0.0000	0.0000
B	149	GLN	0.0000	0.0000	0.0000	0.0000	0.0000	0.0000
B	150	ASN	0.0000	0.0000	0.0000	0.0000	0.0000	0.0000
B	151	GLY	0.0000	0.0000	0.0000	0.0000	0.0000	0.0000
B	152	ASP	0.0000	0.0000	0.0000	0.0000	0.0000	0.0000
B	153	TRP	0.0000	0.0000	0.0000	0.0000	0.0000	0.0000
B	154	THR	0.0000	0.0000	0.0000	0.0000	0.0000	0.0000
B	155	PHE	0.0000	0.0000	0.0000	0.0000	0.0000	0.0000
B	156	GLN	0.0000	0.0000	0.0000	0.0000	0.0000	0.0000
B	157	THR	0.0000	0.0000	0.0000	0.0000	0.0000	0.0000
B	158	LEU	0.0000	0.0000	0.0000	0.0000	0.0000	0.0000
B	159	VAL	0.0000	0.0000	0.0000	0.0000	0.0000	0.0000
B	160	MET	0.0000	0.0000	0.0000	0.0000	0.0000	0.0000
B	161	LEU	0.0000	0.0000	0.0000	0.0000	0.0000	0.0000
B	162	GLU	0.0000	0.0000	0.0000	0.0000	0.0000	0.0000
B	163	THR	0.0000	0.0000	0.0000	0.0000	0.0000	0.0000
B	164	VAL	0.0000	0.0000	0.0000	0.0000	0.0000	0.0000
B	165	PRO	0.0000	0.0000	0.0000	0.0000	0.0000	0.0000
B	166	ARG	0.0000	0.0000	0.0000	0.0000	0.0000	0.0000
B	167	SER	0.0000	0.0000	0.0000	0.0000	0.0000	0.0000
B	168	GLY	0.0000	0.0000	0.0000	0.0000	0.0000	0.0000
B	169	GLU	0.0000	0.0000	0.0000	0.0000	0.0000	0.0000
B	170	VAL	0.0000	0.0000	0.0000	0.0000	0.0000	0.0000
B	171	TYR	0.0000	0.0000	0.0000	0.0000	0.0000	0.0000
B	172	THR	0.0000	0.0000	0.0000	0.0000	0.0000	0.0000
B	173	CYX	0.0000	0.0000	0.0000	0.0000	0.0000	0.0000
B	174	GLN	0.0000	0.0000	0.0000	0.0000	0.0000	0.0000
B	175	VAL	0.0000	0.0000	0.0000	0.0000	0.0000	0.0000
B	176	GLU	0.0000	0.0000	0.0000	0.0000	0.0000	0.0000
B	177	HIE	0.0000	0.0000	0.0000	0.0000	0.0000	0.0000
B	178	PRO	0.0000	0.0000	0.0000	0.0000	0.0000	0.0000
B	179	SER	0.0000	0.0000	0.0000	0.0000	0.0000	0.0000
B	180	VAL	0.0000	0.0000	0.0000	0.0000	0.0000	0.0000
B	181	THR	0.0000	0.0000	0.0000	0.0000	0.0000	0.0000
B	182	SER	0.0000	0.0000	0.0000	0.0000	0.0000	0.0000
B	183	PRO	0.0000	0.0000	0.0000	0.0000	0.0000	0.0000
B	184	LEU	0.0000	0.0000	0.0000	0.0000	0.0000	0.0000
B	185	THR	0.0000	0.0000	0.0000	0.0000	0.0000	0.0000
B	186	VAL	0.0000	0.0000	0.0000	0.0000	0.0000	0.0000
B	187	GLU	0.0000	0.0000	0.0000	0.0000	0.0000	0.0000
B	188	TRP	0.0000	0.0000	0.0000	0.0000	0.0000	0.0000
B	189	ARG	0.0000	0.0000	0.0000	0.0000	0.0000	0.0000
B	190	ALA	0.0000	0.0000	0.0000	0.0000	0.0000	0.0000
C	101	ACE	0.0000	0.0000	0.0000	0.0000	0.0000	0.0000
C	102	LYS	0.0000	0.0000	0.0000	0.0000	0.0000	0.0000
C	103	PRO	0.0000	0.0000	0.0000	0.0000	0.1111	0.1925
C	104	VAL	0.0000	0.0000	0.0000	0.0000	0.1111	0.1925
C	105	SER	0.0000	0.0000	0.0000	0.0000	0.1111	0.1925
C	106	LYS	0.0000	0.0000	0.0000	0.0000	0.0000	0.0000
C	107	TRP	0.0000	0.0000	0.0000	0.0000	0.0000	0.0000
C	108	ARG	0.0000	0.0000	0.0000	0.0000	0.0000	0.0000
C	109	MET	0.0000	0.0000	0.0000	0.0000	0.0000	0.0000
C	110	ALA	0.0000	0.0000	0.0000	0.0000	0.0000	0.0000
C	111	THR	0.0000	0.0000	0.0000	0.0000	0.0000	0.0000
C	112	PRO	0.0000	0.0000	0.0000	0.0000	0.0000	0.0000
C	113	LEU	0.0000	0.0000	0.0000	0.0000	0.0000	0.0000
C	114	LEU	0.0000	0.0000	0.0000	0.0000	0.0000	0.0000
C	115	MET	0.0000	0.0000	0.0000	0.0000	0.0000	0.0000
C	116	GLN	0.0000	0.0000	0.0000	0.0000	0.0000	0.0000
C	117	ALA	0.0000	0.0000	0.0000	0.0000	0.0000	0.0000
C	118	LEU	0.0000	0.0000	0.0000	0.0000	0.0000	0.0000
C	119	PRO	0.0000	0.0000	0.0000	0.0000	0.0000	0.0000
C	120	MET	0.0000	0.0000	0.0000	0.0000	0.0000	0.0000
C	121	NHE	0.0000	0.0000	0.0000	0.0000	0.0000	0.0000
