seg	res	rnm	aT41A.pcca1	aT41A.pcca1	WT.pcca2	WT.pcca2	lsdm	sdiff	score	pval
			mf	sf	mf	sf				
A	13	TYR	-1.6593	0.0258	0.7995	0.7387	1	-0.9805	-3.3265	0.0009
A	24	PHE	1.5874	0.0612	1.8101	0.0826	1	-0.0171	-2.1665	0.0303
A	79	TYR	-0.8651	0.5601	0.9228	0.5662	1	-0.1951	-2.2450	0.0248
A	109	ILE	1.1319	0.3091	2.7415	0.3133	1	-0.7293	-3.6571	0.0003
A	134	GLU	0.8068	0.6334	-1.1448	0.5898	1	0.2206	2.2549	0.0241
A	145	PHE	-1.5736	0.0689	0.8200	0.6136	1	-1.1588	-3.8769	0.0001
A	146	ARG	-1.0113	0.0995	1.6574	1.2236	1	-0.2134	-2.1738	0.0297
A	161	TYR	1.5258	0.1543	-1.0336	0.7532	1	1.0218	3.3290	0.0009
B	7	PHE	-1.5369	0.0970	1.0446	0.5222	1	-1.5194	-4.8607	0.0000
B	13	PHE	1.6336	0.2312	-1.3294	0.7415	1	1.4096	3.8149	0.0001
B	29	ARG	0.3224	1.1517	2.9161	0.0518	1	-0.2880	-2.2499	0.0245
B	47	TYR	1.6849	0.2307	-0.7567	0.6615	1	1.0404	3.4851	0.0005
B	53	LEU	-0.2669	0.0841	1.1172	0.1530	1	-1.0348	-7.9252	0.0000
B	57	ASP	-0.9854	0.2091	1.0560	0.2806	1	-1.3415	-5.8334	0.0000
B	69	GLU	1.1904	0.1013	-0.6670	0.3447	1	1.1388	5.1695	0.0000
B	72	ARG	-2.2784	1.1989	1.6352	1.0989	1	-0.6608	-2.4063	0.0161
B	78	TYR	-1.2246	0.0430	1.3194	0.0564	1	-2.4022	-35.8794	0.0000
B	97	PRO	0.1951	0.0645	0.4852	0.0767	1	-0.0897	-2.8959	0.0038
B	107	GLN	-0.4121	0.5339	-2.3882	0.6631	1	0.2735	2.3212	0.0203
B	122	PHE	1.6593	0.0831	-0.8144	0.5057	1	1.4488	4.8272	0.0000
B	149	GLN	-2.4227	0.5229	-0.6770	0.2848	1	-0.5549	-2.9319	0.0034
C	108	ARG	1.0615	0.6090	-0.6671	0.5455	1	0.0934	2.1143	0.0345
