seg	res	rnm	WT.pcca2	WT.pcca2	bN82A.pcca2	bN82A.pcca2	aT41A.pcca1	aT41A.pcca1
			mf	sf	mf	sf	mf	sf
A	4	GLU	0.8372	1.7339	0.8811	1.9742	-0.9046	1.8859
A	5	HIP	0.4920	1.4576	-0.1003	1.1926	-1.2545	0.1539
A	7	ILE	1.6722	2.3278	1.4841	2.3645	2.3046	1.1383
A	8	ILE	0.2837	2.1565	-0.1544	1.2367	1.0662	2.5753
A	9	GLN	-2.2553	1.1637	-2.9839	0.0347	-0.9535	0.0434
A	11	GLH	-2.7750	0.0633	-2.8525	0.1296	-2.8557	0.1453
A	12	PHE	0.4040	0.9557	1.4423	0.0161	1.4327	0.1044
A	13	TYR	0.7995	0.7387	1.5509	0.1375	-1.6593	0.0258
A	14	LEU	1.3684	0.3294	1.1582	0.0401	1.1980	0.1351
A	15	ASN	-0.9090	1.1184	-1.6647	0.1408	-1.3838	0.1908
A	16	PRO	-0.1283	0.4012	-0.3846	0.2492	-0.4753	0.1295
A	17	ASP	-0.0808	1.8153	0.0747	1.1757	-1.0463	0.9453
A	18	GLN	0.8370	2.1020	-0.9471	0.0646	-0.0197	1.4560
A	21	GLH	-0.9866	0.0524	1.6540	1.1688	-1.6318	2.3504
A	22	PHE	0.4590	0.4441	0.4181	1.6371	-0.4436	1.9115
A	23	MET	0.2443	1.7506	1.2397	0.8771	0.1239	1.0712
A	24	PHE	1.8101	0.0826	1.6784	0.2283	1.5874	0.0612
A	25	ASH	0.0622	0.7735	-0.1624	0.6527	-0.4914	0.2547
A	26	PHE	0.8290	1.1350	-0.5454	1.1256	0.3404	1.3590
A	27	ASP	-1.4241	0.1029	-1.2333	1.0927	-0.4788	1.9771
A	29	ASH	-0.3505	0.3450	-0.3552	0.3510	-0.4521	0.2078
A	30	GLU	-2.1514	1.1065	-2.9050	0.0968	-1.5110	1.2090
A	31	ILE	2.2377	1.1898	1.6366	1.0716	-0.1526	1.0946
A	32	PHE	0.7368	0.7164	1.4525	0.1242	-0.5486	1.8229
A	33	HIP	-1.5675	0.0450	-1.7422	0.0817	-1.5608	0.0723
A	35	ASP	-0.4232	0.4847	1.4413	0.7463	-0.3049	0.1527
A	36	MET	-0.1630	0.3682	-0.1026	0.2674	0.0869	1.0085
A	38	LYS	-0.5110	1.2914	0.8042	0.3475	0.5832	2.0849
A	39	LYS	0.3378	1.1315	-0.1330	0.9561	-1.0368	1.9334
A	40	GLU	-0.1505	2.5680	1.4191	1.4311	1.2665	1.9371
A	43	TRP	1.3039	0.0358	1.3511	0.0989	1.3390	0.1714
A	44	ARG	1.3938	0.8329	1.2027	0.4294	1.2595	0.3378
A	45	LEU	0.9078	1.0405	1.4431	0.3369	1.0267	0.7067
A	46	GLU	-0.5485	0.2143	-0.9065	2.1676	1.4435	1.2986
A	47	GLU	-0.5342	2.2333	-0.2057	1.7362	-0.2907	0.7302
A	48	PHE	-0.4462	1.0937	-0.7957	1.5598	-0.4519	1.1953
A	50	ARG	-1.0182	1.9430	-0.1482	1.9963	-1.6352	2.4416
A	51	PHE	-1.3375	0.6434	-0.1715	0.5296	-0.4948	0.9950
A	54	PHE	0.7294	0.5618	1.3846	0.0894	0.1689	1.8028
A	55	GLU	1.0743	1.6344	0.5443	1.2542	2.7245	0.4379
A	57	GLN	0.4725	1.1649	0.5144	1.6753	-0.9661	0.0866
A	60	LEU	2.0777	0.3573	0.4474	0.8623	0.9763	1.0371
A	62	ASN	0.5922	0.1277	0.2480	0.4229	0.4019	0.2811
A	63	ILE	2.5960	0.3966	1.7691	0.8006	2.0002	1.5496
A	66	ASP	0.9615	1.2055	1.2531	1.1635	0.2460	0.0439
A	67	LYS	-0.3073	3.0168	0.3443	1.1476	0.9818	1.9242
A	69	ASN	-0.2575	0.0434	-0.2509	0.0746	-0.3855	0.1168
A	70	LEU	1.0289	0.0633	1.0931	0.0783	1.2294	0.4597
A	71	GLU	0.3328	2.4122	-0.7359	2.0228	1.2152	0.4757
A	72	ILE	0.9448	1.6672	2.1164	0.2923	1.8973	1.4518
A	73	MET	0.4985	0.3909	0.7219	0.4462	0.7645	0.3856
A	75	LYS	1.9695	1.4530	0.9717	2.0118	-0.5417	1.3410
A	76	ARG	-1.6083	1.1989	-1.6088	1.1377	-1.6756	0.9489
A	78	ASN	0.1387	0.5817	0.6154	0.1085	0.4595	0.2172
A	79	TYR	0.9228	0.5662	-0.1029	0.6233	-0.8651	0.5601
A	81	PRO	0.0299	0.2334	-0.5873	0.0545	-0.4393	0.3029
A	82	ILE	1.6590	1.1843	1.5712	1.1136	1.9232	0.9442
A	84	ASN	0.4916	0.4651	0.3135	0.1134	0.0746	0.0058
A	86	PRO	0.3380	0.4003	-0.2090	0.1365	0.2945	0.2404
A	87	PRO	-0.1498	0.1247	-0.2698	0.2753	-0.0721	0.0936
A	88	GLU	-0.5636	2.1683	-0.6023	0.7144	0.2795	2.3643
A	92	LEU	2.7234	0.0580	2.7505	0.4087	2.6756	0.2910
A	94	ASN	0.5247	0.7644	1.1087	0.2912	0.8411	0.3020
A	96	PRO	-0.3089	0.1633	-0.0556	0.1380	-0.1050	0.4279
A	98	GLU	1.2645	2.0218	-0.0693	0.9658	0.1565	1.4025
A	99	LEU	1.1252	0.0575	0.7242	0.8383	1.4476	0.7210
A	100	ARG	-1.8760	1.0624	-1.0077	1.9480	-0.7825	2.1472
A	101	GLU	0.9161	0.7506	1.0387	0.5924	0.0110	0.2926
A	102	PRO	0.5137	0.2650	0.1775	0.0489	0.0859	0.3508
A	103	ASN	-0.5055	0.0785	-0.4810	0.4105	-0.5810	0.1511
A	105	LEU	1.6125	1.0457	1.9144	0.5956	1.8624	1.0075
A	106	ILE	0.7928	1.9200	1.0178	0.0326	0.2349	1.1365
A	108	PHE	-1.3049	0.8362	-1.0041	1.1789	-0.2747	0.6896
A	109	ILE	2.7415	0.3133	1.4431	1.3326	1.1319	0.3091
A	110	ASP	-0.7161	1.9040	-1.1745	0.6132	-0.9273	0.8891
A	111	LYS	2.3132	1.0482	0.8451	3.3736	0.2628	1.0719
A	112	PHE	-1.6654	0.0889	-1.6820	0.1165	-1.6872	0.1386
A	114	PRO	-0.3164	0.1419	-0.4402	0.2394	-0.5311	0.0138
A	115	PRO	-0.5288	0.2209	-0.6045	0.0333	-0.5644	0.0328
A	118	ASN	0.4827	0.3688	-0.2654	0.4172	0.0744	0.8426
A	121	TRP	1.7310	0.1313	1.8477	0.1532	1.7390	0.2137
A	122	LEU	1.0021	1.8486	0.9587	1.3896	0.8080	1.0580
A	123	ARG	-0.1504	2.9224	-0.9906	1.8928	-2.3475	1.1774
A	124	ASN	-0.5298	0.1919	-0.2461	0.3487	-0.3017	0.4690
A	126	LYS	-0.5579	2.7877	0.4962	0.3588	-0.1731	1.0755
A	127	PRO	-0.3436	0.2020	0.2279	0.0916	-0.1254	0.1540
A	134	GLU	-1.1448	0.5898	-0.8127	1.6563	0.8068	0.6334
A	137	PHE	2.0878	0.1950	1.9273	0.0929	1.9585	0.2352
A	138	LEU	-0.4993	1.3611	0.2071	1.5966	0.6413	0.4638
A	139	PRO	-0.6002	0.0207	-0.5100	0.1452	-0.5065	0.2476
A	140	ARG	2.3038	1.1929	2.2125	1.1391	0.9342	2.0166
A	141	GLU	1.0495	0.1524	-0.2852	0.1368	0.5460	0.6307
A	142	ASP	0.0986	1.5907	-0.1924	1.1855	-0.1263	1.7367
A	143	HIE	-0.9576	0.1467	-0.9381	0.1742	-0.8467	0.1556
A	144	LEU	1.7227	1.1914	0.9545	0.0251	-0.3289	1.1385
A	145	PHE	0.8200	0.6136	1.6790	0.0646	-1.5736	0.0689
A	146	ARG	1.6574	1.2236	2.9748	0.0348	-1.0113	0.0995
A	147	LYS	2.2387	1.1513	1.7520	1.0845	1.5816	1.1409
A	148	PHE	0.1833	1.7824	0.3641	1.8723	1.6104	0.0350
A	149	HIE	-0.3583	0.7405	-0.3296	0.9805	-0.3322	0.4779
A	150	TYR	0.0409	1.1635	-0.3567	1.7935	0.7179	1.7085
A	151	LEU	1.2386	0.0734	1.2936	0.2839	1.1707	0.0946
A	152	PRO	0.1537	0.3150	0.1867	0.5628	-0.2846	0.3065
A	153	PHE	-0.5020	0.6032	-0.0080	1.7615	-0.0528	1.8519
A	154	LEU	1.0068	0.1111	0.8422	1.1682	0.4998	0.8355
A	155	PRO	0.0833	0.2320	-0.0784	0.5010	0.2271	0.2966
A	158	GLU	1.3263	1.0474	1.1276	1.5403	-0.9096	1.4373
A	159	ASP	0.8233	1.6539	0.4742	1.7676	0.0242	0.8892
A	161	TYR	-1.0336	0.7532	-1.5815	0.0427	1.5258	0.1543
A	162	ASP	-0.4502	1.0534	0.2360	0.5135	-0.0915	0.5095
A	164	ARG	-0.2969	1.1072	-0.0220	2.9631	1.6487	1.1171
A	166	GLU	0.9455	2.0064	0.3172	1.0895	1.6596	1.2276
A	167	HIE	0.3402	1.2558	1.2076	0.1243	1.0961	0.2419
A	168	TRP	1.2088	0.2696	1.1110	0.1473	1.0772	0.1024
A	170	LEU	1.0813	0.8180	0.1350	1.3616	0.6067	1.9348
A	171	ASP	0.3515	0.6362	-0.1706	0.6606	-0.0158	0.9808
A	172	GLU	1.8757	1.3522	1.7474	2.2724	1.5783	1.2914
A	173	PRO	0.1437	0.2574	-0.1451	0.0464	0.0638	0.1786
A	174	LEU	1.8722	1.8538	1.8442	0.7993	1.2083	0.9255
A	175	LEU	1.8161	1.0433	1.7775	0.6439	1.0380	1.1341
A	176	LYS	0.8260	0.8539	0.9918	0.3663	0.9928	0.4208
A	177	HIP	1.1843	0.0289	1.1666	0.1384	1.2282	0.0695
A	178	TRP	1.5907	0.1479	1.6417	0.0768	1.7585	0.0292
A	179	GLU	-2.0220	0.9550	-0.2773	3.0528	-0.2505	2.3350
A	180	PHE	-0.8828	0.6003	-0.1317	1.0778	-0.2096	0.4346
A	181	ASP	-1.1680	0.6235	-0.2211	0.7339	0.4419	0.8689
A	183	PRO	-0.1831	0.0508	0.1732	0.0261	-0.2918	0.1493
B	4	ARG	-0.3392	2.3432	0.0717	1.9897	-0.3691	2.9902
B	5	PRO	-0.0897	0.1241	-0.1387	0.4765	-0.1358	0.2618
B	6	ARG	1.1119	0.0960	0.2025	0.8554	0.7952	1.3023
B	7	PHE	1.0446	0.5222	1.7974	0.2150	-1.5369	0.0970
B	8	LEU	1.0739	0.0583	1.0625	0.0454	0.6385	0.7795
B	9	TRP	-1.6609	0.1245	-1.5796	0.1282	-1.5647	0.1022
B	10	GLN	2.2098	1.1502	-0.3182	1.1592	0.9373	3.4031
B	11	LEU	0.3733	1.1164	0.4205	0.7570	0.9217	0.3554
B	12	LYS	0.3601	3.0837	-0.3486	1.1610	-0.2450	1.1493
B	13	PHE	-1.3294	0.7415	-1.6704	0.0945	1.6336	0.2312
B	14	GLU	-0.3705	2.3669	-1.0276	1.9930	0.2991	2.2829
B	16	HIP	-1.9358	0.3328	0.0373	0.6982	-1.0381	1.5675
B	17	PHE	-0.2239	1.3064	1.2579	0.4657	1.6643	0.0603
B	18	PHE	0.2210	1.1859	0.1110	0.5580	-0.1744	0.5712
B	19	ASN	-0.3742	0.8809	-0.7773	0.9432	-0.3856	0.3438
B	22	GLU	1.2826	1.3256	-0.8851	0.5151	-0.0002	1.7037
B	23	ARG	1.2016	1.7219	-1.0052	1.9448	-1.1125	1.0948
B	25	ARG	0.3203	1.1690	-2.1375	1.0463	0.3302	2.2969
B	26	LEU	0.5490	1.0109	1.2144	0.1325	2.2824	0.5601
B	27	LEU	0.8216	0.6651	1.3625	0.2871	1.6935	0.4311
B	28	GLU	-2.2803	1.1791	0.3764	3.1527	-0.3349	2.3588
B	29	ARG	2.9161	0.0518	0.4153	1.0347	0.3224	1.1517
B	31	ILE	1.4635	0.5826	2.3619	0.4718	2.1654	0.4674
B	32	TYR	1.3917	0.0919	1.2609	0.0877	1.3669	0.1736
B	33	ASN	-0.1697	0.0513	-0.2447	0.2112	-0.0661	0.2011
B	34	GLN	-0.2060	2.8371	-1.3060	1.5099	-0.2013	1.1628
B	35	GLU	0.5156	1.7821	-1.5414	1.3009	0.6546	1.0424
B	36	GLU	-0.4450	1.0677	-0.2716	1.1644	2.2367	1.1673
B	39	ARG	2.2759	1.1751	0.2540	2.1751	0.9085	1.9151
B	40	PHE	-0.1427	1.1773	-0.5392	0.9199	1.2447	0.5878
B	41	ASP	0.2513	0.5399	0.8222	0.8831	0.3421	0.5125
B	43	ASP	0.3087	0.4081	0.2196	0.1124	0.0367	1.2300
B	46	GLU	-1.0135	3.3487	1.0835	2.0206	1.6859	1.1741
B	47	TYR	-0.7567	0.6615	-1.4787	0.1010	1.6849	0.2307
B	48	ARG	-0.4507	1.1350	-0.6206	1.7165	-0.7718	2.0363
B	52	GLU	0.8684	1.4372	-0.1663	0.2748	-0.5436	0.9212
B	53	LEU	1.1172	0.1530	0.6592	0.9045	-0.2669	0.0841
B	55	ARG	1.5133	2.6178	0.5344	2.1477	0.7278	1.4447
B	56	PRO	0.6220	0.0717	0.4476	0.2416	0.3226	0.2474
B	57	ASP	1.0560	0.2806	-1.1403	0.2036	-0.9854	0.2091
B	59	GLU	-1.2556	3.0907	-0.0216	0.8271	-0.3749	1.2595
B	60	TYR	-0.9726	1.0588	-0.7824	0.5293	0.1978	1.0703
B	61	TRP	-0.7009	0.1290	-0.5572	0.0916	-0.4004	0.1846
B	62	ASN	0.4438	0.6227	0.9914	0.2055	0.4963	0.7190
B	64	GLN	-0.1896	1.4202	1.2734	0.8414	-1.2439	0.8148
B	65	LYS	0.3670	1.2604	-0.1560	1.3792	0.3034	1.3163
B	66	ASP	-1.0567	0.0522	-0.2803	0.3954	-0.4773	1.2440
B	67	LEU	1.3916	1.3613	1.1104	0.5844	1.2248	0.0586
B	68	LEU	1.4067	0.3904	1.1823	0.0439	1.0583	0.0406
B	69	GLU	-0.6670	0.3447	0.2509	1.2865	1.1904	0.1013
B	70	GLN	1.3941	0.3502	1.9441	0.3026	0.9364	1.6945
B	71	ARG	-0.4825	1.0578	-0.0970	0.9957	0.4037	1.0856
B	72	ARG	1.6352	1.0989	1.1673	1.6845	-2.2784	1.1989
B	76	ASP	-0.6855	1.1309	-0.8520	1.4753	-0.5890	0.6510
B	78	TYR	1.3194	0.0564	1.1576	0.0543	-1.2246	0.0430
B	80	ARG	0.7042	1.3735	1.6474	1.3310	-0.5630	1.2851
B	81	HIP	0.7428	0.1623	0.0106	0.3442	0.0504	1.2823
B	82	ASN	-0.0238	0.1232	0.0000	0.0000	-0.2081	0.1351
B	83	TYR	-0.2388	0.8910	-0.5756	1.4447	0.6631	1.2024
B	87	GLU	-0.0881	1.9365	0.7698	2.3750	-1.7229	0.7453
B	89	PHE	-0.8962	0.4765	0.3357	1.7463	-0.5469	1.7849
B	92	GLN	-1.9194	1.0388	-0.1816	1.4597	-0.0223	2.5931
B	93	ARG	0.3786	2.1991	1.4123	1.6697	-0.7508	0.8533
B	94	ARG	-2.0826	0.9979	-1.3947	2.6882	0.9341	1.7722
B	96	GLU	-1.3552	0.3709	1.2683	1.5616	-0.5829	1.0443
B	97	PRO	0.4852	0.0767	-0.1850	0.2785	0.1951	0.0645
B	98	LYS	1.5418	0.8829	0.8058	0.7579	1.3475	1.0721
B	102	TYR	-0.2553	1.1273	-0.0318	0.7530	-0.1795	1.6132
B	103	PRO	-0.5473	0.0998	-0.5907	0.0569	-0.5594	0.0285
B	105	LYS	-0.5846	1.1163	-1.4158	2.2252	0.3903	0.1856
B	107	GLN	-2.3882	0.6631	-0.5072	1.6538	-0.4121	0.5339
B	108	PRO	0.1705	0.3340	0.0473	0.2378	0.2071	0.0809
B	109	LEU	0.8309	0.3224	0.6894	1.7157	0.5377	1.3514
B	110	GLN	-0.8490	1.7021	-1.4675	0.9061	0.0593	0.4828
B	111	HIP	-0.7992	0.4987	0.3167	0.4008	0.0982	0.2675
B	112	HIE	0.4214	0.5134	0.0926	1.2253	0.4917	0.5685
B	113	ASN	-0.1923	0.7836	-0.7918	0.1904	-1.2890	0.6955
B	114	LEU	0.9611	1.1085	1.6868	0.5863	0.9117	1.0616
B	115	LEU	1.1813	0.1357	1.2470	0.0760	1.1592	0.0358
B	122	PHE	-0.8144	0.5057	-1.5108	0.0401	1.6593	0.0831
B	123	TYR	1.6616	0.1876	1.6882	0.0149	1.6352	0.0268
B	124	PRO	-0.3886	0.2078	-0.6300	0.1020	-0.3850	0.4556
B	127	ILE	1.4565	1.6245	1.9991	0.9818	2.2430	0.0214
B	128	GLU	0.1433	1.8584	0.7881	0.3324	-1.8655	1.0754
B	130	ARG	-0.9927	2.0316	-0.8367	0.2809	0.4621	2.8731
B	131	TRP	1.9334	0.0525	1.9069	0.2323	1.8785	0.1754
B	132	PHE	0.0688	1.3459	-0.8262	0.0799	-0.9552	1.2871
B	133	ARG	1.0136	2.0187	1.0455	1.9825	0.9848	1.9698
B	134	ASN	-0.0264	0.4495	-0.7432	0.2941	-0.0790	0.1254
B	136	GLN	0.9389	2.1159	-0.6963	1.0324	-1.6897	0.1091
B	137	GLU	0.3027	3.0464	-1.6798	1.1666	-0.5466	2.1796
B	138	GLU	0.3241	0.8128	-0.0192	0.8707	0.0960	1.2917
B	139	LYS	0.0497	0.9850	-0.1014	0.5928	0.3071	0.6625
B	147	LEU	1.2651	0.1220	1.3878	0.3129	1.1613	0.8069
B	148	ILE	1.3835	1.3002	1.3476	2.0926	2.0791	0.9805
B	149	GLN	-0.6770	0.2848	-1.1006	1.5764	-2.4227	0.5229
B	150	ASN	-0.1969	0.1469	-0.3826	0.2116	-0.4987	0.1670
B	152	ASP	-0.5700	1.4817	-1.9272	0.7519	0.3631	0.6787
B	153	TRP	1.2844	0.1213	1.4581	0.1152	1.1767	0.1280
B	155	PHE	0.2783	1.5618	0.8816	1.3145	-1.6787	0.1511
B	156	GLN	-1.3370	1.5179	-0.9800	1.7851	-0.3123	1.6974
B	158	LEU	1.3363	0.9966	2.3286	0.5994	2.6275	0.2385
B	160	MET	0.2830	1.5637	-0.2911	1.0686	0.3041	0.9697
B	161	LEU	1.0357	0.0710	1.0680	0.1141	0.8541	0.4950
B	162	GLU	-1.6271	1.1528	-2.3492	1.2374	0.1976	1.2400
B	165	PRO	-0.3849	0.4279	-0.1551	0.3411	-0.3806	0.1990
B	166	ARG	0.3568	1.1108	0.7495	0.3837	0.9462	1.9602
B	169	GLU	-0.4638	0.8186	-1.3720	0.4138	0.0004	0.5527
B	171	TYR	-1.5320	0.2076	-1.6035	0.0320	-1.7215	0.0959
B	174	GLN	-0.3159	1.1116	0.3124	2.9579	-1.6409	1.0671
B	176	GLU	1.3723	2.6090	0.3094	2.3779	-0.3760	1.1703
B	177	HIE	-1.6298	0.0356	-1.6481	0.0592	-1.6084	0.2725
B	178	PRO	0.3908	0.3334	0.4090	0.1542	0.0010	0.5175
B	183	PRO	0.2753	0.5259	0.1165	0.0011	0.1849	0.0499
B	184	LEU	1.4287	0.8959	0.8607	0.5337	2.2958	0.4343
B	187	GLU	-0.8354	0.3593	0.3308	1.1685	-1.0069	0.1313
B	188	TRP	1.3849	0.0760	1.5067	0.0621	1.3798	0.0698
B	189	ARG	-0.2563	2.1997	0.9802	1.9526	-0.9890	1.9126
C	102	LYS	-0.8853	1.9541	0.5070	2.1338	1.2187	1.6231
C	103	PRO	-0.2669	0.3600	-0.1924	0.4979	-0.0431	0.2729
C	106	LYS	0.1308	0.9955	-0.9425	0.0880	-0.3366	1.2027
C	107	TRP	-1.5698	0.0070	-1.6441	0.2424	-1.5534	0.0720
C	108	ARG	-0.6671	0.5455	-2.3804	0.0652	1.0615	0.6090
C	109	MET	0.2047	2.3008	1.0316	0.0853	0.2599	1.0601
C	112	PRO	-0.2573	0.5832	-0.3168	0.2520	-0.3369	0.4706
C	113	LEU	-1.6443	2.3341	0.2859	2.9869	-0.0565	1.6501
C	114	LEU	1.4324	0.3515	1.6073	0.5149	1.1310	0.1051
C	115	MET	0.3173	1.0950	0.8472	2.2623	0.5498	0.7793
C	116	GLN	0.0627	0.6713	-0.7632	1.6258	-1.2996	0.3601
C	118	LEU	1.9023	0.7158	1.9812	0.7187	0.3722	2.0301
C	119	PRO	-0.1278	0.0764	-0.1142	0.3066	0.1904	0.5119
C	120	MET	-0.2570	0.6667	-0.0527	0.4118	-0.1372	1.0029
