seg	res	rnm	bN82A.pcca2	bN82A.pcca2	WT.pcca2	WT.pcca2	lsdm	sdiff	score	pval
			mf	sf	mf	sf				
A	21	GLH	1.6540	1.1688	-0.9866	0.0524	1	0.3006	2.2569	0.0240
A	35	ASP	1.4413	0.7463	-0.4232	0.4847	1	0.0848	2.0953	0.0361
A	81	PRO	-0.5873	0.0545	0.0299	0.2334	1	-0.1378	-2.5750	0.0100
A	127	PRO	0.2279	0.0916	-0.3436	0.2020	1	0.1278	2.5762	0.0100
A	141	GLU	-0.2852	0.1368	1.0495	0.1524	1	-0.9251	-6.5172	0.0000
A	183	PRO	0.1732	0.0261	-0.1831	0.0508	1	0.2421	6.2417	0.0000
B	16	HIP	0.0373	0.6982	-1.9358	0.3328	1	0.4262	2.5510	0.0107
B	29	ARG	0.4153	1.0347	2.9161	0.0518	1	-0.4289	-2.4140	0.0158
B	57	ASP	-1.1403	0.2036	1.0560	0.2806	1	-1.5029	-6.3349	0.0000
B	78	TYR	1.1576	0.0543	1.3194	0.0564	1	-0.0052	-2.0667	0.0388
B	97	PRO	-0.1850	0.2785	0.4852	0.0767	1	-0.0926	-2.3205	0.0203
C	108	ARG	-2.3804	0.0652	-0.6671	0.5455	1	-0.6145	-3.1186	0.0018
