seg	res	rnm	aT41A.pcca1	aT41A.pcca1	bN82A.pcca2	bN82A.pcca2	lsdm	sdiff	score	pval
			mf	sf	mf	sf				
A	9	GLN	-0.9535	0.0434	-2.9839	0.0347	1	1.9193	36.5406	0.0000
A	13	TYR	-1.6593	0.0258	1.5509	0.1375	1	-2.9305	-22.9545	0.0000
A	35	ASP	-0.3049	0.1527	1.4413	0.7463	1	-0.2227	-2.2924	0.0219
A	84	ASN	0.0746	0.0058	0.3135	0.1134	1	-0.0117	-2.1029	0.0355
A	145	PHE	-1.5736	0.0689	1.6790	0.0646	1	-3.0637	-34.4386	0.0000
A	146	ARG	-1.0113	0.0995	2.9748	0.0348	1	-3.7752	-37.8171	0.0000
A	161	TYR	1.5258	0.1543	-1.5815	0.0427	1	2.7870	19.4066	0.0000
A	183	PRO	-0.2918	0.1493	0.1732	0.0261	1	-0.1619	-3.0686	0.0022
B	7	PHE	-1.5369	0.0970	1.7974	0.2150	1	-2.8626	-14.1370	0.0000
B	13	PHE	1.6336	0.2312	-1.6704	0.0945	1	2.8045	13.2274	0.0000
B	47	TYR	1.6849	0.2307	-1.4787	0.1010	1	2.6599	12.5607	0.0000
B	64	GLN	-1.2439	0.8148	1.2734	0.8414	1	-0.1749	-2.1493	0.0316
B	68	LEU	1.0583	0.0406	1.1823	0.0439	1	-0.0043	-2.0718	0.0383
B	78	TYR	-1.2246	0.0430	1.1576	0.0543	1	-2.2437	-34.3811	0.0000
B	122	PHE	1.6593	0.0831	-1.5108	0.0401	1	2.9856	34.3700	0.0000
B	128	GLU	-1.8655	1.0754	0.7881	0.3324	1	-0.4024	-2.3575	0.0184
B	134	ASN	-0.0790	0.1254	-0.7432	0.2941	1	0.0248	2.0776	0.0377
B	152	ASP	0.3631	0.6787	-1.9272	0.7519	1	0.2644	2.2611	0.0238
B	184	LEU	2.2958	0.4343	0.8607	0.5337	1	0.0589	2.0855	0.0370
C	108	ARG	1.0615	0.6090	-2.3804	0.0652	1	2.2171	5.6199	0.0000
