rgn	WT.pcca2	WT.pcca2	bN82A.pcca2	bN82A.pcca2	aT41A.pcca1	aT41A.pcca1
	mf	sf	mf	sf	mf	sf
a1_0	1.0403	0.2799	1.1384	0.2189	1.0074	0.2431
a1_1	0.3370	0.2135	0.6508	0.1341	0.8267	0.0370
a1_10	0.5979	0.4640	0.6918	0.4076	0.7582	0.4538
a1_11	1.0185	0.2400	1.0447	0.0896	0.9798	0.1430
a1_12	1.1610	0.3418	0.7601	0.0729	0.9203	0.1665
a1_13	0.4335	0.0389	0.3926	0.2668	0.3495	0.1652
a1_14	1.2155	0.3387	1.1320	0.1791	1.0105	0.3560
a1_15	0.7862	0.2791	0.9431	0.0962	0.7924	0.0833
a1_16	1.0965	0.1184	1.3523	0.1013	1.1548	0.0638
a1_17	1.0184	0.1269	1.2164	0.1886	1.0432	0.1173
a1_18	0.9907	0.2189	1.1962	0.1988	1.1198	0.1164
a1_19	0.9970	0.2557	0.9752	0.3634	0.8950	0.2192
a1_2	1.8291	0.1026	1.7864	0.1300	1.7472	0.3227
a1_20	1.0532	0.1017	1.2077	0.1866	1.0178	0.1188
a1_21	1.1215	0.1629	0.9663	0.1352	0.9906	0.0342
a1_22	1.1647	0.1848	0.9542	0.2300	1.1660	0.1104
a1_23	1.0204	0.3001	1.0782	0.0935	1.3887	0.2093
a1_24	1.3091	0.1334	1.4010	0.2131	1.4785	0.1553
a1_25	1.0236	0.1312	1.1002	0.2110	1.0898	0.0632
a1_26	0.5134	0.1703	0.8243	0.1649	0.9467	0.1114
a1_27	1.1069	0.0335	0.8272	0.1204	0.9741	0.1688
a1_3	1.1328	0.0065	1.1955	0.0776	1.0553	0.1178
a1_4	1.1609	0.4666	1.3230	0.2051	1.1650	0.1042
a1_5	1.8374	0.2268	1.6886	0.0626	1.7650	0.1463
a1_6	1.4070	0.3887	1.3703	0.2125	1.3433	0.1390
a1_7	1.7597	0.2330	1.6621	0.0827	1.7817	0.0304
a1_8	1.1762	0.0726	0.9546	0.3030	1.3405	0.1733
a1_9	1.3927	0.0424	1.3289	0.2431	1.3183	0.1767
a2_0	0.8905	0.1371	0.5446	0.0834	0.8906	0.2275
a2_1	1.3697	0.0806	1.1655	0.3865	0.9996	0.0288
a2_10	1.2193	0.1449	1.3134	0.0749	1.0595	0.1448
a2_11	0.7503	0.2511	0.8574	0.1189	0.6135	0.0488
a2_12	1.0910	0.1139	1.4388	0.4316	1.2795	0.1771
a2_13	0.6569	0.3722	1.1304	0.1810	0.7997	0.0834
a2_14	0.9940	0.4677	0.7628	0.3638	0.8013	0.1976
a2_15	1.3306	0.4617	1.0692	0.2255	1.3106	0.3638
a2_16	0.8345	0.1939	0.5264	0.1057	0.6174	0.2622
a2_17	0.7533	0.1907	0.5778	0.1455	0.8343	0.2461
a2_18	0.6160	0.0332	0.8514	0.0922	0.5888	0.1032
a2_19	1.6484	0.2514	1.7198	0.1259	1.6403	0.2999
a2_2	0.9362	0.3435	1.0894	0.0395	1.3719	0.3006
a2_20	1.1529	0.2256	1.2876	0.0700	1.0917	0.2055
a2_21	1.8553	0.2343	1.7095	0.5547	1.5680	0.0566
a2_22	1.2888	0.2629	1.2170	0.1060	1.4249	0.1758
a2_23	0.7251	0.1264	0.7560	0.1463	0.7533	0.1334
a2_24	1.2741	0.1659	1.2158	0.3168	1.3063	0.2191
a2_25	0.5011	0.1749	0.4841	0.1275	0.3485	0.1342
a2_26	1.1257	0.2452	1.1287	0.2483	1.1891	0.2990
a2_27	0.7093	0.3330	0.5763	0.1414	0.5061	0.3793
a2_28	0.9768	0.1166	0.7827	0.2264	0.9922	0.0589
a2_29	0.9267	0.3019	0.9281	0.1317	1.0671	0.2913
a2_3	1.3248	0.1819	1.3162	0.4831	1.1962	0.2115
a2_30	1.5620	0.0441	1.5417	0.1758	1.5302	0.0169
a2_31	1.5000	0.2390	1.4653	0.1685	1.2628	0.2251
a2_32	0.4903	0.0799	1.0511	0.6832	1.1163	0.4757
a2_4	1.3483	0.1691	1.4064	0.1128	1.1802	0.0972
a2_5	1.2015	0.1901	1.1019	0.2123	1.0541	0.2389
a2_6	0.7341	0.2466	0.6049	0.0625	0.4089	0.1550
a2_7	1.6798	0.1802	1.5749	0.2835	1.4152	0.1896
a2_8	1.5754	0.1003	1.3583	0.1362	1.6927	0.3355
a2_9	0.9973	0.2262	0.7727	0.2533	1.0196	0.0992
b1_0	0.7993	0.3035	0.8421	0.0927	0.9986	0.4044
b1_1	1.0640	0.0896	0.8243	0.1128	1.0784	0.1313
b1_10	1.0229	0.3082	1.0556	0.1790	1.3135	0.4505
b1_11	1.1396	0.0817	1.2599	0.0386	1.3059	0.1083
b1_12	1.2738	0.1102	1.2438	0.1804	1.0747	0.1939
b1_13	0.8151	0.3805	0.9432	0.1714	0.7528	0.1664
b1_14	1.3368	0.1422	1.2323	0.0415	1.4321	0.2638
b1_15	0.6159	0.1521	0.7214	0.1391	0.8198	0.2543
b1_16	0.7770	0.2531	1.1478	0.1800	1.1209	0.3505
b1_17	1.2178	0.0328	1.5545	0.2185	1.4178	0.2697
b1_18	1.1339	0.2811	0.9051	0.2610	0.7795	0.3145
b1_19	0.7420	0.2592	0.4916	0.2518	0.6901	0.2987
b1_2	1.2719	0.1151	1.4021	0.0753	1.0629	0.0932
b1_20	1.0063	0.2309	0.9186	0.2625	1.0783	0.4300
b1_21	0.9587	0.4036	1.1574	0.1539	0.9061	0.1337
b1_22	0.8886	0.1275	1.0208	0.0979	1.0566	0.4562
b1_23	1.7597	0.2876	1.3987	0.3477	1.0962	0.3022
b1_24	0.7469	0.1524	0.4387	0.3191	0.9874	0.2826
b1_25	1.2903	0.0680	0.9486	0.0828	1.1106	0.1798
b1_26	1.4475	0.2520	0.9543	0.2311	0.7514	0.2866
b1_27	0.9338	0.2738	0.8354	0.2217	1.2953	0.2013
b1_28	0.7953	0.2611	0.8476	0.1016	1.0976	0.2191
b1_29	0.7411	0.3160	0.7196	0.2394	1.0141	0.0977
b1_3	0.5123	0.2841	0.5281	0.0686	1.0718	0.3042
b1_4	1.0867	0.2325	1.0580	0.2510	1.2793	0.1228
b1_5	1.1668	0.1205	1.4796	0.0901	1.4928	0.1927
b1_6	1.0096	0.3949	1.3935	0.5092	1.1197	0.3784
b1_7	0.6546	0.1380	0.9047	0.2692	0.9371	0.1544
b1_8	0.8666	0.1543	0.9141	0.3291	1.1736	0.1023
b1_9	1.9124	0.4352	1.8449	0.2613	1.7873	0.3614
b2_0	0.9915	0.1149	1.0630	0.1740	1.1462	0.1721
b2_1	0.9540	0.4671	0.9233	0.2679	0.9994	0.1932
b2_10	0.7189	0.0744	0.8447	0.2537	0.8562	0.2363
b2_11	0.9546	0.1469	1.1803	0.1993	1.2565	0.1245
b2_12	1.0146	0.1102	0.9566	0.2514	1.0987	0.2218
b2_13	1.4162	0.2761	1.4489	0.2749	1.6513	0.1648
b2_14	0.9743	0.3445	0.6143	0.4447	0.7921	0.4295
b2_15	0.8984	0.3534	1.1211	0.1142	0.9804	0.3918
b2_16	0.9916	0.4752	0.8940	0.3141	1.1221	0.4159
b2_17	0.8154	0.1652	0.5117	0.1880	0.3378	0.0701
b2_18	1.0442	0.0519	0.6720	0.1956	0.7188	0.1761
b2_19	1.1104	0.2511	1.5671	0.0971	1.2480	0.1360
b2_2	1.8671	0.4342	1.9028	0.3541	1.7280	0.4584
b2_20	1.1202	0.3135	1.2144	0.1667	1.2853	0.1549
b2_21	1.9023	0.3203	1.7737	0.0971	1.5565	0.0863
b2_22	1.2135	0.1738	1.1477	0.2825	1.1629	0.2174
b2_23	0.6806	0.2351	0.6861	0.0336	0.6101	0.1759
b2_24	0.9025	0.3513	0.7215	0.2474	0.6810	0.1646
b2_25	0.5225	0.2674	0.5002	0.1889	0.5272	0.1243
b2_26	0.9126	0.0928	0.7561	0.2140	0.9421	0.1276
b2_27	1.2703	0.2780	1.3917	0.2169	1.3585	0.1956
b2_28	1.0404	0.0892	1.1332	0.2185	1.1290	0.2538
b2_29	1.2014	0.0821	0.9723	0.2014	1.3201	0.1444
b2_3	1.3579	0.1874	1.1836	0.1358	1.2844	0.1244
b2_30	1.0130	0.1095	1.0228	0.1165	1.1312	0.1730
b2_31	1.0678	0.0338	0.9931	0.1219	1.3268	0.3802
b2_4	1.1031	0.4118	1.2132	0.1663	1.1706	0.1451
b2_5	1.1314	0.1978	1.5077	0.2883	1.1397	0.2983
b2_6	1.8828	0.1921	1.7127	0.1812	2.0425	0.2216
b2_7	0.4359	0.1828	0.5931	0.1835	0.8565	0.3349
b2_8	1.2175	0.0080	1.2389	0.1272	1.5730	0.2666
b2_9	0.8872	0.0733	0.8817	0.1462	1.0072	0.1159
c2_0	1.3047	0.3880	1.0262	0.1856	1.1342	0.5782
c2_1	0.7919	0.3553	0.5639	0.1479	0.9102	0.1986
c2_2	0.6480	0.2140	0.8935	0.0567	0.5078	0.2054
c2_3	0.4121	0.1555	0.6980	0.0725	0.6183	0.0280
c2_4	0.3763	0.1174	0.4419	0.2029	0.8517	0.2057
c2_5	1.1132	0.1975	0.7775	0.3454	1.4840	0.3714
c2_6	0.9177	0.3791	1.0166	0.3165	1.1394	0.4497
