rgn1	rgn2	aT41A.pcca1	aT41A.pcca1	WT.pcca2	WT.pcca2	lsdm	sdiff	score	pval
		mf	sf	mf	sf				
a1_1	a2_0	-0.0362	0.0558	0.1120	0.0198	1	-0.0299	-2.5061	0.0122
a1_1	a2_17	-0.3729	0.0639	0.0831	0.2032	1	-0.0300	-2.1407	0.0323
a1_10	a2_5	-0.0244	0.0460	0.1568	0.0633	1	-0.0248	-2.3166	0.0205
a1_10	b1_16	0.0676	0.0433	-0.1167	0.0596	1	0.0369	2.5005	0.0124
a1_10	b1_29	-0.0259	0.0240	0.1467	0.0674	1	-0.0295	-2.4123	0.0159
a1_10	b2_28	-0.0599	0.0111	0.0930	0.0548	1	-0.0409	-2.7319	0.0063
a1_11	b1_23	0.0282	0.0307	-0.2425	0.0795	1	0.1001	3.1746	0.0015
a1_12	a1_12	0.3022	0.2000	-0.2662	0.0846	1	0.1340	2.6171	0.0089
a1_12	a2_14	-0.2542	0.1169	0.1759	0.1374	1	-0.0694	-2.3845	0.0171
a1_12	a2_28	-0.3572	0.1132	0.0468	0.1551	1	-0.0198	-2.1032	0.0354
a1_12	b2_24	0.2215	0.1054	-0.0742	0.0993	1	0.0060	2.0415	0.0412
a1_12	c2_0	0.7131	0.0673	0.0066	0.0343	1	0.5554	9.3513	0.0000
a1_13	a2_25	-0.1009	0.0646	0.0871	0.0217	1	-0.0516	-2.7572	0.0058
a1_13	b2_27	0.1059	0.0522	-0.0686	0.0528	1	0.0262	2.3525	0.0186
a1_13	c2_4	0.0582	0.0391	-0.0842	0.0236	1	0.0510	3.1158	0.0018
a1_14	a2_0	-0.1951	0.0348	0.1241	0.0819	1	-0.1412	-3.5870	0.0003
a1_14	a2_24	0.2823	0.1157	-0.1002	0.0206	1	0.1475	3.2552	0.0011
a1_14	a2_26	-0.1331	0.0333	0.2405	0.1334	1	-0.0987	-2.7179	0.0066
a1_15	b1_2	-0.1753	0.0324	0.1546	0.0671	1	-0.1810	-4.4295	0.0000
a1_16	a2_25	-0.0203	0.0278	0.2242	0.0946	1	-0.0472	-2.4783	0.0132
a1_16	b1_20	0.0577	0.0439	-0.2262	0.1134	1	0.0407	2.3342	0.0196
a1_17	a2_0	0.0375	0.1594	0.4789	0.1448	1	-0.0108	-2.0502	0.0403
a1_17	b1_19	0.0053	0.1418	-0.3308	0.0432	1	0.0396	2.2672	0.0234
a1_17	b1_3	0.0071	0.0677	0.2984	0.0611	1	-0.1089	-3.1941	0.0014
a1_17	b2_18	-0.0340	0.0794	0.3775	0.0422	1	-0.2317	-4.5757	0.0000
a1_18	a2_0	0.1832	0.0548	-0.1289	0.0158	1	0.1980	5.4679	0.0000
a1_18	a2_26	0.3411	0.2040	-0.2698	0.1263	1	0.1311	2.5462	0.0109
a1_18	b1_19	0.3009	0.0710	0.1171	0.0389	1	0.0219	2.2704	0.0232
a1_18	b2_24	0.2036	0.1102	-0.1354	0.0838	1	0.0621	2.4486	0.0143
a1_19	b2_29	0.1618	0.0596	-0.2158	0.1400	1	0.0733	2.4820	0.0131
a1_20	a2_7	-0.0294	0.0247	-0.1791	0.0607	1	0.0186	2.2838	0.0224
a1_20	b1_21	-0.0088	0.0193	0.1056	0.0057	1	-0.0742	-5.6898	0.0000
a1_20	b1_28	-0.0506	0.0483	0.2061	0.1107	1	-0.0153	-2.1266	0.0335
a1_20	b2_16	0.0763	0.0671	-0.2055	0.1131	1	0.0188	2.1429	0.0321
a1_21	b2_19	-0.1551	0.0489	0.1893	0.1271	1	-0.0720	-2.5284	0.0115
a1_22	a1_22	0.4675	0.2206	-0.1868	0.1325	1	0.1396	2.5424	0.0110
a1_22	b1_25	-0.4241	0.1266	0.0098	0.1578	1	-0.0293	-2.1448	0.0320
a1_22	b2_8	-0.4745	0.2771	0.1813	0.1571	1	-0.0185	-2.0582	0.0396
a1_23	b1_3	0.1634	0.0358	-0.0834	0.0428	1	0.1352	4.4226	0.0000
a1_24	a2_20	0.2804	0.0932	-0.2265	0.1100	1	0.2186	3.5165	0.0004
a1_25	a1_26	0.1144	0.0612	-0.2412	0.1203	1	0.0856	2.6340	0.0084
a1_25	b1_21	0.0492	0.0706	-0.2168	0.1056	1	0.0120	2.0944	0.0362
a1_26	a2_12	0.0125	0.0618	-0.2460	0.0777	1	0.0599	2.6032	0.0092
a1_26	a2_23	-0.1920	0.0153	0.0269	0.0742	1	-0.0673	-2.8887	0.0039
a1_26	c2_0	0.2679	0.0656	0.0468	0.0712	1	0.0275	2.2837	0.0224
a1_3	a1_11	0.1271	0.1292	-0.2887	0.1413	1	0.0329	2.1716	0.0299
a1_3	b2_17	0.2805	0.1298	-0.2245	0.1011	1	0.1760	3.0695	0.0021
a1_3	b2_21	-0.1335	0.1127	0.1870	0.0930	1	-0.0283	-2.1934	0.0283
a1_4	a1_22	-0.5361	0.0568	0.0894	0.0931	1	-0.4073	-5.7343	0.0000
a1_4	a2_5	-0.1595	0.1083	0.1544	0.0743	1	-0.0513	-2.3910	0.0168
a1_4	b1_15	-0.3203	0.1263	0.0884	0.1392	1	-0.0329	-2.1753	0.0296
a1_4	b1_25	0.4441	0.1590	0.0285	0.0910	1	0.0491	2.2682	0.0233
a1_4	b1_29	-0.0970	0.0543	0.3178	0.1791	1	-0.0406	-2.2170	0.0266
a1_4	b1_8	0.0798	0.0744	-0.2096	0.0900	1	0.0558	2.4779	0.0132
a1_4	b1_9	-0.2991	0.0791	0.1310	0.0723	1	-0.2158	-4.0145	0.0001
a1_5	a1_20	0.0761	0.0387	-0.0839	0.0661	1	0.0067	2.0879	0.0368
a1_5	b2_22	0.1677	0.0802	-0.1168	0.0698	1	0.0718	2.6753	0.0075
a1_5	b2_24	0.1959	0.0143	0.0394	0.0665	1	0.0204	2.3004	0.0214
a1_5	b2_26	0.2278	0.0882	-0.1410	0.0259	1	0.1849	4.0109	0.0001
a1_5	b2_9	0.0957	0.0837	-0.1316	0.0543	1	0.0277	2.2780	0.0227
a1_6	b2_20	-0.0605	0.0421	0.0861	0.0225	1	-0.0510	-3.0686	0.0022
a1_6	b2_27	-0.0703	0.0509	0.1381	0.0236	1	-0.0961	-3.7109	0.0002
a1_7	b1_22	0.2073	0.0749	-0.1236	0.0951	1	0.0887	2.7326	0.0063
a1_8	a2_30	0.1409	0.2082	-0.3954	0.1279	1	0.0476	2.1949	0.0282
a1_8	b1_11	0.0070	0.1385	-0.3251	0.0262	1	0.0502	2.3565	0.0184
a1_8	b2_23	0.0094	0.0995	0.2886	0.0639	1	-0.0427	-2.3610	0.0182
a1_8	b2_31	-0.0686	0.0912	0.2523	0.1254	1	-0.0108	-2.0699	0.0385
a1_9	a1_9	0.4754	0.4061	-0.3536	0.0224	1	0.0156	2.0383	0.0415
a1_9	a2_4	-0.1991	0.0884	0.0844	0.0821	1	-0.0423	-2.3506	0.0187
a1_9	b1_5	-0.2839	0.1199	0.0936	0.0492	1	-0.1184	-2.9134	0.0036
a2_0	b1_7	-0.0892	0.0841	0.2860	0.1559	1	-0.0208	-2.1173	0.0342
a2_0	b2_25	0.3307	0.0781	-0.1479	0.0516	1	0.2915	5.1149	0.0000
a2_0	b2_7	0.2531	0.1463	-0.2611	0.1678	1	0.0688	2.3090	0.0209
a2_10	a2_16	-0.3399	0.2588	0.2367	0.0999	1	-0.0218	-2.0787	0.0376
a2_10	b2_9	0.1633	0.1705	-0.2478	0.0914	1	0.0242	2.1253	0.0336
a2_11	a2_19	0.0915	0.0636	-0.2670	0.0581	1	0.1862	4.1600	0.0000
a2_11	b1_28	-0.0527	0.1193	0.2680	0.0948	1	-0.0160	-2.1053	0.0353
a2_12	b1_2	0.1027	0.0690	-0.2925	0.0541	1	0.2199	4.5082	0.0000
a2_12	b1_21	0.0519	0.0232	-0.2879	0.0888	1	0.1562	3.7018	0.0002
a2_12	b2_1	-0.0726	0.0882	0.2981	0.0604	1	-0.1568	-3.4664	0.0005
a2_12	b2_13	0.1615	0.1616	-0.2330	0.0972	1	0.0172	2.0914	0.0365
a2_12	b2_28	0.0216	0.1214	0.3054	0.0519	1	-0.0197	-2.1488	0.0316
a2_13	a2_22	-0.2097	0.0338	0.1515	0.1773	1	-0.0003	-2.0018	0.0453
a2_14	c2_0	-0.3871	0.1705	0.0079	0.0207	1	-0.0515	-2.2998	0.0215
a2_15	a2_22	-0.0174	0.0128	0.2142	0.1150	1	-0.0002	-2.0014	0.0453
a2_15	a2_25	0.0126	0.0430	0.1448	0.0339	1	-0.0227	-2.4145	0.0158
a2_15	a2_26	-0.1168	0.0701	0.2707	0.0551	1	-0.2092	-4.3475	0.0000
a2_15	b2_24	-0.0418	0.0568	0.1351	0.0525	1	-0.0222	-2.2866	0.0222
a2_17	b1_20	-0.1907	0.0860	0.1504	0.1008	1	-0.0762	-2.5748	0.0100
a2_17	c2_0	-0.6179	0.2363	-0.0286	0.0357	1	-0.1112	-2.4653	0.0137
a2_18	a2_29	0.0159	0.0361	-0.1752	0.0762	1	0.0224	2.2657	0.0235
a2_18	b2_17	-0.1943	0.0902	0.1112	0.0456	1	-0.1033	-3.0222	0.0025
a2_18	b2_5	0.1028	0.0371	-0.1323	0.0894	1	0.0415	2.4283	0.0152
a2_19	b1_24	-0.0632	0.0372	-0.2457	0.0769	1	0.0116	2.1359	0.0327
a2_2	a2_15	0.0118	0.0416	-0.1528	0.0626	1	0.0143	2.1903	0.0285
a2_2	a2_32	-0.2343	0.0895	0.3484	0.0654	1	-0.3610	-5.2561	0.0000
a2_2	a2_4	0.0954	0.1117	-0.1380	0.0242	1	0.0049	2.0425	0.0411
a2_2	b1_9	0.2056	0.1229	-0.1089	0.0745	1	0.0271	2.1887	0.0286
a2_21	b1_13	-0.2237	0.1480	0.1852	0.0682	1	-0.0831	-2.5098	0.0121
a2_21	b2_15	0.2089	0.0189	-0.0538	0.1218	1	0.0163	2.1321	0.0330
a2_21	b2_16	0.1971	0.0590	-0.1954	0.1447	1	0.0799	2.5115	0.0120
a2_22	a2_25	-0.0818	0.0491	0.2324	0.1079	1	-0.0771	-2.6508	0.0080
a2_22	b1_19	0.3482	0.0288	-0.1178	0.2198	1	0.0226	2.1017	0.0356
a2_23	b1_3	0.1513	0.0794	-0.1561	0.0393	1	0.1302	3.4705	0.0005
a2_23	c2_0	-0.2981	0.1567	0.0362	0.0444	1	-0.0086	-2.0530	0.0401
a2_24	b2_0	0.2290	0.0797	-0.2705	0.2148	1	0.0412	2.1797	0.0293
a2_25	b1_5	-0.1278	0.0820	0.0944	0.0156	1	-0.0552	-2.6606	0.0078
a2_25	c2_0	-0.2462	0.1178	0.0174	0.0202	1	-0.0247	-2.2065	0.0274
a2_26	b2_25	0.4078	0.2228	-0.4171	0.1794	1	0.2529	2.8842	0.0039
a2_26	b2_7	0.0710	0.0550	-0.3454	0.0298	1	0.2913	6.6618	0.0000
a2_27	b2_10	-0.0624	0.0731	0.1301	0.0196	1	-0.0412	-2.5448	0.0109
a2_28	b2_14	-0.2160	0.0708	0.0432	0.0618	1	-0.0712	-2.7571	0.0058
a2_28	c2_0	-0.5642	0.1892	-0.0238	0.0362	1	-0.1551	-2.8054	0.0050
a2_29	b2_14	-0.1497	0.0130	0.0314	0.0809	1	-0.0173	-2.2108	0.0271
a2_29	c2_5	0.0613	0.0617	-0.1167	0.0488	1	0.0206	2.2613	0.0237
a2_3	a2_15	0.0298	0.0752	-0.1340	0.0238	1	0.0060	2.0764	0.0379
a2_3	b1_19	-0.1926	0.0885	0.2028	0.1660	1	-0.0192	-2.1020	0.0356
a2_30	a2_32	0.2737	0.3880	-0.7606	0.3402	1	0.0022	2.0043	0.0450
a2_30	b2_18	-0.0438	0.0821	0.4025	0.1356	1	-0.1292	-2.8149	0.0049
a2_30	b2_29	0.0816	0.1045	-0.4279	0.0907	1	0.2327	3.6820	0.0002
a2_32	b1_6	-0.3187	0.2048	0.3500	0.2336	1	-0.0474	-2.1524	0.0314
a2_4	a2_15	-0.0378	0.0702	0.1705	0.0688	1	-0.0117	-2.1187	0.0341
a2_4	a2_22	-0.1837	0.0362	0.2322	0.0876	1	-0.2264	-4.3891	0.0000
a2_5	a2_8	0.0613	0.0117	-0.1960	0.0937	1	0.0685	2.7252	0.0064
a2_5	b1_25	-0.1170	0.0934	0.1560	0.0392	1	-0.0703	-2.6940	0.0071
a2_5	b2_10	0.0040	0.0186	0.1659	0.0665	1	-0.0237	-2.3437	0.0191
a2_5	b2_8	-0.2085	0.1714	0.2526	0.0768	1	-0.0854	-2.4549	0.0141
a2_6	b1_16	-0.0832	0.1265	0.3359	0.1373	1	-0.0457	-2.2448	0.0248
a2_6	b1_23	0.0690	0.0627	0.3994	0.1318	1	-0.0384	-2.2632	0.0236
a2_7	b2_12	0.1181	0.0847	-0.1960	0.0770	1	0.0851	2.7435	0.0061
a2_9	a2_18	0.0942	0.0351	-0.0721	0.0549	1	0.0360	2.5527	0.0107
a2_9	b1_19	-0.2038	0.0743	0.0439	0.0582	1	-0.0590	-2.6252	0.0087
b1_0	b1_8	-0.0311	0.1036	0.3058	0.0760	1	-0.0800	-2.6227	0.0087
b1_0	b1_9	0.1843	0.1641	-0.2560	0.1133	1	0.0415	2.2079	0.0273
b1_0	b2_12	-0.3356	0.0748	0.2444	0.1292	1	-0.2815	-3.8858	0.0001
b1_10	b1_16	0.0717	0.0702	-0.2328	0.0873	1	0.0805	2.7193	0.0065
b1_11	b2_19	0.0221	0.0472	-0.3071	0.0913	1	0.1235	3.2012	0.0014
b1_12	b1_12	-0.2688	0.0134	-0.3450	0.0272	1	0.0156	2.5135	0.0120
b1_12	b2_5	-0.2316	0.1058	0.0994	0.0323	1	-0.1097	-2.9913	0.0028
b1_13	b1_24	-0.1644	0.0262	0.1442	0.0691	1	-0.1606	-4.1724	0.0000
b1_14	b1_21	-0.0770	0.0410	0.1718	0.0525	1	-0.1155	-3.7322	0.0002
b1_15	b2_30	0.1507	0.0497	-0.0994	0.0513	1	0.1074	3.5042	0.0005
b1_15	b2_6	0.2254	0.0785	-0.2074	0.1724	1	0.0538	2.2841	0.0224
b1_16	b2_14	-0.1112	0.0633	0.0985	0.0769	1	-0.0105	-2.1054	0.0353
b1_17	c2_0	0.3417	0.1719	-0.0076	0.0082	1	0.0052	2.0300	0.0424
b1_19	b2_21	0.2237	0.0493	0.0246	0.0816	1	0.0085	2.0889	0.0367
b1_20	c2_1	-0.1337	0.0710	0.0978	0.0863	1	-0.0081	-2.0723	0.0382
b1_21	b1_27	-0.0095	0.0282	0.1234	0.0464	1	-0.0242	-2.4462	0.0144
b1_21	b2_1	0.0134	0.0208	-0.2392	0.1129	1	0.0229	2.1993	0.0279
b1_22	b2_5	-0.2645	0.0175	-0.0064	0.1222	1	-0.0112	-2.0906	0.0366
b1_22	c2_1	-0.0703	0.0641	0.1213	0.0523	1	-0.0261	-2.3152	0.0206
b1_24	b2_16	0.1547	0.0820	-0.1995	0.1402	1	0.0294	2.1811	0.0292
b1_25	b2_11	-0.2694	0.0889	0.2043	0.1974	1	-0.0408	-2.1885	0.0286
b1_25	b2_5	0.3107	0.1418	-0.0493	0.0540	1	0.0564	2.3719	0.0177
b1_27	b2_15	0.0688	0.0288	-0.0629	0.0453	1	0.0243	2.4517	0.0142
b1_28	b2_9	-0.1897	0.1148	0.1948	0.1200	1	-0.0523	-2.3152	0.0206
b1_29	c2_5	-0.2618	0.0739	0.1228	0.1133	1	-0.1141	-2.8435	0.0045
b1_4	b2_17	-0.3912	0.0438	0.1779	0.1434	1	-0.2693	-3.7965	0.0001
b1_5	b1_11	-0.1277	0.0217	0.3056	0.0283	1	-0.3620	-12.1455	0.0000
b1_5	b2_23	0.2956	0.2555	-0.2629	0.0762	1	0.0253	2.0947	0.0362
b1_5	b2_9	0.1810	0.1008	-0.1506	0.0811	1	0.0729	2.5637	0.0104
b1_7	b2_7	0.0580	0.0720	-0.2402	0.0945	1	0.0606	2.5102	0.0121
b1_8	b2_22	-0.1031	0.0334	0.2195	0.0938	1	-0.1234	-3.2388	0.0012
b1_9	b2_17	-0.3197	0.1161	0.0022	0.0957	1	-0.0210	-2.1395	0.0324
b1_9	c2_4	0.1553	0.0870	-0.1447	0.0882	1	0.0523	2.4225	0.0154
b2_13	b2_28	0.0690	0.0811	-0.1276	0.0147	1	0.0317	2.3850	0.0171
b2_14	c2_0	0.6241	0.2485	-0.0203	0.0238	1	0.1451	2.5813	0.0098
b2_15	c2_3	-0.1880	0.0537	0.0562	0.0546	1	-0.0910	-3.1885	0.0014
b2_17	b2_17	0.4192	0.1613	-0.3303	0.0034	1	0.4269	4.6467	0.0000
b2_17	c2_2	-0.4644	0.2892	0.1724	0.0691	1	-0.0423	-2.1421	0.0322
b2_18	b2_31	0.0586	0.0290	-0.2305	0.0961	1	0.0884	2.8811	0.0040
b2_2	b2_19	-0.0006	0.0468	0.2344	0.0873	1	-0.0367	-2.3708	0.0178
b2_2	b2_30	-0.0754	0.1526	0.2627	0.0655	1	-0.0059	-2.0356	0.0418
b2_21	b2_24	0.1328	0.0436	-0.0644	0.0737	1	0.0260	2.3032	0.0213
b2_21	c2_2	0.2190	0.0281	-0.1205	0.0291	1	0.2586	8.3935	0.0000
b2_23	c2_2	0.2568	0.0437	-0.2535	0.1823	1	0.1355	2.7230	0.0065
b2_26	c2_4	-0.0921	0.0529	0.1348	0.0741	1	-0.0448	-2.4916	0.0127
b2_28	c2_0	0.2997	0.1158	-0.0175	0.0202	1	0.0820	2.6971	0.0070
b2_29	c2_0	0.2334	0.0885	-0.0305	0.0703	1	0.0378	2.3348	0.0196
c2_0	c2_0	0.0000	0.0000	-0.9705	0.0461	1	0.8783	21.0442	0.0000
c2_0	c2_1	-0.3281	0.1426	-0.0175	0.0396	1	-0.0145	-2.0982	0.0359
