rgn1	rgn2	bN82A.pcca2	bN82A.pcca2	WT.pcca2	WT.pcca2	lsdm	sdiff	score	pval
		mf	sf	mf	sf				
a1_1	a1_19	0.0514	0.0681	0.2691	0.0665	1	-0.0272	-2.2852	0.0223
a1_10	a1_23	-0.2189	0.0338	-0.0113	0.0876	1	-0.0198	-2.2104	0.0271
a1_10	a2_18	-0.1311	0.0441	0.0669	0.0806	1	-0.0142	-2.1548	0.0312
a1_10	b1_22	0.2994	0.1647	-0.1351	0.0869	1	0.0620	2.3329	0.0197
a1_10	b1_4	-0.3091	0.1064	0.1679	0.1644	1	-0.0853	-2.4353	0.0149
a1_11	a2_18	-0.0965	0.0690	0.2432	0.1017	1	-0.0939	-2.7640	0.0057
a1_12	b1_10	0.1991	0.0665	-0.2177	0.1310	1	0.1230	2.8370	0.0046
a1_12	b1_15	0.1803	0.0513	-0.0995	0.0460	1	0.1420	4.0626	0.0000
a1_12	b1_8	-0.1700	0.0558	0.0756	0.0855	1	-0.0413	-2.4041	0.0162
a1_13	a1_19	-0.1384	0.0218	0.1733	0.1526	1	-0.0035	-2.0225	0.0431
a1_13	a2_25	-0.1924	0.1093	0.0871	0.0217	1	-0.0565	-2.5070	0.0122
a1_13	a2_3	0.1265	0.0171	-0.1259	0.0622	1	0.1235	3.9155	0.0001
a1_13	b1_4	-0.3239	0.0968	0.1545	0.1826	1	-0.0651	-2.3148	0.0206
a1_13	b2_7	0.0369	0.0512	-0.0998	0.0289	1	0.0192	2.3276	0.0199
a1_14	a2_24	0.1451	0.0495	-0.1002	0.0206	1	0.1379	4.5704	0.0000
a1_14	a2_31	0.1919	0.0876	-0.0516	0.0604	1	0.0307	2.2883	0.0221
a1_14	b1_22	0.2621	0.0732	-0.0804	0.0574	1	0.1566	3.6843	0.0002
a1_14	b1_23	0.2945	0.1044	-0.0261	0.1007	1	0.0304	2.2097	0.0271
a1_15	a1_25	0.1611	0.1034	-0.2103	0.1183	1	0.0572	2.3638	0.0181
a1_15	a2_18	0.0702	0.0198	-0.1162	0.0497	1	0.0795	3.4873	0.0005
a1_15	a2_8	-0.0575	0.0624	0.1126	0.0407	1	-0.0211	-2.2832	0.0224
a1_15	b2_17	0.0726	0.0199	-0.1212	0.0935	1	0.0026	2.0270	0.0427
a1_16	a1_24	-0.0809	0.0935	0.2376	0.1189	1	-0.0160	-2.1059	0.0352
a1_16	b1_20	0.1508	0.0302	-0.2262	0.1134	1	0.1422	3.2114	0.0013
a1_16	c2_4	0.0731	0.1023	-0.2279	0.1056	1	0.0070	2.0473	0.0406
a1_17	b1_26	0.1356	0.1702	-0.3146	0.0165	1	0.1081	2.6323	0.0085
a1_17	b2_18	-0.2559	0.3054	0.3775	0.0422	1	-0.0168	-2.0546	0.0399
a1_18	b1_27	-0.1524	0.0665	0.0543	0.0632	1	-0.0232	-2.2532	0.0242
a1_2	a2_2	0.1625	0.0560	-0.0543	0.0494	1	0.0675	2.9045	0.0037
a1_2	b2_25	0.1501	0.0308	-0.1537	0.1206	1	0.0549	2.4410	0.0146
a1_21	a2_7	0.1945	0.1019	-0.1741	0.1387	1	0.0244	2.1419	0.0322
a1_22	a2_26	0.1050	0.1034	0.3789	0.0793	1	-0.0132	-2.1013	0.0356
a1_22	b2_17	-0.0837	0.0751	0.0991	0.0360	1	-0.0161	-2.1935	0.0283
a1_23	b1_18	0.3319	0.1591	-0.1182	0.0224	1	0.1289	2.8023	0.0051
a1_24	a2_10	-0.0700	0.0874	0.2837	0.0531	1	-0.1492	-3.4584	0.0005
a1_24	b1_17	0.1286	0.0791	-0.0810	0.0438	1	0.0289	2.3198	0.0204
a1_24	b2_2	0.1354	0.1089	-0.2564	0.1575	1	0.0088	2.0457	0.0408
a1_25	a1_26	0.1828	0.0887	-0.2412	0.1203	1	0.1251	2.8371	0.0046
a1_26	a2_8	-0.1020	0.0396	0.1044	0.0200	1	-0.1178	-4.6577	0.0000
a1_26	b1_2	-0.0037	0.0569	0.2175	0.0929	1	-0.0033	-2.0303	0.0423
a1_27	a2_28	-0.2048	0.0779	0.1931	0.1441	1	-0.0702	-2.4288	0.0151
a1_3	a2_18	0.1671	0.0617	-0.3079	0.2008	1	0.0548	2.2609	0.0238
a1_4	a2_26	-0.1381	0.1101	0.4148	0.0719	1	-0.2900	-4.2054	0.0000
a1_4	b1_8	0.2833	0.1033	-0.2096	0.0900	1	0.2188	3.5970	0.0003
a1_4	c2_4	0.1438	0.0516	-0.2247	0.1178	1	0.1113	2.8655	0.0042
a1_5	b1_0	0.1881	0.1736	-0.2806	0.1260	1	0.0397	2.1849	0.0289
a1_5	b2_26	0.0825	0.0138	-0.1410	0.0259	1	0.1648	7.6124	0.0000
a1_6	a2_29	0.0237	0.0328	0.1090	0.0018	1	-0.0196	-2.5978	0.0094
a1_6	b2_8	0.0402	0.0984	-0.2534	0.0698	1	0.0524	2.4346	0.0149
a1_9	a2_25	-0.1969	0.1157	0.1519	0.0528	1	-0.0944	-2.7419	0.0061
a1_9	a2_32	0.2397	0.1176	-0.3010	0.0281	1	0.2988	4.4708	0.0000
a2_0	a2_26	-0.0989	0.1112	0.4271	0.0869	1	-0.2437	-3.7268	0.0002
a2_0	a2_3	0.0823	0.0813	-0.2674	0.1498	1	0.0089	2.0521	0.0402
a2_0	b1_26	0.0941	0.0412	-0.1655	0.0481	1	0.1328	4.0958	0.0000
a2_10	b2_18	-0.0210	0.0750	0.2669	0.0605	1	-0.0953	-2.9886	0.0028
a2_10	b2_30	0.0148	0.0420	-0.2277	0.1061	1	0.0143	2.1256	0.0335
a2_11	b1_23	-0.3371	0.1942	0.1751	0.0795	1	-0.0925	-2.4408	0.0147
a2_11	b2_21	0.4261	0.0726	-0.0171	0.1116	1	0.1770	3.3301	0.0009
a2_12	b1_14	0.1569	0.1080	-0.2308	0.1010	1	0.0920	2.6223	0.0087
a2_12	b1_2	0.0695	0.0163	-0.2925	0.0541	1	0.2490	6.4063	0.0000
a2_12	b1_21	-0.0769	0.0387	-0.2879	0.0888	1	0.0173	2.1781	0.0294
a2_12	b2_1	-0.1856	0.1967	0.2981	0.0604	1	-0.0721	-2.3503	0.0188
a2_12	b2_28	-0.0219	0.0889	0.3054	0.0519	1	-0.1213	-3.1781	0.0015
a2_13	a2_30	-0.0590	0.0611	0.2599	0.1344	1	-0.0237	-2.1608	0.0307
a2_13	b2_9	0.0214	0.0569	-0.0978	0.0118	1	0.0031	2.0533	0.0400
a2_14	c2_0	0.2490	0.0692	0.0079	0.0207	1	0.0965	3.3360	0.0009
a2_15	a2_25	-0.1526	0.1370	0.1448	0.0339	1	-0.0152	-2.1079	0.0350
a2_15	b1_20	-0.3863	0.1062	0.0276	0.1401	1	-0.0622	-2.3538	0.0186
a2_15	b2_7	0.1281	0.0402	-0.1212	0.0959	1	0.0412	2.3964	0.0166
a2_15	c2_2	-0.0579	0.0792	0.1904	0.0692	1	-0.0380	-2.3612	0.0182
a2_16	b1_6	0.2223	0.1489	-0.1804	0.1015	1	0.0423	2.2348	0.0254
a2_16	b2_31	0.1145	0.1488	-0.2485	0.0959	1	0.0090	2.0511	0.0403
a2_17	b1_9	0.0729	0.0206	-0.0864	0.0231	1	0.0973	5.1386	0.0000
a2_18	a2_29	0.1241	0.0992	-0.1752	0.0762	1	0.0492	2.3931	0.0167
a2_18	b1_25	-0.0217	0.0007	0.0951	0.0306	1	-0.0555	-3.8113	0.0001
a2_18	b2_10	-0.1989	0.1500	0.1295	0.0257	1	-0.0240	-2.1576	0.0310
a2_18	c2_5	-0.0887	0.0423	0.1053	0.0437	1	-0.0725	-3.1920	0.0014
a2_2	a2_25	0.1394	0.1023	-0.2106	0.1325	1	0.0153	2.0914	0.0365
a2_2	a2_32	-0.2412	0.1133	0.3484	0.0654	1	-0.3280	-4.5065	0.0000
a2_2	b2_9	-0.1047	0.1061	0.1322	0.0200	1	-0.0210	-2.1945	0.0282
a2_21	b1_13	-0.1228	0.0404	0.1852	0.0682	1	-0.1495	-3.8854	0.0001
a2_22	c2_2	-0.1696	0.2020	0.2744	0.0678	1	-0.0179	-2.0840	0.0372
a2_24	a2_26	0.0532	0.1491	-0.3151	0.1030	1	0.0058	2.0320	0.0422
a2_25	a2_30	-0.2665	0.1329	0.2964	0.1236	1	-0.1999	-3.1017	0.0019
a2_25	b1_1	0.3064	0.1227	-0.1702	0.0765	1	0.1874	3.2956	0.0010
a2_26	a2_26	-0.2516	0.2675	0.8035	0.3033	1	-0.2463	-2.6090	0.0091
a2_26	b2_20	0.0884	0.0333	-0.3642	0.0618	1	0.3122	6.4460	0.0000
a2_26	b2_7	-0.0015	0.0483	-0.3454	0.0298	1	0.2304	6.0632	0.0000
a2_27	b1_23	0.2663	0.1065	-0.3572	0.2165	1	0.1409	2.5840	0.0098
a2_27	b2_17	-0.1034	0.0658	0.1208	0.0787	1	-0.0191	-2.1861	0.0288
a2_28	b2_26	-0.1576	0.1085	0.1928	0.1263	1	-0.0175	-2.1048	0.0353
a2_28	b2_30	-0.0641	0.0842	0.1112	0.0065	1	-0.0064	-2.0755	0.0379
a2_29	b1_16	-0.2531	0.1675	0.1405	0.0258	1	-0.0547	-2.3228	0.0202
a2_29	c2_1	-0.2077	0.0791	0.1040	0.0921	1	-0.0689	-2.5675	0.0102
a2_3	a2_15	0.1220	0.0489	-0.1340	0.0238	1	0.1472	4.7078	0.0000
a2_3	a2_24	-0.0946	0.0754	0.1874	0.0760	1	-0.0679	-2.6341	0.0084
a2_3	a2_26	0.0065	0.1259	-0.4803	0.1946	1	0.0231	2.0998	0.0357
a2_3	b2_8	0.0044	0.0804	-0.3033	0.0260	1	0.1385	3.6380	0.0003
a2_30	b2_29	0.0979	0.1069	-0.4279	0.0907	1	0.2455	3.7520	0.0002
a2_31	b1_11	0.2050	0.1259	-0.2185	0.1650	1	0.0085	2.0409	0.0413
a2_4	b2_17	-0.0951	0.1060	0.1437	0.0465	1	-0.0073	-2.0634	0.0391
a2_4	b2_21	-0.2946	0.0284	-0.0939	0.0637	1	-0.0612	-2.8783	0.0040
a2_5	a2_6	0.0763	0.1822	-0.4410	0.0988	1	0.1027	2.4954	0.0126
a2_5	b1_23	0.1703	0.1208	-0.1474	0.0506	1	0.0557	2.4251	0.0153
a2_5	b2_8	0.0046	0.0141	0.2526	0.0768	1	-0.0918	-3.1761	0.0015
a2_6	a2_18	0.1779	0.1210	-0.2562	0.1333	1	0.0741	2.4115	0.0159
a2_6	b1_15	0.3270	0.1590	-0.2793	0.1463	1	0.1742	2.8062	0.0050
a2_6	b1_22	-0.1459	0.0870	0.4864	0.2194	1	-0.1602	-2.6788	0.0074
a2_7	b1_20	0.2880	0.1295	-0.2458	0.1265	1	0.1717	2.9484	0.0032
a2_7	b2_10	0.3174	0.0544	-0.0262	0.1218	1	0.0768	2.5757	0.0100
a2_7	c2_4	0.1562	0.0692	-0.1504	0.1039	1	0.0569	2.4555	0.0141
a2_8	b1_25	-0.0285	0.0144	-0.0986	0.0210	1	0.0191	2.7495	0.0060
a2_9	b1_19	-0.3741	0.1507	0.0439	0.0582	1	-0.0950	-2.5882	0.0096
b1_0	b1_8	-0.3503	0.0261	0.3058	0.0760	1	-0.4955	-8.1681	0.0000
b1_0	b2_4	0.0341	0.1416	-0.3586	0.0910	1	0.0561	2.3332	0.0196
b1_1	b1_29	0.1916	0.0501	-0.0202	0.0797	1	0.0235	2.2496	0.0245
b1_10	b2_10	-0.4128	0.2012	0.1637	0.1469	1	-0.0783	-2.3143	0.0206
b1_11	b1_26	0.1473	0.1206	-0.1981	0.1190	1	0.0065	2.0381	0.0415
b1_11	b2_31	0.1632	0.1366	-0.3460	0.1745	1	0.0660	2.2980	0.0216
b1_12	b1_19	-0.2528	0.1446	0.0920	0.0738	1	-0.0201	-2.1241	0.0337
b1_12	b2_17	0.1061	0.0934	-0.0952	0.0154	1	0.0119	2.1260	0.0335
b1_13	c2_1	-0.0801	0.0847	0.1435	0.0423	1	-0.0343	-2.3622	0.0182
b1_14	b1_21	-0.1175	0.0812	0.1718	0.0525	1	-0.0958	-2.9904	0.0028
b1_14	b2_5	-0.1603	0.1361	0.1414	0.0290	1	-0.0235	-2.1686	0.0301
b1_15	b2_10	-0.2305	0.1215	0.0820	0.0599	1	-0.0416	-2.3072	0.0210
b1_15	b2_12	0.2466	0.0876	-0.0158	0.0921	1	0.0082	2.0646	0.0390
b1_15	c2_5	-0.1314	0.0477	0.0809	0.0586	1	-0.0612	-2.8103	0.0049
b1_16	c2_3	-0.3147	0.0179	-0.0323	0.0744	1	-0.1294	-3.6913	0.0002
b1_18	b2_23	0.4832	0.0714	-0.2034	0.2182	1	0.2275	2.9912	0.0028
b1_18	c2_0	0.2982	0.0667	0.0377	0.0908	1	0.0352	2.3129	0.0207
b1_19	b1_27	-0.3229	0.0957	0.0395	0.0621	1	-0.1342	-3.1763	0.0015
b1_19	b2_10	0.4222	0.1373	-0.0542	0.1443	1	0.0781	2.3922	0.0167
b1_2	b1_21	-0.1004	0.0637	0.2314	0.1121	1	-0.0739	-2.5732	0.0101
b1_20	b1_24	-0.1425	0.0988	0.1816	0.0662	1	-0.0862	-2.7244	0.0064
b1_20	b1_28	-0.3312	0.2874	0.2969	0.0544	1	-0.0431	-2.1473	0.0318
b1_21	b1_29	0.0451	0.0357	-0.1302	0.0459	1	0.0589	3.0134	0.0026
b1_21	b2_1	0.2515	0.0606	-0.2392	0.1129	1	0.2343	3.8284	0.0001
b1_21	b2_28	0.1012	0.1077	-0.2495	0.1229	1	0.0239	2.1461	0.0319
b1_26	b2_19	-0.1034	0.0546	0.1647	0.0773	1	-0.0788	-2.8335	0.0046
b1_27	b2_17	0.1895	0.0293	-0.0923	0.0171	1	0.2139	8.3019	0.0000
b1_27	b2_27	0.3828	0.0087	-0.0164	0.1540	1	0.0906	2.5876	0.0097
b1_3	b1_26	0.0755	0.0736	-0.1093	0.0242	1	0.0298	2.3845	0.0171
b1_5	b1_11	-0.1169	0.1394	0.3056	0.0283	1	-0.1381	-2.9712	0.0030
b1_5	b1_13	0.0595	0.0489	-0.0802	0.0455	1	0.0061	2.0916	0.0365
b1_8	b2_10	0.3111	0.1247	-0.0949	0.0141	1	0.1551	3.2361	0.0012
b1_9	b2_4	-0.0475	0.0237	0.0930	0.0444	1	-0.0398	-2.7899	0.0053
b1_9	c2_4	0.0788	0.0236	-0.1447	0.0882	1	0.0410	2.4494	0.0143
b2_0	b2_27	0.1882	0.0202	-0.2118	0.1629	1	0.0717	2.4370	0.0148
b2_1	b2_1	0.6532	0.0888	-0.0364	0.2590	1	0.1419	2.5182	0.0118
b2_10	b2_10	0.5763	0.1164	-0.3094	0.0208	1	0.6493	7.4922	0.0000
b2_10	c2_5	0.2300	0.0357	0.0940	0.0445	1	0.0220	2.3858	0.0170
b2_11	c2_1	0.1896	0.1057	-0.2468	0.1467	1	0.0749	2.4145	0.0158
b2_13	b2_16	0.1819	0.1003	-0.2089	0.1115	1	0.0907	2.6047	0.0092
b2_13	b2_21	-0.1858	0.0906	0.0926	0.0540	1	-0.0675	-2.6403	0.0083
b2_13	b2_28	0.1449	0.1071	-0.1276	0.0147	1	0.0562	2.5200	0.0117
b2_14	b2_19	-0.1426	0.0337	0.1241	0.0268	1	-0.1806	-6.1926	0.0000
b2_14	b2_20	-0.0302	0.0383	0.1125	0.0198	1	-0.0565	-3.3093	0.0009
b2_2	b2_30	-0.1277	0.0985	0.2627	0.0655	1	-0.1538	-3.3009	0.0010
b2_2	b2_9	-0.0628	0.0748	0.2358	0.1200	1	-0.0157	-2.1112	0.0348
b2_21	c2_6	0.2477	0.0909	-0.1315	0.1192	1	0.0793	2.5291	0.0114
b2_26	b2_28	-0.0157	0.0470	-0.1517	0.0358	1	0.0179	2.3030	0.0213
b2_29	b2_31	-0.0958	0.0520	0.2436	0.0667	1	-0.1702	-4.0125	0.0001
b2_31	b2_31	-0.1873	0.0509	-0.0226	0.0352	1	-0.0409	-2.6615	0.0078
b2_4	b2_12	0.1659	0.0326	-0.0745	0.0689	1	0.0881	3.1556	0.0016
b2_4	b2_28	-0.1088	0.0789	0.2334	0.1309	1	-0.0365	-2.2390	0.0252
b2_6	b2_12	-0.1948	0.0671	0.1797	0.1431	1	-0.0583	-2.3686	0.0179
b2_7	b2_25	-0.0800	0.0568	0.1530	0.0366	1	-0.0979	-3.4484	0.0006
b2_8	b2_22	-0.0875	0.0954	-0.3119	0.0544	1	0.0048	2.0441	0.0409
b2_8	b2_25	-0.0199	0.0634	-0.2948	0.0793	1	0.0719	2.7085	0.0068
b2_9	b2_14	-0.1286	0.0956	0.0765	0.0303	1	-0.0045	-2.0447	0.0409
c2_2	c2_4	-0.2010	0.0137	-0.1148	0.0033	1	-0.0580	-6.1139	0.0000
