rgn1	rgn2	aT41A.pcca1	aT41A.pcca1	bN82A.pcca2	bN82A.pcca2	lsdm	sdiff	score	pval
		mf	sf	mf	sf				
a1_1	a1_26	0.1952	0.1182	-0.1178	0.0507	1	0.0557	2.4330	0.0150
a1_1	b2_14	0.2336	0.0693	0.0042	0.0898	1	0.0026	2.0226	0.0431
a1_1	b2_31	0.1183	0.0561	-0.0846	0.0577	1	0.0420	2.5217	0.0117
a1_10	a1_23	0.0769	0.0136	-0.2189	0.0338	1	0.2230	8.1243	0.0000
a1_10	a2_18	0.0158	0.0438	-0.1311	0.0441	1	0.0227	2.3650	0.0180
a1_10	b1_16	0.0676	0.0433	-0.1485	0.0665	1	0.0574	2.7224	0.0065
a1_11	b1_14	0.1037	0.0924	-0.2810	0.0540	1	0.1707	3.5958	0.0003
a1_12	a2_28	-0.3572	0.1132	0.0167	0.1468	1	-0.0031	-2.0168	0.0437
a1_12	b1_19	0.2150	0.0742	-0.2941	0.2001	1	0.0822	2.3852	0.0171
a1_12	b2_10	0.2658	0.2371	-0.4414	0.2384	1	0.0348	2.1036	0.0354
a1_12	c2_0	0.7131	0.0673	-0.1924	0.2805	1	0.3285	3.1386	0.0017
a1_13	b1_25	-0.1914	0.0771	0.1002	0.0592	1	-0.0970	-2.9977	0.0027
a1_15	a2_18	-0.1160	0.0650	0.0702	0.0198	1	-0.0502	-2.7384	0.0062
a1_17	a1_21	-0.1117	0.0519	0.1992	0.0478	1	-0.1699	-4.4087	0.0000
a1_17	b1_11	-0.0276	0.0506	0.3097	0.1140	1	-0.0879	-2.7045	0.0068
a1_18	a2_0	0.1832	0.0548	-0.0665	0.0760	1	0.0622	2.6636	0.0077
a1_18	b1_12	0.1764	0.1327	-0.1565	0.0983	1	0.0026	2.0159	0.0438
a1_18	b2_31	-0.2410	0.0471	0.0723	0.0077	1	-0.2179	-6.5676	0.0000
a1_19	a1_22	-0.1799	0.0203	0.1049	0.0251	1	-0.2202	-8.8262	0.0000
a1_2	a2_25	-0.1650	0.1288	0.3309	0.1329	1	-0.1257	-2.6789	0.0074
a1_2	b1_7	-0.1246	0.1386	0.4333	0.2101	1	-0.0544	-2.2163	0.0267
a1_20	b1_27	0.0849	0.0658	-0.1433	0.0377	1	0.0765	3.0079	0.0026
a1_20	b1_5	0.0913	0.0222	-0.0353	0.0101	1	0.0779	5.1986	0.0000
a1_21	b1_3	-0.2451	0.0735	0.0546	0.0567	1	-0.1140	-3.2287	0.0012
a1_21	b2_21	0.1619	0.0494	-0.2471	0.0390	1	0.2832	6.5002	0.0000
a1_22	a2_31	0.3942	0.1301	0.0338	0.0363	1	0.0903	2.6685	0.0076
a1_22	b1_18	0.0917	0.0242	-0.2469	0.1073	1	0.1186	3.0787	0.0021
a1_22	b1_25	-0.4241	0.1266	-0.0054	0.0554	1	-0.1423	-3.0302	0.0024
a1_23	b1_14	-0.0420	0.0742	0.3090	0.1309	1	-0.0500	-2.3323	0.0197
a1_23	b2_23	-0.2257	0.1425	0.4177	0.1483	1	-0.2321	-3.1288	0.0018
a1_23	c2_0	-0.1785	0.1343	0.2888	0.1854	1	-0.0093	-2.0405	0.0413
a1_24	a2_10	0.4370	0.1565	-0.0700	0.0874	1	0.1485	2.8282	0.0047
a1_24	c2_3	-0.2350	0.0629	0.0477	0.1161	1	-0.0185	-2.1402	0.0323
a1_25	a2_16	0.0631	0.1167	-0.2388	0.0824	1	0.0162	2.1136	0.0345
a1_25	b1_10	-0.0754	0.1009	0.1640	0.0454	1	-0.0181	-2.1633	0.0305
a1_26	b1_3	-0.1697	0.0365	0.0940	0.0830	1	-0.0824	-2.9092	0.0036
a1_27	a2_32	0.4785	0.1901	-0.4291	0.0592	1	0.5094	4.5585	0.0000
a1_3	a2_18	-0.0656	0.0567	0.1671	0.0617	1	-0.0652	-2.7781	0.0055
a1_3	a2_7	0.0818	0.1020	-0.2382	0.1069	1	0.0245	2.1659	0.0303
a1_4	a1_25	-0.2249	0.0223	0.1321	0.0639	1	-0.2216	-5.2741	0.0000
a1_4	b1_25	0.4441	0.1590	-0.0051	0.1348	1	0.0322	2.1543	0.0312
a1_4	b1_9	-0.2991	0.0791	0.0987	0.0877	1	-0.1617	-3.3694	0.0008
a1_6	a2_23	0.1508	0.0244	-0.0369	0.0483	1	0.0794	3.4680	0.0005
a1_8	b2_12	0.0417	0.0676	-0.1069	0.0258	1	0.0039	2.0544	0.0399
a1_9	a2_25	0.1796	0.1032	-0.1969	0.1157	1	0.0664	2.4284	0.0152
a1_9	a2_32	-0.6869	0.2540	0.2397	0.1176	1	-0.3666	-3.3096	0.0009
a1_9	b1_6	0.2852	0.2131	-0.1924	0.0340	1	0.0460	2.2134	0.0269
a1_9	b1_7	0.2442	0.0764	-0.1560	0.1466	1	0.0696	2.4212	0.0155
a2_0	b1_7	-0.0892	0.0841	0.1597	0.0904	1	-0.0020	-2.0160	0.0438
a2_0	b2_28	-0.1289	0.1035	0.1428	0.0744	1	-0.0168	-2.1316	0.0330
a2_1	a2_25	0.0920	0.0515	-0.1731	0.1126	1	0.0175	2.1416	0.0322
a2_11	a2_32	-0.2560	0.1580	0.3207	0.0342	1	-0.2534	-3.5676	0.0004
a2_11	b2_21	-0.0096	0.1322	0.4261	0.0726	1	-0.1341	-2.8891	0.0039
a2_12	a2_27	-0.0907	0.0420	0.1066	0.0317	1	-0.0920	-3.7477	0.0002
a2_12	b1_21	0.0519	0.0232	-0.0769	0.0387	1	0.0387	2.8581	0.0043
a2_13	a2_22	-0.2097	0.0338	0.0708	0.0486	1	-0.1620	-4.7363	0.0000
a2_14	a2_28	0.2862	0.0322	-0.1140	0.0439	1	0.2913	7.3496	0.0000
a2_14	b2_23	-0.1682	0.1293	0.3257	0.0358	1	-0.2256	-3.6814	0.0002
a2_14	c2_0	-0.3871	0.1705	0.2490	0.0692	1	-0.2680	-3.4566	0.0005
a2_15	b1_20	0.0216	0.0543	-0.3863	0.1062	1	0.1694	3.4209	0.0006
a2_15	b1_28	0.0255	0.0750	0.2125	0.0497	1	-0.0071	-2.0785	0.0377
a2_16	a2_19	0.1631	0.1574	-0.2655	0.0677	1	0.0859	2.5015	0.0124
a2_17	b2_31	-0.1463	0.1214	0.1577	0.0875	1	-0.0048	-2.0321	0.0421
a2_17	c2_0	-0.6179	0.2363	0.1386	0.2863	1	-0.0139	-2.0376	0.0416
a2_18	b2_31	0.1107	0.0323	-0.0705	0.0234	1	0.1014	4.5449	0.0000
a2_19	b1_6	0.1487	0.1436	-0.3129	0.1243	1	0.0816	2.4298	0.0151
a2_19	b1_8	0.1057	0.0863	-0.0964	0.0170	1	0.0262	2.2978	0.0216
a2_20	b1_13	-0.1906	0.0847	0.0219	0.0177	1	-0.0395	-2.4564	0.0140
a2_20	b2_15	0.3035	0.0875	0.0181	0.0575	1	0.0762	2.7280	0.0064
a2_21	b2_18	0.1704	0.0422	-0.1875	0.0938	1	0.1521	3.4782	0.0005
a2_22	a2_28	-0.2613	0.0949	-0.0074	0.0641	1	-0.0249	-2.2172	0.0266
a2_22	b1_21	0.1286	0.0634	-0.0255	0.0264	1	0.0168	2.2443	0.0248
a2_24	b2_28	0.1954	0.0571	-0.0703	0.0947	1	0.0445	2.4026	0.0163
a2_24	b2_7	-0.3426	0.1696	0.0041	0.0123	1	-0.0066	-2.0389	0.0415
a2_25	b2_14	-0.0812	0.0522	0.0919	0.0547	1	-0.0218	-2.2889	0.0221
a2_26	b2_4	-0.0730	0.0734	0.1239	0.0584	1	-0.0093	-2.0989	0.0358
a2_27	b2_17	0.2065	0.1379	-0.1034	0.0658	1	0.0043	2.0280	0.0426
a2_29	a2_32	0.1665	0.0572	-0.5148	0.1565	1	0.3481	4.0894	0.0000
a2_29	b2_1	0.0252	0.0690	-0.4544	0.1534	1	0.1433	2.8520	0.0043
a2_29	b2_14	-0.1497	0.0130	0.1832	0.0917	1	-0.1478	-3.5967	0.0003
a2_3	a2_32	-0.1804	0.1598	0.2751	0.0284	1	-0.1308	-2.8062	0.0050
a2_3	b2_28	-0.1093	0.0451	0.0902	0.0197	1	-0.1012	-4.0567	0.0000
a2_32	b1_21	-0.1281	0.1358	0.2629	0.0688	1	-0.0864	-2.5677	0.0102
a2_32	b2_7	-0.4381	0.2321	0.1884	0.0789	1	-0.1362	-2.5555	0.0106
a2_4	a2_22	-0.1837	0.0362	0.2240	0.1155	1	-0.1655	-3.3671	0.0008
a2_4	b2_21	-0.0910	0.0506	-0.2946	0.0284	1	0.0876	3.5094	0.0004
a2_5	b1_18	-0.0180	0.0710	-0.1961	0.0492	1	0.0054	2.0622	0.0392
a2_6	b1_15	-0.1608	0.1780	0.3270	0.1590	1	-0.0104	-2.0435	0.0410
a2_7	b1_11	0.0103	0.0643	0.2577	0.0182	1	-0.1137	-3.7017	0.0002
a2_7	b2_10	-0.0873	0.1848	0.3174	0.0544	1	-0.0194	-2.1007	0.0357
a2_7	c2_4	-0.0655	0.0486	0.1562	0.0692	1	-0.0525	-2.6209	0.0088
a2_8	b2_8	-0.2292	0.0523	0.0562	0.0109	1	-0.1786	-5.3450	0.0000
a2_9	a2_21	-0.0530	0.0932	0.2049	0.0171	1	-0.0684	-2.7220	0.0065
a2_9	b1_7	0.0402	0.0091	0.3845	0.1403	1	-0.0630	-2.4482	0.0144
b1_0	b1_8	-0.0311	0.1036	-0.3503	0.0261	1	0.1056	2.9883	0.0028
b1_0	b2_29	-0.2541	0.0307	0.2777	0.0574	1	-0.4017	-8.1719	0.0000
b1_0	c2_4	0.2223	0.0564	-0.1277	0.0809	1	0.1528	3.5493	0.0004
b1_11	b2_1	0.0839	0.0736	0.3654	0.0822	1	-0.0608	-2.5514	0.0107
b1_11	b2_10	-0.0469	0.0943	0.4226	0.1594	1	-0.0991	-2.5354	0.0112
b1_11	b2_8	-0.1107	0.0308	0.0724	0.0817	1	-0.0086	-2.0981	0.0359
b1_12	b2_5	-0.2316	0.1058	0.0368	0.0696	1	-0.0150	-2.1182	0.0342
b1_13	b1_24	-0.1644	0.0262	0.0143	0.0413	1	-0.0808	-3.6526	0.0003
b1_13	b2_16	-0.1632	0.0342	-0.0646	0.0198	1	-0.0197	-2.4998	0.0124
b1_13	b2_9	-0.1957	0.0554	-0.0307	0.0396	1	-0.0289	-2.4242	0.0153
b1_16	c2_3	0.0122	0.0936	-0.3147	0.0179	1	0.1361	3.4279	0.0006
b1_18	b2_23	-0.0256	0.1960	0.4832	0.0714	1	-0.0916	-2.4390	0.0147
b1_19	b2_10	0.0680	0.0838	0.4222	0.1373	1	-0.0325	-2.2023	0.0276
b1_2	b2_25	-0.1196	0.0906	0.0986	0.0482	1	-0.0130	-2.1264	0.0335
b1_20	b1_23	0.1015	0.1024	-0.3937	0.1693	1	0.0994	2.5024	0.0123
b1_21	b2_1	0.0134	0.0208	0.2515	0.0606	1	-0.1100	-3.7169	0.0002
b1_21	b2_26	0.0953	0.0579	-0.0985	0.0720	1	0.0090	2.0973	0.0360
b1_23	b2_21	-0.0558	0.0450	-0.2652	0.0637	1	0.0535	2.6859	0.0072
b1_23	b2_27	-0.0389	0.0512	-0.3165	0.0688	1	0.1060	3.2367	0.0012
b1_24	b2_22	0.2163	0.0783	-0.1461	0.1444	1	0.0339	2.2063	0.0274
b1_24	b2_27	0.1931	0.1281	-0.0740	0.0230	1	0.0067	2.0513	0.0402
b1_25	b2_11	-0.2694	0.0889	0.0377	0.0554	1	-0.0977	-2.9335	0.0034
b1_25	b2_3	-0.1323	0.0727	0.0478	0.0293	1	-0.0234	-2.2982	0.0216
b1_27	b2_27	-0.0016	0.1405	0.3828	0.0087	1	-0.1029	-2.7307	0.0063
b1_28	c2_2	-0.3090	0.0113	-0.0905	0.1031	1	-0.0111	-2.1069	0.0351
b1_3	b2_11	0.1646	0.0487	-0.0724	0.0516	1	0.0950	3.3394	0.0008
b1_3	b2_16	-0.1374	0.0615	0.0200	0.0360	1	-0.0149	-2.2094	0.0271
b1_3	b2_23	-0.3983	0.1138	0.0345	0.1821	1	-0.0035	-2.0162	0.0438
b1_4	b2_17	-0.3912	0.0438	0.0148	0.1016	1	-0.1847	-3.6685	0.0002
b1_4	b2_31	0.1760	0.0278	0.0091	0.0616	1	0.0317	2.4684	0.0136
b1_5	b1_25	-0.2170	0.1142	0.1009	0.0947	1	-0.0213	-2.1433	0.0321
b1_5	b2_15	0.3297	0.0769	-0.0243	0.0407	1	0.1801	4.0693	0.0000
b1_5	b2_16	0.1882	0.0301	0.0021	0.0831	1	0.0093	2.1054	0.0353
b1_5	b2_30	0.1746	0.0321	-0.1506	0.1305	1	0.0565	2.4201	0.0155
b1_6	b2_25	-0.1865	0.1693	0.1653	0.0373	1	-0.0050	-2.0291	0.0425
b1_8	b2_20	0.0191	0.0692	-0.1646	0.0398	1	0.0239	2.2992	0.0215
b1_8	b2_21	0.0577	0.0613	-0.1463	0.0788	1	0.0043	2.0435	0.0410
b1_9	b1_15	0.1028	0.0639	-0.0860	0.0580	1	0.0162	2.1876	0.0287
b1_9	b1_25	-0.1224	0.0466	-0.0166	0.0201	1	-0.0043	-2.0851	0.0371
b1_9	b2_0	-0.1673	0.0647	-0.0243	0.0218	1	-0.0065	-2.0947	0.0362
b1_9	b2_17	-0.3197	0.1161	-0.0595	0.0555	1	-0.0028	-2.0215	0.0432
b2_0	b2_17	0.2144	0.0709	0.0455	0.0311	1	0.0142	2.1828	0.0290
b2_0	b2_28	0.0893	0.0547	-0.1164	0.0628	1	0.0390	2.4684	0.0136
b2_10	c2_2	0.1736	0.1845	-0.4197	0.2179	1	0.0223	2.0780	0.0377
b2_10	c2_5	-0.1687	0.1374	0.2300	0.0357	1	-0.1149	-2.8092	0.0050
b2_11	c2_1	-0.1730	0.1241	0.1896	0.1057	1	-0.0366	-2.2246	0.0261
b2_15	c2_3	-0.1880	0.0537	0.0918	0.1114	1	-0.0324	-2.2622	0.0237
b2_16	b2_18	0.1216	0.0843	-0.1129	0.0144	1	0.0635	2.7432	0.0061
b2_16	c2_3	-0.0886	0.0336	0.1583	0.0186	1	-0.1701	-6.4278	0.0000
b2_17	b2_17	0.4192	0.1613	-0.3311	0.0715	1	0.3975	4.2532	0.0000
b2_19	b2_24	-0.0523	0.0212	0.1054	0.0356	1	-0.0748	-3.8060	0.0001
b2_21	c2_6	-0.0863	0.0878	0.2477	0.0909	1	-0.0813	-2.6435	0.0082
b2_24	b2_26	0.2968	0.1416	-0.1068	0.1269	1	0.0232	2.1221	0.0338
b2_24	c2_0	0.3151	0.1699	-0.1146	0.1229	1	0.0102	2.0488	0.0405
b2_24	c2_1	-0.2300	0.1015	0.0119	0.0642	1	-0.0016	-2.0137	0.0440
b2_3	b2_8	-0.2197	0.0974	0.0273	0.0492	1	-0.0288	-2.2642	0.0236
b2_4	b2_23	0.2291	0.1328	-0.1235	0.0097	1	0.0863	2.6482	0.0081
b2_5	c2_1	0.2556	0.1071	-0.1426	0.0501	1	0.1617	3.3666	0.0008
b2_6	b2_22	0.2779	0.1448	-0.1271	0.1400	1	0.0022	2.0109	0.0443
b2_6	b2_29	0.1478	0.0510	-0.1376	0.0562	1	0.1335	3.7586	0.0002
b2_8	b2_8	0.5585	0.4636	-0.4019	0.0315	1	0.0310	2.0668	0.0388
