rgn	WT.pcca2	WT.pcca2	bN82A.pcca2	bN82A.pcca2	aT41A.pcca1	aT41A.pcca1
	mf	sf	mf	sf	mf	sf
A110b	0.1314	0.0189	0.0660	0.0182	0.0104	0.0078
A110s	0.1314	0.0189	0.0660	0.0182	0.0104	0.0078
A117b	0.7570	0.0107	0.7129	0.0456	0.4071	0.0754
A117s	0.7570	0.0107	0.7129	0.0456	0.4071	0.0754
K102b	1.8736	0.2128	1.8759	0.1467	2.2579	0.1538
K102s	1.8736	0.2128	1.8759	0.1467	2.2579	0.1538
K106b	1.3711	0.1992	1.5309	0.1647	1.1534	0.2081
K106s	1.3711	0.1992	1.5309	0.1647	1.1534	0.2081
L113b	0.2208	0.0442	0.2564	0.0398	0.1897	0.1381
L113s	0.2208	0.0442	0.2564	0.0398	0.1897	0.1381
L114b	0.9436	0.0298	0.8763	0.1280	0.6464	0.2226
L114s	0.9436	0.0298	0.8763	0.1280	0.6464	0.2226
L118b	1.1769	0.1907	1.1836	0.1205	0.9680	0.1926
L118s	1.1769	0.1907	1.1836	0.1205	0.9680	0.1926
M109b	0.5931	0.0110	0.5050	0.0351	0.4578	0.0202
M109s	0.5931	0.0110	0.5050	0.0351	0.4578	0.0202
M115b	0.0455	0.0166	0.0520	0.0178	0.0678	0.0333
M115s	0.0455	0.0166	0.0520	0.0178	0.0678	0.0333
M120b	1.2536	0.3275	1.4256	0.1533	1.7415	0.2265
M120s	1.2536	0.3275	1.4256	0.1533	1.7415	0.2265
MHCII	366.8939	4.9228	372.7156	0.9101	371.0021	0.4514
P103b	0.6700	0.1050	0.7342	0.2287	0.7124	0.1364
P103s	0.6700	0.1050	0.7342	0.2287	0.7124	0.1364
P112b	0.1069	0.0361	0.1302	0.0298	0.1133	0.0184
P112s	0.1069	0.0361	0.1302	0.0298	0.1133	0.0184
P119b	1.2243	0.1325	0.9171	0.1303	0.2513	0.3253
P119s	1.2243	0.1325	0.9171	0.1303	0.2513	0.3253
Q116b	0.4986	0.1605	0.4529	0.2552	0.8849	0.1416
Q116s	0.4986	0.1605	0.4529	0.2552	0.8849	0.1416
R108b	1.0909	0.0227	1.0724	0.1680	1.0363	0.0682
R108s	1.0909	0.0227	1.0724	0.1680	1.0363	0.0682
S105b	0.2604	0.0571	0.4635	0.1095	0.2437	0.0116
S105s	0.2604	0.0571	0.4635	0.1095	0.2437	0.0116
T111b	0.6995	0.0206	0.7328	0.0390	0.5789	0.0522
T111s	0.6995	0.0206	0.7328	0.0390	0.5789	0.0522
V104b	1.1814	0.0842	1.1749	0.0726	1.3094	0.0374
V104s	1.1814	0.0842	1.1749	0.0726	1.3094	0.0374
W107b	0.0702	0.0338	0.1229	0.0436	0.0665	0.0306
W107s	0.0702	0.0338	0.1229	0.0436	0.0665	0.0306
