rgn	aT41A.pcca1	aT41A.pcca1	WT.pcca2	WT.pcca2	lsdm	sdiff	score	pval
	mf	sf	mf	sf				
A110b	0.0104	0.0078	0.1314	0.0189	1	-0.0800	-5.9059	0.0000
A110s	0.0104	0.0078	0.1314	0.0189	1	-0.0800	-5.9059	0.0000
A117b	0.4071	0.0754	0.7570	0.0107	1	-0.1976	-4.5954	0.0000
A117s	0.4071	0.0754	0.7570	0.0107	1	-0.1976	-4.5954	0.0000
M109b	0.4578	0.0202	0.5931	0.0110	1	-0.0893	-5.8820	0.0000
M109s	0.4578	0.0202	0.5931	0.0110	1	-0.0893	-5.8820	0.0000
P119b	0.2513	0.3253	1.2243	0.1325	1	-0.2706	-2.7705	0.0056
P119s	0.2513	0.3253	1.2243	0.1325	1	-0.2706	-2.7705	0.0056
T111b	0.5789	0.0522	0.6995	0.0206	1	-0.0083	-2.1480	0.0317
T111s	0.5789	0.0522	0.6995	0.0206	1	-0.0083	-2.1480	0.0317
