bspair1	bspair2	bN82A.pcca2	bN82A.pcca2	WT.pcca2	WT.pcca2	lsdm	sdiff	score	pval
		mf	sf	mf	sf				
A_101_1_A_98_1	A_19_0_A_17_1	0.5000	0.0000	0.0000	0.0000	1	0.5000	inf	0.0000
A_101_1_A_98_1	A_59_1_A_56_1	-0.8333	0.2887	0.0000	0.0000	1	-0.2560	-2.8868	0.0039
A_101_1_A_98_1	B_130_0_B_128_0	0.6667	0.2887	-0.1667	0.2887	1	0.0168	2.0412	0.0412
A_101_1_A_98_1	B_145_0_B_158_1	-0.5000	0.0000	0.0000	0.0000	1	-0.5000	-inf	0.0000
A_101_1_A_98_1	B_44_1_B_41_1	1.0000	0.0000	-0.1667	0.2887	1	0.5893	4.0415	0.0001
A_101_1_A_98_1	B_62_1_B_58_1	-0.6667	0.2887	0.3333	0.2887	1	-0.1835	-2.4495	0.0143
A_101_1_A_98_1	B_6_0_B_4_1	0.8333	0.2887	0.0000	0.0000	1	0.2560	2.8868	0.0039
A_101_1_A_98_1	B_71_0_B_47_0	0.8333	0.2887	-0.1667	0.2887	1	0.1835	2.4495	0.0143
A_101_1_A_98_1	B_76_1_B_73_1	0.8333	0.2887	0.0000	0.0000	1	0.2560	2.8868	0.0039
A_101_1_A_98_1	B_80_0_B_76_0	0.6667	0.2887	0.0000	0.0000	1	0.0893	2.3094	0.0209
A_119_1_A_118_0	A_144_1_A_142_1	-0.5000	0.0000	0.0000	0.0000	1	-0.5000	-inf	0.0000
A_119_1_A_118_0	B_130_0_B_128_0	-0.8333	0.2887	0.1667	0.2887	1	-0.1835	-2.4495	0.0143
A_119_1_A_118_0	B_130_0_B_137_0	0.5000	0.0000	-0.1667	0.2887	1	0.0893	2.3094	0.0209
A_119_1_A_118_0	B_131_0_B_160_1	0.6667	0.2887	-0.1667	0.2887	1	0.0168	2.0412	0.0412
A_119_1_A_118_0	B_179_0_B_177_0	-0.5000	0.0000	0.0000	0.0000	1	-0.5000	-inf	0.0000
A_119_1_A_118_0	B_63_1_B_59_1	-0.5000	0.0000	0.1667	0.2887	1	-0.0893	-2.3094	0.0209
A_119_1_A_118_0	B_89_1_B_86_1	1.0000	0.0000	-0.5000	0.5000	1	0.5000	3.0000	0.0027
A_121_0_A_149_0	A_130_0_A_150_1	0.0000	0.0000	-0.8333	0.2887	1	0.2560	2.8868	0.0039
A_121_0_A_149_0	A_156_0_A_158_0	0.0000	0.0000	0.8333	0.2887	1	-0.2560	-2.8868	0.0039
A_121_0_A_149_0	A_30_1_A_29_0	0.0000	0.0000	-0.8333	0.2887	1	0.2560	2.8868	0.0039
A_121_0_A_149_0	A_44_0_A_133_1	0.0000	0.0000	-0.8333	0.2887	1	0.2560	2.8868	0.0039
A_121_0_A_149_0	A_49_1_A_45_1	0.0000	0.0000	-0.8333	0.2887	1	0.2560	2.8868	0.0039
A_121_0_A_149_0	A_62_1_A_58_1	-0.1667	0.2887	-1.0000	0.0000	1	0.2560	2.8868	0.0039
A_121_0_A_149_0	B_105_0_A_182_1	0.0000	0.0000	-0.6667	0.2887	1	0.0893	2.3094	0.0209
A_121_0_A_149_0	B_111_0_A_184_0	0.0000	0.0000	-0.8333	0.2887	1	0.2560	2.8868	0.0039
A_121_0_A_149_0	B_48_0_B_47_1	0.0000	0.0000	-0.6667	0.2887	1	0.0893	2.3094	0.0209
A_121_0_A_149_0	B_51_1_B_37_1	0.1667	0.2887	-0.6667	0.2887	1	0.0168	2.0412	0.0412
A_121_0_A_149_0	B_70_1_B_67_1	-0.3333	0.5774	1.0000	0.0000	1	-0.1786	-2.3094	0.0209
A_121_0_A_149_0	B_71_1_B_67_1	0.0000	0.0000	0.8333	0.2887	1	-0.2560	-2.8868	0.0039
A_121_0_A_149_0	B_93_0_B_89_1	0.1667	0.2887	-0.6667	0.2887	1	0.0168	2.0412	0.0412
A_124_0_A_159_0	A_124_0_A_159_0	1.0000	0.0000	0.0000	0.0000	1	1.0000	inf	0.0000
A_124_0_A_159_0	A_17_1_A_17_0	0.6667	0.2887	0.0000	0.0000	1	0.0893	2.3094	0.0209
A_124_0_A_159_0	A_50_1_A_46_1	0.6667	0.2887	0.0000	0.0000	1	0.0893	2.3094	0.0209
A_124_0_A_159_0	A_50_1_A_47_1	-0.5000	0.0000	0.0000	0.0000	1	-0.5000	-inf	0.0000
A_124_0_A_159_0	A_53_1_C_105_1	-0.8333	0.2887	0.0000	0.0000	1	-0.2560	-2.8868	0.0039
A_124_0_A_159_0	A_64_1_A_60_1	0.6667	0.2887	0.0000	0.0000	1	0.0893	2.3094	0.0209
A_124_0_A_159_0	A_68_1_A_64_1	-0.6667	0.2887	0.0000	0.0000	1	-0.0893	-2.3094	0.0209
A_124_0_A_159_0	A_71_1_A_67_1	-0.5000	0.0000	0.0000	0.0000	1	-0.5000	-inf	0.0000
A_124_0_A_159_0	A_72_1_A_69_1	-0.6667	0.2887	0.0000	0.0000	1	-0.0893	-2.3094	0.0209
A_124_0_A_159_0	A_95_1_A_103_0	-0.6667	0.2887	0.0000	0.0000	1	-0.0893	-2.3094	0.0209
A_124_0_A_159_0	B_106_1_B_110_0	1.0000	0.0000	0.0000	0.0000	1	1.0000	inf	0.0000
A_124_0_A_159_0	B_106_1_B_113_0	-0.8333	0.2887	0.0000	0.0000	1	-0.2560	-2.8868	0.0039
A_124_0_A_159_0	B_107_1_B_110_0	1.0000	0.0000	0.0000	0.0000	1	1.0000	inf	0.0000
A_124_0_A_159_0	B_168_1_B_190_0	-0.5000	0.0000	0.0000	0.0000	1	-0.5000	-inf	0.0000
A_124_0_A_159_0	B_180_1_B_177_1	-0.6667	0.2887	0.0000	0.0000	1	-0.0893	-2.3094	0.0209
A_124_0_A_159_0	B_58_1_B_54_1	-0.5000	0.0000	0.0000	0.0000	1	-0.5000	-inf	0.0000
A_124_0_A_159_0	B_72_0_B_69_0	-0.6667	0.2887	0.0000	0.0000	1	-0.0893	-2.3094	0.0209
A_124_0_A_159_0	B_78_1_B_74_1	-0.5000	0.0000	0.0000	0.0000	1	-0.5000	-inf	0.0000
A_130_0_A_150_1	A_121_0_A_149_0	0.0000	0.0000	-0.8333	0.2887	1	0.2560	2.8868	0.0039
A_130_0_A_150_1	A_144_1_A_142_0	0.0000	0.0000	0.8333	0.2887	1	-0.2560	-2.8868	0.0039
A_130_0_A_150_1	A_156_0_A_158_0	0.0000	0.0000	-1.0000	0.0000	1	1.0000	inf	0.0000
A_130_0_A_150_1	A_38_0_A_134_0	-0.1667	0.2887	0.6667	0.2887	1	-0.0168	-2.0412	0.0412
A_130_0_A_150_1	A_44_0_A_133_1	0.0000	0.0000	1.0000	0.0000	1	-1.0000	-inf	0.0000
A_130_0_A_150_1	A_75_1_A_72_1	-0.1667	0.2887	0.6667	0.2887	1	-0.0168	-2.0412	0.0412
A_130_0_A_150_1	B_114_1_B_104_1	0.1667	0.2887	-0.8333	0.2887	1	0.1835	2.4495	0.0143
A_130_0_A_150_1	B_48_0_B_47_1	0.0000	0.0000	0.8333	0.2887	1	-0.2560	-2.8868	0.0039
A_130_0_A_150_1	B_51_1_B_37_1	0.0000	0.0000	0.8333	0.2887	1	-0.2560	-2.8868	0.0039
A_130_0_A_150_1	B_70_1_B_67_1	0.1667	0.2887	-0.8333	0.2887	1	0.1835	2.4495	0.0143
A_130_0_A_150_1	B_71_1_B_67_1	0.1667	0.2887	-0.6667	0.2887	1	0.0168	2.0412	0.0412
A_130_0_A_150_1	B_83_0_B_87_0	0.0000	0.0000	0.6667	0.2887	1	-0.0893	-2.3094	0.0209
A_130_0_A_150_1	B_94_0_B_178_1	-0.1667	0.2887	0.6667	0.2887	1	-0.0168	-2.0412	0.0412
A_140_1_A_144_1	A_30_1_A_29_0	0.1667	0.2887	-0.6667	0.2887	1	0.0168	2.0412	0.0412
A_140_1_A_144_1	B_48_0_B_47_1	0.0000	0.0000	-0.8333	0.2887	1	0.2560	2.8868	0.0039
A_140_1_A_144_1	B_73_1_B_69_1	0.1667	0.2887	-0.8333	0.2887	1	0.1835	2.4495	0.0143
A_140_1_A_144_1	B_83_0_B_87_0	0.0000	0.0000	-0.6667	0.2887	1	0.0893	2.3094	0.0209
A_140_1_A_144_1	B_86_1_B_82_1	0.0000	0.0000	0.6667	0.2887	1	-0.0893	-2.3094	0.0209
A_140_1_A_144_1	B_86_1_B_83_1	0.3333	0.2887	-0.6667	0.2887	1	0.1835	2.4495	0.0143
A_144_1_A_142_0	A_130_0_A_150_1	0.0000	0.0000	0.8333	0.2887	1	-0.2560	-2.8868	0.0039
A_144_1_A_142_0	A_44_0_A_133_1	0.0000	0.0000	0.8333	0.2887	1	-0.2560	-2.8868	0.0039
A_144_1_A_142_0	A_71_1_A_67_1	0.3333	0.2887	1.0000	0.0000	1	-0.0893	-2.3094	0.0209
A_144_1_A_142_0	A_80_1_A_77_1	0.1667	0.2887	1.0000	0.0000	1	-0.2560	-2.8868	0.0039
A_144_1_A_142_0	B_105_0_A_182_1	0.0000	0.0000	0.6667	0.2887	1	-0.0893	-2.3094	0.0209
A_144_1_A_142_0	B_83_0_B_87_0	0.0000	0.0000	0.8333	0.2887	1	-0.2560	-2.8868	0.0039
A_144_1_A_142_0	B_94_0_B_178_1	-0.1667	0.2887	0.8333	0.2887	1	-0.1835	-2.4495	0.0143
A_144_1_A_142_1	A_119_1_A_118_0	-0.5000	0.0000	0.0000	0.0000	1	-0.5000	-inf	0.0000
A_144_1_A_142_1	A_144_1_A_142_1	1.0000	0.0000	0.0000	0.0000	1	1.0000	inf	0.0000
A_144_1_A_142_1	A_150_1_A_133_0	-0.5000	0.0000	0.0000	0.0000	1	-0.5000	-inf	0.0000
A_144_1_A_142_1	A_19_1_A_14_1	0.6667	0.2887	0.0000	0.0000	1	0.0893	2.3094	0.0209
A_144_1_A_142_1	A_46_1_A_44_1	-0.8333	0.2887	0.0000	0.0000	1	-0.2560	-2.8868	0.0039
A_144_1_A_142_1	A_64_1_A_60_1	0.6667	0.2887	0.0000	0.0000	1	0.0893	2.3094	0.0209
A_144_1_A_142_1	A_6_1_A_27_0	-0.5000	0.0000	0.0000	0.0000	1	-0.5000	-inf	0.0000
A_144_1_A_142_1	A_72_1_A_69_1	-0.6667	0.2887	0.0000	0.0000	1	-0.0893	-2.3094	0.0209
A_144_1_A_142_1	A_95_1_A_103_0	0.5000	0.0000	0.0000	0.0000	1	0.5000	inf	0.0000
A_144_1_A_142_1	B_106_1_B_113_0	-0.5000	0.0000	0.0000	0.0000	1	-0.5000	-inf	0.0000
A_144_1_A_142_1	B_153_1_A_29_0	0.5000	0.0000	0.0000	0.0000	1	0.5000	inf	0.0000
A_144_1_A_142_1	B_157_0_B_146_1	0.6667	0.2887	0.0000	0.0000	1	0.0893	2.3094	0.0209
A_144_1_A_142_1	B_55_1_B_52_1	0.8333	0.2887	0.0000	0.0000	1	0.2560	2.8868	0.0039
A_144_1_A_142_1	B_58_1_B_54_1	-0.8333	0.2887	0.0000	0.0000	1	-0.2560	-2.8868	0.0039
A_144_1_A_142_1	B_63_1_B_59_1	-0.5000	0.0000	0.0000	0.0000	1	-0.5000	-inf	0.0000
A_144_1_A_142_1	B_89_1_B_86_1	-0.5000	0.0000	0.0000	0.0000	1	-0.5000	-inf	0.0000
A_150_1_A_133_0	A_144_1_A_142_1	-0.5000	0.0000	0.0000	0.0000	1	-0.5000	-inf	0.0000
A_150_1_A_133_0	B_131_0_B_160_1	0.6667	0.2887	0.0000	0.0000	1	0.0893	2.3094	0.0209
A_150_1_A_133_0	B_179_0_B_177_0	-0.5000	0.0000	0.0000	0.0000	1	-0.5000	-inf	0.0000
A_150_1_A_133_0	B_32_0_A_77_0	-0.6667	0.2887	0.0000	0.0000	1	-0.0893	-2.3094	0.0209
A_150_1_A_133_0	B_58_1_B_54_1	0.6667	0.2887	0.0000	0.0000	1	0.0893	2.3094	0.0209
A_150_1_A_133_0	B_6_0_B_4_1	0.5000	0.0000	0.0000	0.0000	1	0.5000	inf	0.0000
A_150_1_A_133_0	B_71_0_B_47_0	0.5000	0.0000	-0.6667	0.5774	1	0.0120	2.0207	0.0433
A_150_1_A_133_0	B_76_1_B_73_1	0.5000	0.0000	0.0000	0.0000	1	0.5000	inf	0.0000
A_156_0_A_158_0	A_121_0_A_149_0	0.0000	0.0000	0.8333	0.2887	1	-0.2560	-2.8868	0.0039
A_156_0_A_158_0	A_130_0_A_150_1	0.0000	0.0000	-1.0000	0.0000	1	1.0000	inf	0.0000
A_156_0_A_158_0	A_30_1_A_29_0	0.1667	0.2887	-0.6667	0.2887	1	0.0168	2.0412	0.0412
A_156_0_A_158_0	A_38_0_A_134_0	0.0000	0.0000	-0.6667	0.2887	1	0.0893	2.3094	0.0209
A_156_0_A_158_0	A_44_0_A_133_1	0.0000	0.0000	-1.0000	0.0000	1	1.0000	inf	0.0000
A_156_0_A_158_0	A_62_1_A_58_1	0.0000	0.0000	-0.8333	0.2887	1	0.2560	2.8868	0.0039
A_156_0_A_158_0	A_80_1_A_77_1	0.0000	0.0000	-0.8333	0.2887	1	0.2560	2.8868	0.0039
A_156_0_A_158_0	B_105_0_A_182_1	0.0000	0.0000	-0.8333	0.2887	1	0.2560	2.8868	0.0039
A_156_0_A_158_0	B_114_1_B_104_1	0.0000	0.0000	0.8333	0.2887	1	-0.2560	-2.8868	0.0039
A_156_0_A_158_0	B_70_1_B_67_1	0.0000	0.0000	0.8333	0.2887	1	-0.2560	-2.8868	0.0039
A_156_0_A_158_0	B_83_0_B_87_0	0.0000	0.0000	-0.6667	0.2887	1	0.0893	2.3094	0.0209
A_156_0_A_158_0	B_91_1_B_87_1	-0.1667	0.2887	0.6667	0.2887	1	-0.0168	-2.0412	0.0412
A_156_0_A_159_0	A_19_0_A_17_1	0.8333	0.2887	0.0000	0.0000	1	0.2560	2.8868	0.0039
A_156_0_A_159_0	B_6_0_B_4_1	0.5000	0.0000	0.0000	0.0000	1	0.5000	inf	0.0000
A_156_0_A_159_0	B_76_1_B_73_1	0.5000	0.0000	0.0000	0.0000	1	0.5000	inf	0.0000
A_156_0_A_159_0	B_80_0_B_76_0	0.6667	0.2887	0.0000	0.0000	1	0.0893	2.3094	0.0209
A_158_1_A_156_0	B_12_0_A_140_1	-0.6667	0.2887	0.1667	0.2887	1	-0.0168	-2.0412	0.0412
A_158_1_A_156_0	B_145_0_B_158_1	0.5000	0.0000	0.0000	0.0000	1	0.5000	inf	0.0000
A_158_1_A_156_0	B_157_0_B_146_1	-0.6667	0.2887	0.0000	0.0000	1	-0.0893	-2.3094	0.0209
A_158_1_A_156_0	B_16_0_A_4_0	-0.8333	0.2887	0.0000	0.0000	1	-0.2560	-2.8868	0.0039
A_158_1_A_156_0	B_32_0_A_77_0	0.6667	0.2887	-0.1667	0.2887	1	0.0168	2.0412	0.0412
A_17_1_A_17_0	A_124_0_A_159_0	0.6667	0.2887	0.0000	0.0000	1	0.0893	2.3094	0.0209
A_17_1_A_17_0	A_30_1_A_29_0	0.3333	0.2887	-0.6667	0.2887	1	0.1835	2.4495	0.0143
A_17_1_A_17_0	A_50_1_A_46_1	0.6667	0.2887	-0.6667	0.2887	1	0.5168	3.2660	0.0011
A_17_1_A_17_0	A_53_1_C_105_1	-0.5000	0.0000	0.0000	0.0000	1	-0.5000	-inf	0.0000
A_17_1_A_17_0	A_68_1_A_64_1	-0.6667	0.2887	0.8333	0.2887	1	-0.6835	-3.6742	0.0002
A_17_1_A_17_0	B_16_0_A_4_0	0.5000	0.0000	0.0000	0.0000	1	0.5000	inf	0.0000
A_17_1_A_17_0	B_81_0_C_106_1	0.0000	0.0000	0.8333	0.2887	1	-0.2560	-2.8868	0.0039
A_19_0_A_17_1	A_101_1_A_98_1	0.5000	0.0000	0.0000	0.0000	1	0.5000	inf	0.0000
A_19_0_A_17_1	A_156_0_A_159_0	0.8333	0.2887	0.0000	0.0000	1	0.2560	2.8868	0.0039
A_19_0_A_17_1	A_19_0_A_17_1	1.0000	0.0000	0.0000	0.0000	1	1.0000	inf	0.0000
A_19_0_A_17_1	A_50_0_A_47_0	0.6667	0.2887	0.0000	0.0000	1	0.0893	2.3094	0.0209
A_19_0_A_17_1	A_50_1_A_46_1	-0.6667	0.2887	0.0000	0.0000	1	-0.0893	-2.3094	0.0209
A_19_0_A_17_1	A_50_1_A_47_1	0.5000	0.0000	0.0000	0.0000	1	0.5000	inf	0.0000
A_19_0_A_17_1	A_68_1_A_64_1	0.6667	0.2887	0.0000	0.0000	1	0.0893	2.3094	0.0209
A_19_0_A_17_1	A_71_1_A_67_1	0.5000	0.0000	0.0000	0.0000	1	0.5000	inf	0.0000
A_19_0_A_17_1	A_95_1_A_103_0	0.6667	0.2887	0.0000	0.0000	1	0.0893	2.3094	0.0209
A_19_0_A_17_1	B_44_1_B_41_1	0.5000	0.0000	0.0000	0.0000	1	0.5000	inf	0.0000
A_19_0_A_17_1	B_62_1_B_58_1	-0.8333	0.2887	0.0000	0.0000	1	-0.2560	-2.8868	0.0039
A_19_0_A_17_1	B_6_0_B_4_1	0.6667	0.2887	0.0000	0.0000	1	0.0893	2.3094	0.0209
A_19_0_A_17_1	B_71_0_B_47_0	0.6667	0.2887	0.0000	0.0000	1	0.0893	2.3094	0.0209
A_19_0_A_17_1	B_72_0_B_69_0	0.6667	0.2887	0.0000	0.0000	1	0.0893	2.3094	0.0209
A_19_0_A_17_1	B_76_1_B_73_1	0.6667	0.2887	0.0000	0.0000	1	0.0893	2.3094	0.0209
A_19_0_A_17_1	B_80_0_B_76_0	0.8333	0.2887	0.0000	0.0000	1	0.2560	2.8868	0.0039
A_19_0_A_17_1	B_86_1_B_83_1	1.0000	0.0000	0.0000	0.0000	1	1.0000	inf	0.0000
A_19_0_A_17_1	B_91_1_B_87_1	0.8333	0.2887	0.0000	0.0000	1	0.2560	2.8868	0.0039
A_19_1_A_14_1	A_144_1_A_142_1	0.6667	0.2887	0.0000	0.0000	1	0.0893	2.3094	0.0209
A_19_1_A_14_1	B_157_0_B_146_1	1.0000	0.0000	0.0000	0.0000	1	1.0000	inf	0.0000
A_19_1_A_14_1	B_16_0_A_4_0	0.5000	0.0000	0.0000	0.0000	1	0.5000	inf	0.0000
A_19_1_A_14_1	B_29_0_A_141_0	0.5000	0.0000	-0.1667	0.2887	1	0.0893	2.3094	0.0209
A_19_1_A_14_1	B_32_0_A_77_0	-0.6667	0.2887	0.1667	0.2887	1	-0.0168	-2.0412	0.0412
A_27_1_A_6_1	A_28_1_A_25_0	1.0000	0.0000	-0.1667	0.2887	1	0.5893	4.0415	0.0001
A_27_1_A_6_1	A_64_1_A_60_1	-0.6667	0.2887	0.0000	0.0000	1	-0.0893	-2.3094	0.0209
A_27_1_A_6_1	A_68_1_A_64_1	-0.5000	0.0000	0.1667	0.2887	1	-0.0893	-2.3094	0.0209
A_27_1_A_6_1	A_6_1_A_27_0	0.5000	0.0000	0.0000	0.0000	1	0.5000	inf	0.0000
A_27_1_A_6_1	A_72_1_A_69_1	0.6667	0.2887	0.0000	0.0000	1	0.0893	2.3094	0.0209
A_27_1_A_6_1	B_106_1_B_113_0	0.5000	0.0000	0.0000	0.0000	1	0.5000	inf	0.0000
A_27_1_A_6_1	B_145_0_B_158_1	0.8333	0.2887	0.0000	0.0000	1	0.2560	2.8868	0.0039
A_27_1_A_6_1	B_29_0_A_141_0	0.6667	0.2887	0.0000	0.0000	1	0.0893	2.3094	0.0209
A_27_1_A_6_1	B_44_1_B_41_1	-0.6667	0.2887	0.0000	0.0000	1	-0.0893	-2.3094	0.0209
A_27_1_A_6_1	B_6_0_B_4_1	-0.5000	0.0000	0.0000	0.0000	1	-0.5000	-inf	0.0000
A_27_1_A_6_1	B_71_0_B_47_0	-0.5000	0.0000	0.0000	0.0000	1	-0.5000	-inf	0.0000
A_27_1_A_6_1	B_74_1_B_70_1	0.5000	0.0000	0.0000	0.0000	1	0.5000	inf	0.0000
A_27_1_A_6_1	B_76_1_B_73_1	-0.5000	0.0000	0.0000	0.0000	1	-0.5000	-inf	0.0000
A_28_1_A_25_0	A_27_1_A_6_1	1.0000	0.0000	-0.1667	0.2887	1	0.5893	4.0415	0.0001
A_28_1_A_25_0	A_64_1_A_60_1	-0.6667	0.2887	0.1667	0.2887	1	-0.0168	-2.0412	0.0412
A_28_1_A_25_0	A_72_1_A_69_1	0.6667	0.2887	0.0000	0.0000	1	0.0893	2.3094	0.0209
A_28_1_A_25_0	B_145_0_B_158_1	0.8333	0.2887	0.0000	0.0000	1	0.2560	2.8868	0.0039
A_28_1_A_25_0	B_153_1_A_29_0	-0.5000	0.0000	0.3333	0.2887	1	-0.2560	-2.8868	0.0039
A_28_1_A_25_0	B_63_1_B_59_1	0.5000	0.0000	-0.1667	0.2887	1	0.0893	2.3094	0.0209
A_28_1_A_25_0	B_6_0_B_4_1	-0.5000	0.0000	0.0000	0.0000	1	-0.5000	-inf	0.0000
A_28_1_A_25_0	B_74_1_B_70_1	0.5000	0.0000	-0.1667	0.2887	1	0.0893	2.3094	0.0209
A_28_1_A_25_0	B_76_1_B_73_1	-0.5000	0.0000	0.0000	0.0000	1	-0.5000	-inf	0.0000
A_30_1_A_29_0	A_121_0_A_149_0	0.0000	0.0000	-0.8333	0.2887	1	0.2560	2.8868	0.0039
A_30_1_A_29_0	A_140_1_A_144_1	0.1667	0.2887	-0.6667	0.2887	1	0.0168	2.0412	0.0412
A_30_1_A_29_0	A_156_0_A_158_0	0.1667	0.2887	-0.6667	0.2887	1	0.0168	2.0412	0.0412
A_30_1_A_29_0	A_17_1_A_17_0	0.3333	0.2887	-0.6667	0.2887	1	0.1835	2.4495	0.0143
A_30_1_A_29_0	A_44_0_A_133_1	0.0000	0.0000	0.6667	0.2887	1	-0.0893	-2.3094	0.0209
A_30_1_A_29_0	B_114_1_B_104_1	0.1667	0.2887	-0.8333	0.2887	1	0.1835	2.4495	0.0143
A_30_1_A_29_0	B_180_1_B_177_1	-0.5000	0.5000	0.6667	0.2887	1	-0.0120	-2.0207	0.0433
A_30_1_A_29_0	B_70_1_B_67_1	0.1667	0.2887	-0.8333	0.2887	1	0.1835	2.4495	0.0143
A_30_1_A_29_0	B_71_1_B_67_1	0.3333	0.2887	-1.0000	0.0000	1	0.7560	4.6188	0.0000
A_30_1_A_29_0	C_106_0_A_55_0	0.1667	0.2887	-0.6667	0.2887	1	0.0168	2.0412	0.0412
A_38_0_A_134_0	A_130_0_A_150_1	-0.1667	0.2887	0.6667	0.2887	1	-0.0168	-2.0412	0.0412
A_38_0_A_134_0	A_156_0_A_158_0	0.0000	0.0000	-0.6667	0.2887	1	0.0893	2.3094	0.0209
A_38_0_A_134_0	A_44_0_A_133_1	0.0000	0.0000	0.6667	0.2887	1	-0.0893	-2.3094	0.0209
A_38_0_A_134_0	A_71_1_A_67_1	-0.5000	0.5000	0.8333	0.2887	1	-0.1786	-2.3094	0.0209
A_38_0_A_134_0	A_75_1_A_72_1	-0.3333	0.2887	1.0000	0.0000	1	-0.7560	-4.6188	0.0000
A_41_0_A_54_1	A_50_0_A_47_0	0.6667	0.2887	-0.1667	0.2887	1	0.0168	2.0412	0.0412
A_41_0_A_54_1	A_6_1_A_27_0	0.5000	0.0000	0.0000	0.0000	1	0.5000	inf	0.0000
A_41_0_A_54_1	B_104_0_B_114_1	0.5000	0.0000	0.0000	0.0000	1	0.5000	inf	0.0000
A_41_0_A_54_1	B_12_0_A_140_1	0.5000	0.0000	0.0000	0.0000	1	0.5000	inf	0.0000
A_41_0_A_54_1	B_130_0_B_137_0	-0.5000	0.0000	0.1667	0.2887	1	-0.0893	-2.3094	0.0209
A_41_0_A_54_1	B_131_0_B_160_1	-0.6667	0.2887	0.1667	0.2887	1	-0.0168	-2.0412	0.0412
A_41_0_A_54_1	B_153_1_A_29_0	-0.5000	0.0000	0.1667	0.2887	1	-0.0893	-2.3094	0.0209
A_41_0_A_54_1	B_168_1_B_190_0	-0.6667	0.2887	0.1667	0.2887	1	-0.0168	-2.0412	0.0412
A_41_0_A_54_1	B_179_0_B_177_0	0.5000	0.0000	0.0000	0.0000	1	0.5000	inf	0.0000
A_41_0_A_54_1	B_29_0_A_141_0	0.6667	0.2887	0.0000	0.0000	1	0.0893	2.3094	0.0209
A_41_0_A_54_1	B_59_1_B_55_1	-0.6667	0.2887	0.0000	0.0000	1	-0.0893	-2.3094	0.0209
A_41_0_A_54_1	B_63_1_B_59_1	0.5000	0.0000	-0.1667	0.2887	1	0.0893	2.3094	0.0209
A_41_0_A_54_1	B_74_1_B_70_1	0.5000	0.0000	0.0000	0.0000	1	0.5000	inf	0.0000
A_41_0_A_54_1	C_104_1_A_51_1	1.0000	0.0000	-0.1667	0.2887	1	0.5893	4.0415	0.0001
A_44_0_A_133_1	A_121_0_A_149_0	0.0000	0.0000	-0.8333	0.2887	1	0.2560	2.8868	0.0039
A_44_0_A_133_1	A_130_0_A_150_1	0.0000	0.0000	1.0000	0.0000	1	-1.0000	-inf	0.0000
A_44_0_A_133_1	A_144_1_A_142_0	0.0000	0.0000	0.8333	0.2887	1	-0.2560	-2.8868	0.0039
A_44_0_A_133_1	A_156_0_A_158_0	0.0000	0.0000	-1.0000	0.0000	1	1.0000	inf	0.0000
A_44_0_A_133_1	A_30_1_A_29_0	0.0000	0.0000	0.6667	0.2887	1	-0.0893	-2.3094	0.0209
A_44_0_A_133_1	A_38_0_A_134_0	0.0000	0.0000	0.6667	0.2887	1	-0.0893	-2.3094	0.0209
A_44_0_A_133_1	A_44_0_A_133_1	0.0000	0.0000	1.0000	0.0000	1	-1.0000	-inf	0.0000
A_44_0_A_133_1	A_62_1_A_58_1	0.0000	0.0000	0.8333	0.2887	1	-0.2560	-2.8868	0.0039
A_44_0_A_133_1	A_71_1_A_67_1	0.0000	0.0000	0.8333	0.2887	1	-0.2560	-2.8868	0.0039
A_44_0_A_133_1	A_75_1_A_72_1	0.0000	0.0000	0.6667	0.2887	1	-0.0893	-2.3094	0.0209
A_44_0_A_133_1	A_80_1_A_77_1	0.0000	0.0000	0.8333	0.2887	1	-0.2560	-2.8868	0.0039
A_44_0_A_133_1	B_105_0_A_182_1	0.0000	0.0000	0.8333	0.2887	1	-0.2560	-2.8868	0.0039
A_44_0_A_133_1	B_114_1_B_104_1	0.0000	0.0000	-0.8333	0.2887	1	0.2560	2.8868	0.0039
A_44_0_A_133_1	B_48_0_B_47_1	0.0000	0.0000	0.8333	0.2887	1	-0.2560	-2.8868	0.0039
A_44_0_A_133_1	B_51_1_B_37_1	0.0000	0.0000	0.8333	0.2887	1	-0.2560	-2.8868	0.0039
A_44_0_A_133_1	B_70_1_B_67_1	0.0000	0.0000	-0.8333	0.2887	1	0.2560	2.8868	0.0039
A_44_0_A_133_1	B_71_1_B_67_1	0.0000	0.0000	-0.6667	0.2887	1	0.0893	2.3094	0.0209
A_44_0_A_133_1	B_83_0_B_87_0	0.0000	0.0000	0.6667	0.2887	1	-0.0893	-2.3094	0.0209
A_44_0_A_133_1	B_91_1_B_87_1	0.0000	0.0000	-0.6667	0.2887	1	0.0893	2.3094	0.0209
A_44_0_A_133_1	B_94_0_B_178_1	0.0000	0.0000	0.6667	0.2887	1	-0.0893	-2.3094	0.0209
A_46_1_A_44_1	A_144_1_A_142_1	-0.8333	0.2887	0.0000	0.0000	1	-0.2560	-2.8868	0.0039
A_46_1_A_44_1	A_5_0_A_27_0	0.5000	0.0000	-0.1667	0.2887	1	0.0893	2.3094	0.0209
A_46_1_A_44_1	A_6_1_A_27_0	0.6667	0.2887	0.0000	0.0000	1	0.0893	2.3094	0.0209
A_46_1_A_44_1	B_157_0_B_146_1	-0.5000	0.0000	0.0000	0.0000	1	-0.5000	-inf	0.0000
A_46_1_A_44_1	B_29_0_A_141_0	0.5000	0.0000	0.0000	0.0000	1	0.5000	inf	0.0000
A_46_1_A_44_1	B_55_1_B_52_1	-0.6667	0.2887	0.5000	0.5000	1	-0.0120	-2.0207	0.0433
A_49_1_A_45_1	A_121_0_A_149_0	0.0000	0.0000	-0.8333	0.2887	1	0.2560	2.8868	0.0039
A_49_1_A_45_1	A_62_1_A_58_1	0.0000	0.0000	0.8333	0.2887	1	-0.2560	-2.8868	0.0039
A_49_1_A_45_1	B_111_0_A_184_0	0.0000	0.0000	1.0000	0.0000	1	-1.0000	-inf	0.0000
A_49_1_A_45_1	B_180_1_B_177_1	-0.1667	0.2887	1.0000	0.0000	1	-0.5893	-4.0415	0.0001
A_49_1_A_45_1	B_70_1_B_67_1	0.0000	0.0000	-0.8333	0.2887	1	0.2560	2.8868	0.0039
A_49_1_A_45_1	B_71_1_B_67_1	0.1667	0.2887	-0.6667	0.2887	1	0.0168	2.0412	0.0412
A_49_1_A_45_1	B_93_0_B_89_1	0.0000	0.0000	0.8333	0.2887	1	-0.2560	-2.8868	0.0039
A_50_0_A_47_0	A_19_0_A_17_1	0.6667	0.2887	0.0000	0.0000	1	0.0893	2.3094	0.0209
A_50_0_A_47_0	A_41_0_A_54_1	0.6667	0.2887	-0.1667	0.2887	1	0.0168	2.0412	0.0412
A_50_0_A_47_0	A_59_1_A_56_1	0.5000	0.0000	0.0000	0.0000	1	0.5000	inf	0.0000
A_50_0_A_47_0	B_12_0_A_140_1	0.8333	0.2887	-0.1667	0.2887	1	0.1835	2.4495	0.0143
A_50_0_A_47_0	B_157_0_B_146_1	0.5000	0.0000	0.0000	0.0000	1	0.5000	inf	0.0000
A_50_0_A_47_0	B_168_1_B_190_0	-0.6667	0.2887	0.1667	0.2887	1	-0.0168	-2.0412	0.0412
A_50_0_A_47_0	B_59_1_B_55_1	-0.6667	0.2887	0.1667	0.2887	1	-0.0168	-2.0412	0.0412
A_50_0_A_47_0	B_78_1_B_74_1	-0.6667	0.2887	0.6667	0.5774	1	-0.0423	-2.0656	0.0389
A_50_0_A_47_0	B_80_0_B_76_0	0.5000	0.0000	0.0000	0.0000	1	0.5000	inf	0.0000
A_50_0_A_47_0	B_91_1_B_87_1	0.8333	0.2887	-0.5000	0.5000	1	0.1786	2.3094	0.0209
A_50_0_A_47_0	C_104_1_A_51_1	0.6667	0.2887	-0.1667	0.2887	1	0.0168	2.0412	0.0412
A_50_1_A_46_1	A_124_0_A_159_0	0.6667	0.2887	0.0000	0.0000	1	0.0893	2.3094	0.0209
A_50_1_A_46_1	A_17_1_A_17_0	0.6667	0.2887	-0.6667	0.2887	1	0.5168	3.2660	0.0011
A_50_1_A_46_1	A_19_0_A_17_1	-0.6667	0.2887	0.0000	0.0000	1	-0.0893	-2.3094	0.0209
A_50_1_A_46_1	A_5_0_A_27_0	0.8333	0.2887	-0.1667	0.2887	1	0.1835	2.4495	0.0143
A_50_1_A_46_1	B_106_1_B_110_0	0.6667	0.2887	-0.5000	0.5000	1	0.0120	2.0207	0.0433
A_50_1_A_46_1	B_106_1_B_113_0	-0.5000	0.0000	0.6667	0.5774	1	-0.0120	-2.0207	0.0433
A_50_1_A_46_1	B_107_1_B_110_0	0.6667	0.2887	-0.5000	0.5000	1	0.0120	2.0207	0.0433
A_50_1_A_46_1	B_72_0_B_69_0	-0.6667	0.2887	0.6667	0.2887	1	-0.5168	-3.2660	0.0011
A_50_1_A_46_1	B_81_0_C_106_1	0.0000	0.0000	-0.8333	0.2887	1	0.2560	2.8868	0.0039
A_50_1_A_47_1	A_124_0_A_159_0	-0.5000	0.0000	0.0000	0.0000	1	-0.5000	-inf	0.0000
A_50_1_A_47_1	A_19_0_A_17_1	0.5000	0.0000	0.0000	0.0000	1	0.5000	inf	0.0000
A_50_1_A_47_1	A_5_0_A_27_0	-0.6667	0.2887	0.1667	0.2887	1	-0.0168	-2.0412	0.0412
A_50_1_A_47_1	B_106_1_B_113_0	0.6667	0.2887	0.0000	0.0000	1	0.0893	2.3094	0.0209
A_50_1_A_47_1	B_145_0_B_158_1	-0.5000	0.0000	0.0000	0.0000	1	-0.5000	-inf	0.0000
A_50_1_A_47_1	B_59_1_B_55_1	-0.5000	0.0000	0.0000	0.0000	1	-0.5000	-inf	0.0000
A_50_1_A_47_1	B_67_1_B_64_1	-0.6667	0.2887	0.0000	0.0000	1	-0.0893	-2.3094	0.0209
A_50_1_A_47_1	B_89_1_B_86_1	0.6667	0.2887	-0.1667	0.2887	1	0.0168	2.0412	0.0412
A_50_1_A_47_1	B_91_1_B_87_1	0.6667	0.2887	-0.1667	0.2887	1	0.0168	2.0412	0.0412
A_53_1_C_105_1	A_124_0_A_159_0	-0.8333	0.2887	0.0000	0.0000	1	-0.2560	-2.8868	0.0039
A_53_1_C_105_1	A_17_1_A_17_0	-0.5000	0.0000	0.0000	0.0000	1	-0.5000	-inf	0.0000
A_53_1_C_105_1	A_53_1_C_105_1	1.0000	0.0000	0.0000	0.0000	1	1.0000	inf	0.0000
A_53_1_C_105_1	A_59_1_A_56_1	-0.5000	0.0000	0.0000	0.0000	1	-0.5000	-inf	0.0000
A_53_1_C_105_1	A_64_1_A_60_1	-0.8333	0.2887	0.0000	0.0000	1	-0.2560	-2.8868	0.0039
A_53_1_C_105_1	A_72_1_A_69_1	0.8333	0.2887	0.0000	0.0000	1	0.2560	2.8868	0.0039
A_53_1_C_105_1	B_106_1_B_110_0	-0.8333	0.2887	0.0000	0.0000	1	-0.2560	-2.8868	0.0039
A_53_1_C_105_1	B_106_1_B_113_0	0.6667	0.2887	0.0000	0.0000	1	0.0893	2.3094	0.0209
A_53_1_C_105_1	B_107_1_B_110_0	-0.8333	0.2887	0.0000	0.0000	1	-0.2560	-2.8868	0.0039
A_53_1_C_105_1	B_153_1_A_29_0	-0.6667	0.2887	0.0000	0.0000	1	-0.0893	-2.3094	0.0209
A_53_1_C_105_1	B_168_1_B_190_0	0.6667	0.2887	0.0000	0.0000	1	0.0893	2.3094	0.0209
A_53_1_C_105_1	B_180_1_B_177_1	0.8333	0.2887	0.0000	0.0000	1	0.2560	2.8868	0.0039
A_53_1_C_105_1	B_29_0_A_141_0	0.5000	0.0000	0.0000	0.0000	1	0.5000	inf	0.0000
A_53_1_C_105_1	B_58_1_B_54_1	0.6667	0.2887	0.0000	0.0000	1	0.0893	2.3094	0.0209
A_53_1_C_105_1	B_78_1_B_74_1	0.6667	0.2887	0.0000	0.0000	1	0.0893	2.3094	0.0209
A_59_1_A_56_1	A_101_1_A_98_1	-0.8333	0.2887	0.0000	0.0000	1	-0.2560	-2.8868	0.0039
A_59_1_A_56_1	A_50_0_A_47_0	0.5000	0.0000	0.0000	0.0000	1	0.5000	inf	0.0000
A_59_1_A_56_1	A_53_1_C_105_1	-0.5000	0.0000	0.0000	0.0000	1	-0.5000	-inf	0.0000
A_59_1_A_56_1	B_130_0_B_128_0	-0.5000	0.0000	0.0000	0.0000	1	-0.5000	-inf	0.0000
A_59_1_A_56_1	B_131_0_B_160_1	-0.5000	0.0000	0.0000	0.0000	1	-0.5000	-inf	0.0000
A_59_1_A_56_1	B_168_1_B_190_0	-0.8333	0.2887	0.0000	0.0000	1	-0.2560	-2.8868	0.0039
A_59_1_A_56_1	B_16_0_A_4_0	0.5000	0.0000	0.0000	0.0000	1	0.5000	inf	0.0000
A_59_1_A_56_1	B_44_1_B_41_1	-0.8333	0.2887	0.0000	0.0000	1	-0.2560	-2.8868	0.0039
A_59_1_A_56_1	B_6_0_B_4_1	-0.6667	0.2887	0.0000	0.0000	1	-0.0893	-2.3094	0.0209
A_59_1_A_56_1	B_76_1_B_73_1	-0.6667	0.2887	0.0000	0.0000	1	-0.0893	-2.3094	0.0209
A_59_1_A_56_1	B_78_1_B_74_1	-0.8333	0.2887	0.0000	0.0000	1	-0.2560	-2.8868	0.0039
A_59_1_A_56_1	B_80_0_B_76_0	-0.5000	0.0000	0.0000	0.0000	1	-0.5000	-inf	0.0000
A_5_0_A_27_0	A_46_1_A_44_1	0.5000	0.0000	-0.1667	0.2887	1	0.0893	2.3094	0.0209
A_5_0_A_27_0	A_50_1_A_46_1	0.8333	0.2887	-0.1667	0.2887	1	0.1835	2.4495	0.0143
A_5_0_A_27_0	A_50_1_A_47_1	-0.6667	0.2887	0.1667	0.2887	1	-0.0168	-2.0412	0.0412
A_5_0_A_27_0	A_6_1_A_27_0	0.8333	0.2887	0.0000	0.0000	1	0.2560	2.8868	0.0039
A_5_0_A_27_0	A_71_1_A_67_1	-0.6667	0.2887	0.1667	0.2887	1	-0.0168	-2.0412	0.0412
A_5_0_A_27_0	B_130_0_B_128_0	0.5000	0.0000	0.0000	0.0000	1	0.5000	inf	0.0000
A_5_0_A_27_0	B_145_0_B_158_1	0.8333	0.2887	0.0000	0.0000	1	0.2560	2.8868	0.0039
A_5_0_A_27_0	B_16_0_A_4_0	-0.5000	0.0000	0.0000	0.0000	1	-0.5000	-inf	0.0000
A_5_0_A_27_0	B_62_1_B_58_1	0.6667	0.2887	-0.1667	0.2887	1	0.0168	2.0412	0.0412
A_5_0_A_27_0	B_67_1_B_64_1	0.6667	0.2887	0.0000	0.0000	1	0.0893	2.3094	0.0209
A_5_0_A_27_0	B_89_1_B_86_1	-0.6667	0.2887	0.1667	0.2887	1	-0.0168	-2.0412	0.0412
A_62_0_C_110_1	A_71_1_A_67_1	-0.3333	0.2887	0.8333	0.2887	1	-0.3502	-2.8577	0.0043
A_62_0_C_110_1	B_83_0_B_87_0	0.0000	0.0000	0.6667	0.2887	1	-0.0893	-2.3094	0.0209
A_62_1_A_58_1	A_121_0_A_149_0	-0.1667	0.2887	-1.0000	0.0000	1	0.2560	2.8868	0.0039
A_62_1_A_58_1	A_156_0_A_158_0	0.0000	0.0000	-0.8333	0.2887	1	0.2560	2.8868	0.0039
A_62_1_A_58_1	A_44_0_A_133_1	0.0000	0.0000	0.8333	0.2887	1	-0.2560	-2.8868	0.0039
A_62_1_A_58_1	A_49_1_A_45_1	0.0000	0.0000	0.8333	0.2887	1	-0.2560	-2.8868	0.0039
A_62_1_A_58_1	B_180_1_B_177_1	-0.3333	0.2887	0.8333	0.2887	1	-0.3502	-2.8577	0.0043
A_62_1_A_58_1	B_48_0_B_47_1	0.0000	0.0000	0.6667	0.2887	1	-0.0893	-2.3094	0.0209
A_62_1_A_58_1	B_91_1_B_87_1	0.3333	0.2887	-0.8333	0.2887	1	0.3502	2.8577	0.0043
A_62_1_A_58_1	C_105_1_A_51_1	-0.1667	0.2887	0.8333	0.2887	1	-0.1835	-2.4495	0.0143
A_64_1_A_60_1	A_124_0_A_159_0	0.6667	0.2887	0.0000	0.0000	1	0.0893	2.3094	0.0209
A_64_1_A_60_1	A_144_1_A_142_1	0.6667	0.2887	0.0000	0.0000	1	0.0893	2.3094	0.0209
A_64_1_A_60_1	A_27_1_A_6_1	-0.6667	0.2887	0.0000	0.0000	1	-0.0893	-2.3094	0.0209
A_64_1_A_60_1	A_28_1_A_25_0	-0.6667	0.2887	0.1667	0.2887	1	-0.0168	-2.0412	0.0412
A_64_1_A_60_1	A_53_1_C_105_1	-0.8333	0.2887	0.0000	0.0000	1	-0.2560	-2.8868	0.0039
A_64_1_A_60_1	A_72_1_A_69_1	-1.0000	0.0000	0.3333	0.5774	1	-0.1786	-2.3094	0.0209
A_64_1_A_60_1	B_106_1_B_110_0	0.6667	0.2887	-0.1667	0.2887	1	0.0168	2.0412	0.0412
A_64_1_A_60_1	B_106_1_B_113_0	-0.8333	0.2887	0.6667	0.5774	1	-0.2090	-2.3238	0.0201
A_64_1_A_60_1	B_107_1_B_110_0	0.6667	0.2887	-0.1667	0.2887	1	0.0168	2.0412	0.0412
A_64_1_A_60_1	B_180_1_B_177_1	-0.6667	0.2887	0.5000	0.5000	1	-0.0120	-2.0207	0.0433
A_64_1_A_60_1	B_29_0_A_141_0	-0.6667	0.2887	0.1667	0.2887	1	-0.0168	-2.0412	0.0412
A_64_1_A_60_1	B_58_1_B_54_1	-0.8333	0.2887	0.0000	0.0000	1	-0.2560	-2.8868	0.0039
A_68_1_A_64_1	A_124_0_A_159_0	-0.6667	0.2887	0.0000	0.0000	1	-0.0893	-2.3094	0.0209
A_68_1_A_64_1	A_17_1_A_17_0	-0.6667	0.2887	0.8333	0.2887	1	-0.6835	-3.6742	0.0002
A_68_1_A_64_1	A_19_0_A_17_1	0.6667	0.2887	0.0000	0.0000	1	0.0893	2.3094	0.0209
A_68_1_A_64_1	A_27_1_A_6_1	-0.5000	0.0000	0.1667	0.2887	1	-0.0893	-2.3094	0.0209
A_68_1_A_64_1	B_106_1_B_110_0	-0.6667	0.2887	0.3333	0.2887	1	-0.1835	-2.4495	0.0143
A_68_1_A_64_1	B_106_1_B_113_0	0.5000	0.0000	-0.6667	0.5774	1	0.0120	2.0207	0.0433
A_68_1_A_64_1	B_107_1_B_110_0	-0.6667	0.2887	0.3333	0.2887	1	-0.1835	-2.4495	0.0143
A_68_1_A_64_1	B_72_0_B_69_0	0.6667	0.2887	-0.8333	0.2887	1	0.6835	3.6742	0.0002
A_68_1_A_64_1	B_81_0_C_106_1	0.0000	0.0000	1.0000	0.0000	1	-1.0000	-inf	0.0000
A_6_1_A_27_0	A_144_1_A_142_1	-0.5000	0.0000	0.0000	0.0000	1	-0.5000	-inf	0.0000
A_6_1_A_27_0	A_27_1_A_6_1	0.5000	0.0000	0.0000	0.0000	1	0.5000	inf	0.0000
A_6_1_A_27_0	A_41_0_A_54_1	0.5000	0.0000	0.0000	0.0000	1	0.5000	inf	0.0000
A_6_1_A_27_0	A_46_1_A_44_1	0.6667	0.2887	0.0000	0.0000	1	0.0893	2.3094	0.0209
A_6_1_A_27_0	A_5_0_A_27_0	0.8333	0.2887	0.0000	0.0000	1	0.2560	2.8868	0.0039
A_6_1_A_27_0	B_145_0_B_158_1	0.6667	0.2887	0.0000	0.0000	1	0.0893	2.3094	0.0209
A_6_1_A_27_0	B_16_0_A_4_0	-0.6667	0.2887	0.0000	0.0000	1	-0.0893	-2.3094	0.0209
A_6_1_A_27_0	B_51_0_B_36_1	-0.5000	0.0000	0.1667	0.2887	1	-0.0893	-2.3094	0.0209
A_6_1_A_27_0	B_55_1_B_52_1	-0.6667	0.2887	0.0000	0.0000	1	-0.0893	-2.3094	0.0209
A_6_1_A_27_0	B_63_1_B_59_1	1.0000	0.0000	0.0000	0.0000	1	1.0000	inf	0.0000
A_6_1_A_27_0	C_104_1_A_51_1	0.5000	0.0000	0.0000	0.0000	1	0.5000	inf	0.0000
A_71_1_A_67_1	A_124_0_A_159_0	-0.5000	0.0000	0.0000	0.0000	1	-0.5000	-inf	0.0000
A_71_1_A_67_1	A_144_1_A_142_0	0.3333	0.2887	1.0000	0.0000	1	-0.0893	-2.3094	0.0209
A_71_1_A_67_1	A_19_0_A_17_1	0.5000	0.0000	0.0000	0.0000	1	0.5000	inf	0.0000
A_71_1_A_67_1	A_38_0_A_134_0	-0.5000	0.5000	0.8333	0.2887	1	-0.1786	-2.3094	0.0209
A_71_1_A_67_1	A_44_0_A_133_1	0.0000	0.0000	0.8333	0.2887	1	-0.2560	-2.8868	0.0039
A_71_1_A_67_1	A_5_0_A_27_0	-0.6667	0.2887	0.1667	0.2887	1	-0.0168	-2.0412	0.0412
A_71_1_A_67_1	A_62_0_C_110_1	-0.3333	0.2887	0.8333	0.2887	1	-0.3502	-2.8577	0.0043
A_71_1_A_67_1	B_106_1_B_110_0	-0.5000	0.0000	0.6667	0.5774	1	-0.0120	-2.0207	0.0433
A_71_1_A_67_1	B_107_1_B_110_0	-0.5000	0.0000	0.6667	0.5774	1	-0.0120	-2.0207	0.0433
A_71_1_A_67_1	B_67_1_B_64_1	-0.6667	0.2887	0.5000	0.5000	1	-0.0120	-2.0207	0.0433
A_71_1_A_67_1	B_83_0_B_87_0	0.0000	0.0000	0.8333	0.2887	1	-0.2560	-2.8868	0.0039
A_71_1_A_67_1	B_89_1_B_86_1	0.6667	0.2887	-0.3333	0.2887	1	0.1835	2.4495	0.0143
A_72_1_A_69_1	A_124_0_A_159_0	-0.6667	0.2887	0.0000	0.0000	1	-0.0893	-2.3094	0.0209
A_72_1_A_69_1	A_144_1_A_142_1	-0.6667	0.2887	0.0000	0.0000	1	-0.0893	-2.3094	0.0209
A_72_1_A_69_1	A_27_1_A_6_1	0.6667	0.2887	0.0000	0.0000	1	0.0893	2.3094	0.0209
A_72_1_A_69_1	A_28_1_A_25_0	0.6667	0.2887	0.0000	0.0000	1	0.0893	2.3094	0.0209
A_72_1_A_69_1	A_53_1_C_105_1	0.8333	0.2887	0.0000	0.0000	1	0.2560	2.8868	0.0039
A_72_1_A_69_1	A_64_1_A_60_1	-1.0000	0.0000	0.3333	0.5774	1	-0.1786	-2.3094	0.0209
A_72_1_A_69_1	B_106_1_B_110_0	-0.6667	0.2887	0.0000	0.0000	1	-0.0893	-2.3094	0.0209
A_72_1_A_69_1	B_107_1_B_110_0	-0.6667	0.2887	0.0000	0.0000	1	-0.0893	-2.3094	0.0209
A_72_1_A_69_1	B_153_1_A_29_0	-0.8333	0.2887	0.0000	0.0000	1	-0.2560	-2.8868	0.0039
A_72_1_A_69_1	B_29_0_A_141_0	0.6667	0.2887	0.0000	0.0000	1	0.0893	2.3094	0.0209
A_72_1_A_69_1	B_58_1_B_54_1	0.8333	0.2887	0.0000	0.0000	1	0.2560	2.8868	0.0039
A_75_1_A_72_1	A_130_0_A_150_1	-0.1667	0.2887	0.6667	0.2887	1	-0.0168	-2.0412	0.0412
A_75_1_A_72_1	A_38_0_A_134_0	-0.3333	0.2887	1.0000	0.0000	1	-0.7560	-4.6188	0.0000
A_75_1_A_72_1	A_44_0_A_133_1	0.0000	0.0000	0.6667	0.2887	1	-0.0893	-2.3094	0.0209
A_75_1_A_72_1	B_130_0_B_128_0	-0.8333	0.2887	0.1667	0.2887	1	-0.1835	-2.4495	0.0143
A_75_1_A_72_1	B_179_0_B_177_0	-0.5000	0.0000	0.0000	0.0000	1	-0.5000	-inf	0.0000
A_75_1_A_72_1	B_44_1_B_41_1	-0.8333	0.2887	0.1667	0.2887	1	-0.1835	-2.4495	0.0143
A_75_1_A_72_1	B_63_1_B_59_1	-0.5000	0.0000	0.1667	0.2887	1	-0.0893	-2.3094	0.0209
A_80_1_A_77_1	A_144_1_A_142_0	0.1667	0.2887	1.0000	0.0000	1	-0.2560	-2.8868	0.0039
A_80_1_A_77_1	A_156_0_A_158_0	0.0000	0.0000	-0.8333	0.2887	1	0.2560	2.8868	0.0039
A_80_1_A_77_1	A_44_0_A_133_1	0.0000	0.0000	0.8333	0.2887	1	-0.2560	-2.8868	0.0039
A_80_1_A_77_1	B_105_0_A_182_1	-0.1667	0.2887	0.6667	0.2887	1	-0.0168	-2.0412	0.0412
A_80_1_A_77_1	B_48_0_B_47_1	0.0000	0.0000	0.6667	0.2887	1	-0.0893	-2.3094	0.0209
A_80_1_A_77_1	B_83_0_B_87_0	0.0000	0.0000	0.8333	0.2887	1	-0.2560	-2.8868	0.0039
A_95_1_A_103_0	A_124_0_A_159_0	-0.6667	0.2887	0.0000	0.0000	1	-0.0893	-2.3094	0.0209
A_95_1_A_103_0	A_144_1_A_142_1	0.5000	0.0000	0.0000	0.0000	1	0.5000	inf	0.0000
A_95_1_A_103_0	A_19_0_A_17_1	0.6667	0.2887	0.0000	0.0000	1	0.0893	2.3094	0.0209
A_95_1_A_103_0	B_106_1_B_110_0	-0.6667	0.2887	0.1667	0.2887	1	-0.0168	-2.0412	0.0412
A_95_1_A_103_0	B_107_1_B_110_0	-0.6667	0.2887	0.1667	0.2887	1	-0.0168	-2.0412	0.0412
A_95_1_A_103_0	B_51_0_B_36_1	0.5000	0.0000	-0.1667	0.2887	1	0.0893	2.3094	0.0209
A_95_1_A_103_0	B_55_1_B_52_1	0.6667	0.2887	0.0000	0.0000	1	0.0893	2.3094	0.0209
A_95_1_A_103_0	B_72_0_B_69_0	0.6667	0.2887	-0.1667	0.2887	1	0.0168	2.0412	0.0412
A_95_1_A_103_0	B_91_1_B_87_1	0.5000	0.0000	-0.1667	0.2887	1	0.0893	2.3094	0.0209
B_104_0_B_114_1	A_41_0_A_54_1	0.5000	0.0000	0.0000	0.0000	1	0.5000	inf	0.0000
B_104_0_B_114_1	B_130_0_B_137_0	-1.0000	0.0000	0.0000	0.0000	1	-1.0000	-inf	0.0000
B_104_0_B_114_1	B_131_0_B_160_1	-0.8333	0.2887	0.0000	0.0000	1	-0.2560	-2.8868	0.0039
B_104_0_B_114_1	B_179_0_B_177_0	1.0000	0.0000	0.0000	0.0000	1	1.0000	inf	0.0000
B_104_0_B_114_1	B_179_0_B_95_1	-0.8333	0.2887	0.1667	0.2887	1	-0.1835	-2.4495	0.0143
B_104_0_B_114_1	B_32_0_A_77_0	0.8333	0.2887	0.0000	0.0000	1	0.2560	2.8868	0.0039
B_104_0_B_114_1	B_51_0_B_36_1	-0.5000	0.0000	0.1667	0.2887	1	-0.0893	-2.3094	0.0209
B_104_0_B_114_1	B_57_1_B_54_1	-0.8333	0.2887	0.1667	0.2887	1	-0.1835	-2.4495	0.0143
B_104_0_B_114_1	B_60_1_B_57_1	0.6667	0.2887	-0.1667	0.2887	1	0.0168	2.0412	0.0412
B_104_0_B_114_1	B_74_1_B_70_1	-0.5000	0.0000	0.1667	0.2887	1	-0.0893	-2.3094	0.0209
B_104_0_B_114_1	C_104_1_A_51_1	0.5000	0.0000	0.0000	0.0000	1	0.5000	inf	0.0000
B_105_0_A_182_1	A_121_0_A_149_0	0.0000	0.0000	-0.6667	0.2887	1	0.0893	2.3094	0.0209
B_105_0_A_182_1	A_144_1_A_142_0	0.0000	0.0000	0.6667	0.2887	1	-0.0893	-2.3094	0.0209
B_105_0_A_182_1	A_156_0_A_158_0	0.0000	0.0000	-0.8333	0.2887	1	0.2560	2.8868	0.0039
B_105_0_A_182_1	A_44_0_A_133_1	0.0000	0.0000	0.8333	0.2887	1	-0.2560	-2.8868	0.0039
B_105_0_A_182_1	A_80_1_A_77_1	-0.1667	0.2887	0.6667	0.2887	1	-0.0168	-2.0412	0.0412
B_105_0_A_182_1	B_91_1_B_87_1	0.1667	0.2887	-0.8333	0.2887	1	0.1835	2.4495	0.0143
B_106_1_B_110_0	A_124_0_A_159_0	1.0000	0.0000	0.0000	0.0000	1	1.0000	inf	0.0000
B_106_1_B_110_0	A_50_1_A_46_1	0.6667	0.2887	-0.5000	0.5000	1	0.0120	2.0207	0.0433
B_106_1_B_110_0	A_53_1_C_105_1	-0.8333	0.2887	0.0000	0.0000	1	-0.2560	-2.8868	0.0039
B_106_1_B_110_0	A_64_1_A_60_1	0.6667	0.2887	-0.1667	0.2887	1	0.0168	2.0412	0.0412
B_106_1_B_110_0	A_68_1_A_64_1	-0.6667	0.2887	0.3333	0.2887	1	-0.1835	-2.4495	0.0143
B_106_1_B_110_0	A_71_1_A_67_1	-0.5000	0.0000	0.6667	0.5774	1	-0.0120	-2.0207	0.0433
B_106_1_B_110_0	A_72_1_A_69_1	-0.6667	0.2887	0.0000	0.0000	1	-0.0893	-2.3094	0.0209
B_106_1_B_110_0	A_95_1_A_103_0	-0.6667	0.2887	0.1667	0.2887	1	-0.0168	-2.0412	0.0412
B_106_1_B_113_0	A_124_0_A_159_0	-0.8333	0.2887	0.0000	0.0000	1	-0.2560	-2.8868	0.0039
B_106_1_B_113_0	A_144_1_A_142_1	-0.5000	0.0000	0.0000	0.0000	1	-0.5000	-inf	0.0000
B_106_1_B_113_0	A_27_1_A_6_1	0.5000	0.0000	0.0000	0.0000	1	0.5000	inf	0.0000
B_106_1_B_113_0	A_50_1_A_46_1	-0.5000	0.0000	0.6667	0.5774	1	-0.0120	-2.0207	0.0433
B_106_1_B_113_0	A_50_1_A_47_1	0.6667	0.2887	0.0000	0.0000	1	0.0893	2.3094	0.0209
B_106_1_B_113_0	A_53_1_C_105_1	0.6667	0.2887	0.0000	0.0000	1	0.0893	2.3094	0.0209
B_106_1_B_113_0	A_64_1_A_60_1	-0.8333	0.2887	0.6667	0.5774	1	-0.2090	-2.3238	0.0201
B_106_1_B_113_0	A_68_1_A_64_1	0.5000	0.0000	-0.6667	0.5774	1	0.0120	2.0207	0.0433
B_106_1_B_113_0	B_58_1_B_54_1	0.6667	0.2887	0.0000	0.0000	1	0.0893	2.3094	0.0209
B_107_1_B_110_0	A_124_0_A_159_0	1.0000	0.0000	0.0000	0.0000	1	1.0000	inf	0.0000
B_107_1_B_110_0	A_50_1_A_46_1	0.6667	0.2887	-0.5000	0.5000	1	0.0120	2.0207	0.0433
B_107_1_B_110_0	A_53_1_C_105_1	-0.8333	0.2887	0.0000	0.0000	1	-0.2560	-2.8868	0.0039
B_107_1_B_110_0	A_64_1_A_60_1	0.6667	0.2887	-0.1667	0.2887	1	0.0168	2.0412	0.0412
B_107_1_B_110_0	A_68_1_A_64_1	-0.6667	0.2887	0.3333	0.2887	1	-0.1835	-2.4495	0.0143
B_107_1_B_110_0	A_71_1_A_67_1	-0.5000	0.0000	0.6667	0.5774	1	-0.0120	-2.0207	0.0433
B_107_1_B_110_0	A_72_1_A_69_1	-0.6667	0.2887	0.0000	0.0000	1	-0.0893	-2.3094	0.0209
B_107_1_B_110_0	A_95_1_A_103_0	-0.6667	0.2887	0.1667	0.2887	1	-0.0168	-2.0412	0.0412
B_111_0_A_184_0	A_121_0_A_149_0	0.0000	0.0000	-0.8333	0.2887	1	0.2560	2.8868	0.0039
B_111_0_A_184_0	A_49_1_A_45_1	0.0000	0.0000	1.0000	0.0000	1	-1.0000	-inf	0.0000
B_111_0_A_184_0	B_180_1_B_177_1	-0.3333	0.5774	1.0000	0.0000	1	-0.1786	-2.3094	0.0209
B_111_0_A_184_0	B_70_1_B_67_1	0.1667	0.2887	-0.8333	0.2887	1	0.1835	2.4495	0.0143
B_111_0_A_184_0	B_71_1_B_67_1	0.1667	0.2887	-0.6667	0.2887	1	0.0168	2.0412	0.0412
B_111_0_A_184_0	B_93_0_B_89_1	0.0000	0.0000	0.8333	0.2887	1	-0.2560	-2.8868	0.0039
B_111_0_A_184_0	C_105_1_A_51_1	0.0000	0.0000	1.0000	0.0000	1	-1.0000	-inf	0.0000
B_114_1_B_104_1	A_130_0_A_150_1	0.1667	0.2887	-0.8333	0.2887	1	0.1835	2.4495	0.0143
B_114_1_B_104_1	A_156_0_A_158_0	0.0000	0.0000	0.8333	0.2887	1	-0.2560	-2.8868	0.0039
B_114_1_B_104_1	A_30_1_A_29_0	0.1667	0.2887	-0.8333	0.2887	1	0.1835	2.4495	0.0143
B_114_1_B_104_1	A_44_0_A_133_1	0.0000	0.0000	-0.8333	0.2887	1	0.2560	2.8868	0.0039
B_114_1_B_104_1	B_48_0_B_47_1	0.0000	0.0000	-1.0000	0.0000	1	1.0000	inf	0.0000
B_114_1_B_104_1	B_51_1_B_37_1	-0.1667	0.2887	-1.0000	0.0000	1	0.2560	2.8868	0.0039
B_114_1_B_104_1	B_70_1_B_67_1	-0.3333	0.2887	0.6667	0.2887	1	-0.1835	-2.4495	0.0143
B_114_1_B_104_1	B_83_0_B_87_0	0.0000	0.0000	-0.8333	0.2887	1	0.2560	2.8868	0.0039
B_12_0_A_140_1	A_158_1_A_156_0	-0.6667	0.2887	0.1667	0.2887	1	-0.0168	-2.0412	0.0412
B_12_0_A_140_1	A_41_0_A_54_1	0.5000	0.0000	0.0000	0.0000	1	0.5000	inf	0.0000
B_12_0_A_140_1	A_50_0_A_47_0	0.8333	0.2887	-0.1667	0.2887	1	0.1835	2.4495	0.0143
B_12_0_A_140_1	B_157_0_B_146_1	0.6667	0.2887	0.0000	0.0000	1	0.0893	2.3094	0.0209
B_12_0_A_140_1	B_168_1_B_190_0	-0.8333	0.2887	0.0000	0.0000	1	-0.2560	-2.8868	0.0039
B_12_0_A_140_1	B_16_0_A_4_0	0.8333	0.2887	0.0000	0.0000	1	0.2560	2.8868	0.0039
B_12_0_A_140_1	B_63_1_B_59_1	-0.5000	0.0000	0.0000	0.0000	1	-0.5000	-inf	0.0000
B_130_0_B_128_0	A_101_1_A_98_1	0.6667	0.2887	-0.1667	0.2887	1	0.0168	2.0412	0.0412
B_130_0_B_128_0	A_119_1_A_118_0	-0.8333	0.2887	0.1667	0.2887	1	-0.1835	-2.4495	0.0143
B_130_0_B_128_0	A_59_1_A_56_1	-0.5000	0.0000	0.0000	0.0000	1	-0.5000	-inf	0.0000
B_130_0_B_128_0	A_5_0_A_27_0	0.5000	0.0000	0.0000	0.0000	1	0.5000	inf	0.0000
B_130_0_B_128_0	A_75_1_A_72_1	-0.8333	0.2887	0.1667	0.2887	1	-0.1835	-2.4495	0.0143
B_130_0_B_128_0	B_130_0_B_137_0	-0.6667	0.2887	0.0000	0.0000	1	-0.0893	-2.3094	0.0209
B_130_0_B_128_0	B_131_0_B_160_1	-0.5000	0.0000	0.0000	0.0000	1	-0.5000	-inf	0.0000
B_130_0_B_128_0	B_179_0_B_177_0	0.6667	0.2887	0.0000	0.0000	1	0.0893	2.3094	0.0209
B_130_0_B_128_0	B_63_1_B_59_1	0.6667	0.2887	0.0000	0.0000	1	0.0893	2.3094	0.0209
B_130_0_B_137_0	A_119_1_A_118_0	0.5000	0.0000	-0.1667	0.2887	1	0.0893	2.3094	0.0209
B_130_0_B_137_0	A_41_0_A_54_1	-0.5000	0.0000	0.1667	0.2887	1	-0.0893	-2.3094	0.0209
B_130_0_B_137_0	B_104_0_B_114_1	-1.0000	0.0000	0.0000	0.0000	1	-1.0000	-inf	0.0000
B_130_0_B_137_0	B_130_0_B_128_0	-0.6667	0.2887	0.0000	0.0000	1	-0.0893	-2.3094	0.0209
B_130_0_B_137_0	B_179_0_B_177_0	-1.0000	0.0000	0.0000	0.0000	1	-1.0000	-inf	0.0000
B_130_0_B_137_0	B_179_0_B_95_1	0.8333	0.2887	-0.1667	0.2887	1	0.1835	2.4495	0.0143
B_130_0_B_137_0	B_32_0_A_77_0	-0.8333	0.2887	0.1667	0.2887	1	-0.1835	-2.4495	0.0143
B_131_0_B_160_1	A_119_1_A_118_0	0.6667	0.2887	-0.1667	0.2887	1	0.0168	2.0412	0.0412
B_131_0_B_160_1	A_150_1_A_133_0	0.6667	0.2887	0.0000	0.0000	1	0.0893	2.3094	0.0209
B_131_0_B_160_1	A_41_0_A_54_1	-0.6667	0.2887	0.1667	0.2887	1	-0.0168	-2.0412	0.0412
B_131_0_B_160_1	A_59_1_A_56_1	-0.5000	0.0000	0.0000	0.0000	1	-0.5000	-inf	0.0000
B_131_0_B_160_1	B_104_0_B_114_1	-0.8333	0.2887	0.0000	0.0000	1	-0.2560	-2.8868	0.0039
B_131_0_B_160_1	B_130_0_B_128_0	-0.5000	0.0000	0.0000	0.0000	1	-0.5000	-inf	0.0000
B_131_0_B_160_1	B_179_0_B_177_0	-0.8333	0.2887	0.0000	0.0000	1	-0.2560	-2.8868	0.0039
B_131_0_B_160_1	B_32_0_A_77_0	-0.6667	0.2887	0.1667	0.2887	1	-0.0168	-2.0412	0.0412
B_131_0_B_160_1	B_59_1_B_55_1	0.6667	0.2887	0.0000	0.0000	1	0.0893	2.3094	0.0209
B_145_0_B_158_1	A_101_1_A_98_1	-0.5000	0.0000	0.0000	0.0000	1	-0.5000	-inf	0.0000
B_145_0_B_158_1	A_158_1_A_156_0	0.5000	0.0000	0.0000	0.0000	1	0.5000	inf	0.0000
B_145_0_B_158_1	A_27_1_A_6_1	0.8333	0.2887	0.0000	0.0000	1	0.2560	2.8868	0.0039
B_145_0_B_158_1	A_28_1_A_25_0	0.8333	0.2887	0.0000	0.0000	1	0.2560	2.8868	0.0039
B_145_0_B_158_1	A_50_1_A_47_1	-0.5000	0.0000	0.0000	0.0000	1	-0.5000	-inf	0.0000
B_145_0_B_158_1	A_5_0_A_27_0	0.8333	0.2887	0.0000	0.0000	1	0.2560	2.8868	0.0039
B_145_0_B_158_1	A_6_1_A_27_0	0.6667	0.2887	0.0000	0.0000	1	0.0893	2.3094	0.0209
B_145_0_B_158_1	B_16_0_A_4_0	-0.6667	0.2887	0.0000	0.0000	1	-0.0893	-2.3094	0.0209
B_145_0_B_158_1	B_44_1_B_41_1	-0.5000	0.0000	0.0000	0.0000	1	-0.5000	-inf	0.0000
B_145_0_B_158_1	B_63_1_B_59_1	0.6667	0.2887	0.0000	0.0000	1	0.0893	2.3094	0.0209
B_145_0_B_158_1	B_6_0_B_4_1	-0.6667	0.2887	0.0000	0.0000	1	-0.0893	-2.3094	0.0209
B_145_0_B_158_1	B_76_1_B_73_1	-0.6667	0.2887	0.0000	0.0000	1	-0.0893	-2.3094	0.0209
B_145_1_B_158_1	B_72_0_B_69_0	0.5000	0.5000	-1.0000	0.0000	1	0.5000	3.0000	0.0027
B_145_1_B_158_1	B_81_0_C_106_1	0.0000	0.0000	0.8333	0.2887	1	-0.2560	-2.8868	0.0039
B_145_1_B_158_1	B_86_1_B_82_1	-0.1667	0.2887	0.6667	0.2887	1	-0.0168	-2.0412	0.0412
B_145_1_B_158_1	B_86_1_B_83_1	0.3333	0.2887	-0.6667	0.2887	1	0.1835	2.4495	0.0143
B_145_1_B_158_1	C_106_0_A_55_0	-0.3333	0.5774	1.0000	0.0000	1	-0.1786	-2.3094	0.0209
B_153_1_A_29_0	A_144_1_A_142_1	0.5000	0.0000	0.0000	0.0000	1	0.5000	inf	0.0000
B_153_1_A_29_0	A_28_1_A_25_0	-0.5000	0.0000	0.3333	0.2887	1	-0.2560	-2.8868	0.0039
B_153_1_A_29_0	A_41_0_A_54_1	-0.5000	0.0000	0.1667	0.2887	1	-0.0893	-2.3094	0.0209
B_153_1_A_29_0	A_53_1_C_105_1	-0.6667	0.2887	0.0000	0.0000	1	-0.0893	-2.3094	0.0209
B_153_1_A_29_0	A_72_1_A_69_1	-0.8333	0.2887	0.0000	0.0000	1	-0.2560	-2.8868	0.0039
B_153_1_A_29_0	B_29_0_A_141_0	-0.8333	0.2887	0.1667	0.2887	1	-0.1835	-2.4495	0.0143
B_153_1_A_29_0	B_58_1_B_54_1	-0.6667	0.2887	0.1667	0.2887	1	-0.0168	-2.0412	0.0412
B_153_1_A_29_0	B_6_0_B_4_1	-0.5000	0.0000	0.0000	0.0000	1	-0.5000	-inf	0.0000
B_153_1_A_29_0	B_76_1_B_73_1	-0.5000	0.0000	0.0000	0.0000	1	-0.5000	-inf	0.0000
B_153_1_A_29_0	B_80_0_B_76_0	-0.6667	0.2887	0.0000	0.0000	1	-0.0893	-2.3094	0.0209
B_157_0_B_146_1	A_144_1_A_142_1	0.6667	0.2887	0.0000	0.0000	1	0.0893	2.3094	0.0209
B_157_0_B_146_1	A_158_1_A_156_0	-0.6667	0.2887	0.0000	0.0000	1	-0.0893	-2.3094	0.0209
B_157_0_B_146_1	A_19_1_A_14_1	1.0000	0.0000	0.0000	0.0000	1	1.0000	inf	0.0000
B_157_0_B_146_1	A_46_1_A_44_1	-0.5000	0.0000	0.0000	0.0000	1	-0.5000	-inf	0.0000
B_157_0_B_146_1	A_50_0_A_47_0	0.5000	0.0000	0.0000	0.0000	1	0.5000	inf	0.0000
B_157_0_B_146_1	B_12_0_A_140_1	0.6667	0.2887	0.0000	0.0000	1	0.0893	2.3094	0.0209
B_157_0_B_146_1	B_157_0_B_146_1	1.0000	0.0000	0.0000	0.0000	1	1.0000	inf	0.0000
B_157_0_B_146_1	B_16_0_A_4_0	0.5000	0.0000	0.0000	0.0000	1	0.5000	inf	0.0000
B_157_0_B_146_1	B_29_0_A_141_0	0.5000	0.0000	0.0000	0.0000	1	0.5000	inf	0.0000
B_157_0_B_146_1	B_32_0_A_77_0	-0.6667	0.2887	0.0000	0.0000	1	-0.0893	-2.3094	0.0209
B_157_0_B_146_1	B_60_1_B_56_1	0.5000	0.0000	0.0000	0.0000	1	0.5000	inf	0.0000
B_157_0_B_146_1	B_60_1_B_57_1	-0.5000	0.0000	0.0000	0.0000	1	-0.5000	-inf	0.0000
B_157_0_B_146_1	B_74_1_B_70_1	0.6667	0.2887	0.0000	0.0000	1	0.0893	2.3094	0.0209
B_168_1_B_190_0	A_124_0_A_159_0	-0.5000	0.0000	0.0000	0.0000	1	-0.5000	-inf	0.0000
B_168_1_B_190_0	A_41_0_A_54_1	-0.6667	0.2887	0.1667	0.2887	1	-0.0168	-2.0412	0.0412
B_168_1_B_190_0	A_50_0_A_47_0	-0.6667	0.2887	0.1667	0.2887	1	-0.0168	-2.0412	0.0412
B_168_1_B_190_0	A_53_1_C_105_1	0.6667	0.2887	0.0000	0.0000	1	0.0893	2.3094	0.0209
B_168_1_B_190_0	A_59_1_A_56_1	-0.8333	0.2887	0.0000	0.0000	1	-0.2560	-2.8868	0.0039
B_168_1_B_190_0	B_12_0_A_140_1	-0.8333	0.2887	0.0000	0.0000	1	-0.2560	-2.8868	0.0039
B_168_1_B_190_0	B_16_0_A_4_0	-0.6667	0.2887	0.0000	0.0000	1	-0.0893	-2.3094	0.0209
B_168_1_B_190_0	B_78_1_B_74_1	1.0000	0.0000	0.1667	0.2887	1	0.2560	2.8868	0.0039
B_16_0_A_4_0	A_158_1_A_156_0	-0.8333	0.2887	0.0000	0.0000	1	-0.2560	-2.8868	0.0039
B_16_0_A_4_0	A_17_1_A_17_0	0.5000	0.0000	0.0000	0.0000	1	0.5000	inf	0.0000
B_16_0_A_4_0	A_19_1_A_14_1	0.5000	0.0000	0.0000	0.0000	1	0.5000	inf	0.0000
B_16_0_A_4_0	A_59_1_A_56_1	0.5000	0.0000	0.0000	0.0000	1	0.5000	inf	0.0000
B_16_0_A_4_0	A_5_0_A_27_0	-0.5000	0.0000	0.0000	0.0000	1	-0.5000	-inf	0.0000
B_16_0_A_4_0	A_6_1_A_27_0	-0.6667	0.2887	0.0000	0.0000	1	-0.0893	-2.3094	0.0209
B_16_0_A_4_0	B_12_0_A_140_1	0.8333	0.2887	0.0000	0.0000	1	0.2560	2.8868	0.0039
B_16_0_A_4_0	B_145_0_B_158_1	-0.6667	0.2887	0.0000	0.0000	1	-0.0893	-2.3094	0.0209
B_16_0_A_4_0	B_157_0_B_146_1	0.5000	0.0000	0.0000	0.0000	1	0.5000	inf	0.0000
B_16_0_A_4_0	B_168_1_B_190_0	-0.6667	0.2887	0.0000	0.0000	1	-0.0893	-2.3094	0.0209
B_16_0_A_4_0	B_16_0_A_4_0	1.0000	0.0000	0.0000	0.0000	1	1.0000	inf	0.0000
B_16_0_A_4_0	B_63_1_B_59_1	-0.6667	0.2887	0.0000	0.0000	1	-0.0893	-2.3094	0.0209
B_16_0_A_4_0	B_67_1_B_64_1	-0.8333	0.2887	0.0000	0.0000	1	-0.2560	-2.8868	0.0039
B_16_0_A_4_0	B_78_1_B_74_1	-0.6667	0.2887	0.0000	0.0000	1	-0.0893	-2.3094	0.0209
B_179_0_B_177_0	A_119_1_A_118_0	-0.5000	0.0000	0.0000	0.0000	1	-0.5000	-inf	0.0000
B_179_0_B_177_0	A_150_1_A_133_0	-0.5000	0.0000	0.0000	0.0000	1	-0.5000	-inf	0.0000
B_179_0_B_177_0	A_41_0_A_54_1	0.5000	0.0000	0.0000	0.0000	1	0.5000	inf	0.0000
B_179_0_B_177_0	A_75_1_A_72_1	-0.5000	0.0000	0.0000	0.0000	1	-0.5000	-inf	0.0000
B_179_0_B_177_0	B_104_0_B_114_1	1.0000	0.0000	0.0000	0.0000	1	1.0000	inf	0.0000
B_179_0_B_177_0	B_130_0_B_128_0	0.6667	0.2887	0.0000	0.0000	1	0.0893	2.3094	0.0209
B_179_0_B_177_0	B_130_0_B_137_0	-1.0000	0.0000	0.0000	0.0000	1	-1.0000	-inf	0.0000
B_179_0_B_177_0	B_131_0_B_160_1	-0.8333	0.2887	0.0000	0.0000	1	-0.2560	-2.8868	0.0039
B_179_0_B_177_0	B_179_0_B_177_0	1.0000	0.0000	0.0000	0.0000	1	1.0000	inf	0.0000
B_179_0_B_177_0	B_179_0_B_95_1	-0.8333	0.2887	0.0000	0.0000	1	-0.2560	-2.8868	0.0039
B_179_0_B_177_0	B_32_0_A_77_0	0.8333	0.2887	0.0000	0.0000	1	0.2560	2.8868	0.0039
B_179_0_B_177_0	B_51_0_B_36_1	-0.5000	0.0000	0.0000	0.0000	1	-0.5000	-inf	0.0000
B_179_0_B_177_0	B_57_1_B_54_1	-0.8333	0.2887	0.0000	0.0000	1	-0.2560	-2.8868	0.0039
B_179_0_B_177_0	B_59_1_B_55_1	-0.8333	0.2887	0.0000	0.0000	1	-0.2560	-2.8868	0.0039
B_179_0_B_177_0	B_60_1_B_56_1	-0.6667	0.2887	0.0000	0.0000	1	-0.0893	-2.3094	0.0209
B_179_0_B_177_0	B_60_1_B_57_1	0.6667	0.2887	0.0000	0.0000	1	0.0893	2.3094	0.0209
B_179_0_B_177_0	B_74_1_B_70_1	-0.5000	0.0000	0.0000	0.0000	1	-0.5000	-inf	0.0000
B_179_0_B_177_0	B_89_1_B_86_1	-0.5000	0.0000	0.0000	0.0000	1	-0.5000	-inf	0.0000
B_179_0_B_177_0	C_104_1_A_51_1	0.5000	0.0000	0.0000	0.0000	1	0.5000	inf	0.0000
B_179_0_B_95_1	B_104_0_B_114_1	-0.8333	0.2887	0.1667	0.2887	1	-0.1835	-2.4495	0.0143
B_179_0_B_95_1	B_130_0_B_137_0	0.8333	0.2887	-0.1667	0.2887	1	0.1835	2.4495	0.0143
B_179_0_B_95_1	B_179_0_B_177_0	-0.8333	0.2887	0.0000	0.0000	1	-0.2560	-2.8868	0.0039
B_179_0_B_95_1	B_29_0_A_141_0	0.5000	0.0000	-0.1667	0.2887	1	0.0893	2.3094	0.0209
B_179_0_B_95_1	B_32_0_A_77_0	-0.6667	0.2887	0.1667	0.2887	1	-0.0168	-2.0412	0.0412
B_179_0_B_95_1	B_57_1_B_54_1	0.6667	0.2887	-0.3333	0.2887	1	0.1835	2.4495	0.0143
B_179_0_B_95_1	B_59_1_B_55_1	0.6667	0.2887	-0.1667	0.2887	1	0.0168	2.0412	0.0412
B_179_0_B_95_1	B_74_1_B_70_1	0.6667	0.2887	-0.1667	0.2887	1	0.0168	2.0412	0.0412
B_180_1_B_177_1	A_124_0_A_159_0	-0.6667	0.2887	0.0000	0.0000	1	-0.0893	-2.3094	0.0209
B_180_1_B_177_1	A_30_1_A_29_0	-0.5000	0.5000	0.6667	0.2887	1	-0.0120	-2.0207	0.0433
B_180_1_B_177_1	A_49_1_A_45_1	-0.1667	0.2887	1.0000	0.0000	1	-0.5893	-4.0415	0.0001
B_180_1_B_177_1	A_53_1_C_105_1	0.8333	0.2887	0.0000	0.0000	1	0.2560	2.8868	0.0039
B_180_1_B_177_1	A_62_1_A_58_1	-0.3333	0.2887	0.8333	0.2887	1	-0.3502	-2.8577	0.0043
B_180_1_B_177_1	A_64_1_A_60_1	-0.6667	0.2887	0.5000	0.5000	1	-0.0120	-2.0207	0.0433
B_180_1_B_177_1	B_111_0_A_184_0	-0.3333	0.5774	1.0000	0.0000	1	-0.1786	-2.3094	0.0209
B_29_0_A_141_0	A_19_1_A_14_1	0.5000	0.0000	-0.1667	0.2887	1	0.0893	2.3094	0.0209
B_29_0_A_141_0	A_27_1_A_6_1	0.6667	0.2887	0.0000	0.0000	1	0.0893	2.3094	0.0209
B_29_0_A_141_0	A_41_0_A_54_1	0.6667	0.2887	0.0000	0.0000	1	0.0893	2.3094	0.0209
B_29_0_A_141_0	A_46_1_A_44_1	0.5000	0.0000	0.0000	0.0000	1	0.5000	inf	0.0000
B_29_0_A_141_0	A_53_1_C_105_1	0.5000	0.0000	0.0000	0.0000	1	0.5000	inf	0.0000
B_29_0_A_141_0	A_64_1_A_60_1	-0.6667	0.2887	0.1667	0.2887	1	-0.0168	-2.0412	0.0412
B_29_0_A_141_0	A_72_1_A_69_1	0.6667	0.2887	0.0000	0.0000	1	0.0893	2.3094	0.0209
B_29_0_A_141_0	B_153_1_A_29_0	-0.8333	0.2887	0.1667	0.2887	1	-0.1835	-2.4495	0.0143
B_29_0_A_141_0	B_157_0_B_146_1	0.5000	0.0000	0.0000	0.0000	1	0.5000	inf	0.0000
B_29_0_A_141_0	B_179_0_B_95_1	0.5000	0.0000	-0.1667	0.2887	1	0.0893	2.3094	0.0209
B_29_0_A_141_0	B_74_1_B_70_1	0.8333	0.2887	-0.1667	0.2887	1	0.1835	2.4495	0.0143
B_29_0_A_141_0	B_80_0_B_76_0	0.5000	0.0000	0.0000	0.0000	1	0.5000	inf	0.0000
B_29_0_A_141_0	C_104_1_A_51_1	0.6667	0.2887	0.0000	0.0000	1	0.0893	2.3094	0.0209
B_32_0_A_77_0	A_150_1_A_133_0	-0.6667	0.2887	0.0000	0.0000	1	-0.0893	-2.3094	0.0209
B_32_0_A_77_0	A_158_1_A_156_0	0.6667	0.2887	-0.1667	0.2887	1	0.0168	2.0412	0.0412
B_32_0_A_77_0	A_19_1_A_14_1	-0.6667	0.2887	0.1667	0.2887	1	-0.0168	-2.0412	0.0412
B_32_0_A_77_0	B_104_0_B_114_1	0.8333	0.2887	0.0000	0.0000	1	0.2560	2.8868	0.0039
B_32_0_A_77_0	B_130_0_B_137_0	-0.8333	0.2887	0.1667	0.2887	1	-0.1835	-2.4495	0.0143
B_32_0_A_77_0	B_131_0_B_160_1	-0.6667	0.2887	0.1667	0.2887	1	-0.0168	-2.0412	0.0412
B_32_0_A_77_0	B_157_0_B_146_1	-0.6667	0.2887	0.0000	0.0000	1	-0.0893	-2.3094	0.0209
B_32_0_A_77_0	B_179_0_B_177_0	0.8333	0.2887	0.0000	0.0000	1	0.2560	2.8868	0.0039
B_32_0_A_77_0	B_179_0_B_95_1	-0.6667	0.2887	0.1667	0.2887	1	-0.0168	-2.0412	0.0412
B_32_0_A_77_0	B_57_1_B_54_1	-0.6667	0.2887	0.1667	0.2887	1	-0.0168	-2.0412	0.0412
B_32_0_A_77_0	B_59_1_B_55_1	-0.6667	0.2887	0.0000	0.0000	1	-0.0893	-2.3094	0.0209
B_32_0_A_77_0	B_74_1_B_70_1	-0.6667	0.2887	0.0000	0.0000	1	-0.0893	-2.3094	0.0209
B_44_1_B_41_1	A_101_1_A_98_1	1.0000	0.0000	-0.1667	0.2887	1	0.5893	4.0415	0.0001
B_44_1_B_41_1	A_19_0_A_17_1	0.5000	0.0000	0.0000	0.0000	1	0.5000	inf	0.0000
B_44_1_B_41_1	A_27_1_A_6_1	-0.6667	0.2887	0.0000	0.0000	1	-0.0893	-2.3094	0.0209
B_44_1_B_41_1	A_59_1_A_56_1	-0.8333	0.2887	0.0000	0.0000	1	-0.2560	-2.8868	0.0039
B_44_1_B_41_1	A_75_1_A_72_1	-0.8333	0.2887	0.1667	0.2887	1	-0.1835	-2.4495	0.0143
B_44_1_B_41_1	B_145_0_B_158_1	-0.5000	0.0000	0.0000	0.0000	1	-0.5000	-inf	0.0000
B_44_1_B_41_1	B_6_0_B_4_1	0.8333	0.2887	0.0000	0.0000	1	0.2560	2.8868	0.0039
B_44_1_B_41_1	B_76_1_B_73_1	0.8333	0.2887	0.0000	0.0000	1	0.2560	2.8868	0.0039
B_44_1_B_41_1	B_80_0_B_76_0	0.6667	0.2887	0.0000	0.0000	1	0.0893	2.3094	0.0209
B_48_0_B_47_1	A_121_0_A_149_0	0.0000	0.0000	-0.6667	0.2887	1	0.0893	2.3094	0.0209
B_48_0_B_47_1	A_130_0_A_150_1	0.0000	0.0000	0.8333	0.2887	1	-0.2560	-2.8868	0.0039
B_48_0_B_47_1	A_140_1_A_144_1	0.0000	0.0000	-0.8333	0.2887	1	0.2560	2.8868	0.0039
B_48_0_B_47_1	A_44_0_A_133_1	0.0000	0.0000	0.8333	0.2887	1	-0.2560	-2.8868	0.0039
B_48_0_B_47_1	A_62_1_A_58_1	0.0000	0.0000	0.6667	0.2887	1	-0.0893	-2.3094	0.0209
B_48_0_B_47_1	A_80_1_A_77_1	0.0000	0.0000	0.6667	0.2887	1	-0.0893	-2.3094	0.0209
B_48_0_B_47_1	B_114_1_B_104_1	0.0000	0.0000	-1.0000	0.0000	1	1.0000	inf	0.0000
B_48_0_B_47_1	B_51_1_B_37_1	-0.1667	0.2887	1.0000	0.0000	1	-0.5893	-4.0415	0.0001
B_48_0_B_47_1	B_70_1_B_67_1	0.0000	0.0000	-0.6667	0.2887	1	0.0893	2.3094	0.0209
B_48_0_B_47_1	B_83_0_B_87_0	0.0000	0.0000	0.8333	0.2887	1	-0.2560	-2.8868	0.0039
B_48_0_B_47_1	B_94_0_B_178_1	-0.1667	0.2887	0.8333	0.2887	1	-0.1835	-2.4495	0.0143
B_51_0_B_36_1	A_6_1_A_27_0	-0.5000	0.0000	0.1667	0.2887	1	-0.0893	-2.3094	0.0209
B_51_0_B_36_1	A_95_1_A_103_0	0.5000	0.0000	-0.1667	0.2887	1	0.0893	2.3094	0.0209
B_51_0_B_36_1	B_104_0_B_114_1	-0.5000	0.0000	0.1667	0.2887	1	-0.0893	-2.3094	0.0209
B_51_0_B_36_1	B_179_0_B_177_0	-0.5000	0.0000	0.0000	0.0000	1	-0.5000	-inf	0.0000
B_51_0_B_36_1	B_81_0_C_106_1	0.0000	0.0000	-0.6667	0.2887	1	0.0893	2.3094	0.0209
B_51_1_B_37_1	A_121_0_A_149_0	0.1667	0.2887	-0.6667	0.2887	1	0.0168	2.0412	0.0412
B_51_1_B_37_1	A_130_0_A_150_1	0.0000	0.0000	0.8333	0.2887	1	-0.2560	-2.8868	0.0039
B_51_1_B_37_1	A_44_0_A_133_1	0.0000	0.0000	0.8333	0.2887	1	-0.2560	-2.8868	0.0039
B_51_1_B_37_1	B_114_1_B_104_1	-0.1667	0.2887	-1.0000	0.0000	1	0.2560	2.8868	0.0039
B_51_1_B_37_1	B_48_0_B_47_1	-0.1667	0.2887	1.0000	0.0000	1	-0.5893	-4.0415	0.0001
B_51_1_B_37_1	B_83_0_B_87_0	0.0000	0.0000	0.8333	0.2887	1	-0.2560	-2.8868	0.0039
B_51_1_B_37_1	B_94_0_B_178_1	-0.1667	0.2887	0.8333	0.2887	1	-0.1835	-2.4495	0.0143
B_55_1_B_52_1	A_144_1_A_142_1	0.8333	0.2887	0.0000	0.0000	1	0.2560	2.8868	0.0039
B_55_1_B_52_1	A_46_1_A_44_1	-0.6667	0.2887	0.5000	0.5000	1	-0.0120	-2.0207	0.0433
B_55_1_B_52_1	A_6_1_A_27_0	-0.6667	0.2887	0.0000	0.0000	1	-0.0893	-2.3094	0.0209
B_55_1_B_52_1	A_95_1_A_103_0	0.6667	0.2887	0.0000	0.0000	1	0.0893	2.3094	0.0209
B_57_1_B_54_1	B_104_0_B_114_1	-0.8333	0.2887	0.1667	0.2887	1	-0.1835	-2.4495	0.0143
B_57_1_B_54_1	B_179_0_B_177_0	-0.8333	0.2887	0.0000	0.0000	1	-0.2560	-2.8868	0.0039
B_57_1_B_54_1	B_179_0_B_95_1	0.6667	0.2887	-0.3333	0.2887	1	0.1835	2.4495	0.0143
B_57_1_B_54_1	B_32_0_A_77_0	-0.6667	0.2887	0.1667	0.2887	1	-0.0168	-2.0412	0.0412
B_57_1_B_54_1	B_60_1_B_56_1	0.8333	0.2887	-0.6667	0.5774	1	0.2090	2.3238	0.0201
B_57_1_B_54_1	B_60_1_B_57_1	-0.8333	0.2887	0.5000	0.5000	1	-0.1786	-2.3094	0.0209
B_58_1_B_54_1	A_124_0_A_159_0	-0.5000	0.0000	0.0000	0.0000	1	-0.5000	-inf	0.0000
B_58_1_B_54_1	A_144_1_A_142_1	-0.8333	0.2887	0.0000	0.0000	1	-0.2560	-2.8868	0.0039
B_58_1_B_54_1	A_150_1_A_133_0	0.6667	0.2887	0.0000	0.0000	1	0.0893	2.3094	0.0209
B_58_1_B_54_1	A_53_1_C_105_1	0.6667	0.2887	0.0000	0.0000	1	0.0893	2.3094	0.0209
B_58_1_B_54_1	A_64_1_A_60_1	-0.8333	0.2887	0.0000	0.0000	1	-0.2560	-2.8868	0.0039
B_58_1_B_54_1	A_72_1_A_69_1	0.8333	0.2887	0.0000	0.0000	1	0.2560	2.8868	0.0039
B_58_1_B_54_1	B_106_1_B_113_0	0.6667	0.2887	0.0000	0.0000	1	0.0893	2.3094	0.0209
B_58_1_B_54_1	B_153_1_A_29_0	-0.6667	0.2887	0.1667	0.2887	1	-0.0168	-2.0412	0.0412
B_59_1_B_55_1	A_41_0_A_54_1	-0.6667	0.2887	0.0000	0.0000	1	-0.0893	-2.3094	0.0209
B_59_1_B_55_1	A_50_0_A_47_0	-0.6667	0.2887	0.1667	0.2887	1	-0.0168	-2.0412	0.0412
B_59_1_B_55_1	A_50_1_A_47_1	-0.5000	0.0000	0.0000	0.0000	1	-0.5000	-inf	0.0000
B_59_1_B_55_1	B_131_0_B_160_1	0.6667	0.2887	0.0000	0.0000	1	0.0893	2.3094	0.0209
B_59_1_B_55_1	B_179_0_B_177_0	-0.8333	0.2887	0.0000	0.0000	1	-0.2560	-2.8868	0.0039
B_59_1_B_55_1	B_179_0_B_95_1	0.6667	0.2887	-0.1667	0.2887	1	0.0168	2.0412	0.0412
B_59_1_B_55_1	B_32_0_A_77_0	-0.6667	0.2887	0.0000	0.0000	1	-0.0893	-2.3094	0.0209
B_60_1_B_56_1	B_157_0_B_146_1	0.5000	0.0000	0.0000	0.0000	1	0.5000	inf	0.0000
B_60_1_B_56_1	B_179_0_B_177_0	-0.6667	0.2887	0.0000	0.0000	1	-0.0893	-2.3094	0.0209
B_60_1_B_56_1	B_57_1_B_54_1	0.8333	0.2887	-0.6667	0.5774	1	0.2090	2.3238	0.0201
B_60_1_B_57_1	B_104_0_B_114_1	0.6667	0.2887	-0.1667	0.2887	1	0.0168	2.0412	0.0412
B_60_1_B_57_1	B_157_0_B_146_1	-0.5000	0.0000	0.0000	0.0000	1	-0.5000	-inf	0.0000
B_60_1_B_57_1	B_179_0_B_177_0	0.6667	0.2887	0.0000	0.0000	1	0.0893	2.3094	0.0209
B_60_1_B_57_1	B_57_1_B_54_1	-0.8333	0.2887	0.5000	0.5000	1	-0.1786	-2.3094	0.0209
B_60_1_B_57_1	B_74_1_B_70_1	-0.8333	0.2887	0.5000	0.5000	1	-0.1786	-2.3094	0.0209
B_60_1_B_57_1	B_83_0_B_87_0	0.0000	0.0000	-0.6667	0.2887	1	0.0893	2.3094	0.0209
B_62_0_B_46_0	B_93_0_B_89_1	0.0000	0.0000	-0.6667	0.2887	1	0.0893	2.3094	0.0209
B_62_1_B_58_1	A_101_1_A_98_1	-0.6667	0.2887	0.3333	0.2887	1	-0.1835	-2.4495	0.0143
B_62_1_B_58_1	A_19_0_A_17_1	-0.8333	0.2887	0.0000	0.0000	1	-0.2560	-2.8868	0.0039
B_62_1_B_58_1	A_5_0_A_27_0	0.6667	0.2887	-0.1667	0.2887	1	0.0168	2.0412	0.0412
B_62_1_B_58_1	B_6_0_B_4_1	-0.8333	0.2887	0.0000	0.0000	1	-0.2560	-2.8868	0.0039
B_62_1_B_58_1	B_72_0_B_69_0	-0.5000	0.0000	0.6667	0.2887	1	-0.5893	-4.0415	0.0001
B_62_1_B_58_1	B_76_1_B_73_1	-0.8333	0.2887	0.0000	0.0000	1	-0.2560	-2.8868	0.0039
B_62_1_B_58_1	B_80_0_B_76_0	-0.6667	0.2887	0.0000	0.0000	1	-0.0893	-2.3094	0.0209
B_62_1_B_58_1	B_81_0_C_106_1	0.0000	0.0000	-0.8333	0.2887	1	0.2560	2.8868	0.0039
B_63_1_B_59_1	A_119_1_A_118_0	-0.5000	0.0000	0.1667	0.2887	1	-0.0893	-2.3094	0.0209
B_63_1_B_59_1	A_144_1_A_142_1	-0.5000	0.0000	0.0000	0.0000	1	-0.5000	-inf	0.0000
B_63_1_B_59_1	A_28_1_A_25_0	0.5000	0.0000	-0.1667	0.2887	1	0.0893	2.3094	0.0209
B_63_1_B_59_1	A_41_0_A_54_1	0.5000	0.0000	-0.1667	0.2887	1	0.0893	2.3094	0.0209
B_63_1_B_59_1	A_6_1_A_27_0	1.0000	0.0000	0.0000	0.0000	1	1.0000	inf	0.0000
B_63_1_B_59_1	A_75_1_A_72_1	-0.5000	0.0000	0.1667	0.2887	1	-0.0893	-2.3094	0.0209
B_63_1_B_59_1	B_12_0_A_140_1	-0.5000	0.0000	0.0000	0.0000	1	-0.5000	-inf	0.0000
B_63_1_B_59_1	B_130_0_B_128_0	0.6667	0.2887	0.0000	0.0000	1	0.0893	2.3094	0.0209
B_63_1_B_59_1	B_145_0_B_158_1	0.6667	0.2887	0.0000	0.0000	1	0.0893	2.3094	0.0209
B_63_1_B_59_1	B_16_0_A_4_0	-0.6667	0.2887	0.0000	0.0000	1	-0.0893	-2.3094	0.0209
B_63_1_B_59_1	B_67_1_B_64_1	0.5000	0.0000	0.0000	0.0000	1	0.5000	inf	0.0000
B_67_1_B_64_1	A_50_1_A_47_1	-0.6667	0.2887	0.0000	0.0000	1	-0.0893	-2.3094	0.0209
B_67_1_B_64_1	A_5_0_A_27_0	0.6667	0.2887	0.0000	0.0000	1	0.0893	2.3094	0.0209
B_67_1_B_64_1	A_71_1_A_67_1	-0.6667	0.2887	0.5000	0.5000	1	-0.0120	-2.0207	0.0433
B_67_1_B_64_1	B_16_0_A_4_0	-0.8333	0.2887	0.0000	0.0000	1	-0.2560	-2.8868	0.0039
B_67_1_B_64_1	B_63_1_B_59_1	0.5000	0.0000	0.0000	0.0000	1	0.5000	inf	0.0000
B_67_1_B_64_1	B_6_0_B_4_1	-0.5000	0.0000	0.0000	0.0000	1	-0.5000	-inf	0.0000
B_67_1_B_64_1	B_71_0_B_47_0	-0.5000	0.0000	0.6667	0.5774	1	-0.0120	-2.0207	0.0433
B_67_1_B_64_1	B_76_1_B_73_1	-0.5000	0.0000	0.0000	0.0000	1	-0.5000	-inf	0.0000
B_6_0_B_4_1	A_101_1_A_98_1	0.8333	0.2887	0.0000	0.0000	1	0.2560	2.8868	0.0039
B_6_0_B_4_1	A_150_1_A_133_0	0.5000	0.0000	0.0000	0.0000	1	0.5000	inf	0.0000
B_6_0_B_4_1	A_156_0_A_159_0	0.5000	0.0000	0.0000	0.0000	1	0.5000	inf	0.0000
B_6_0_B_4_1	A_19_0_A_17_1	0.6667	0.2887	0.0000	0.0000	1	0.0893	2.3094	0.0209
B_6_0_B_4_1	A_27_1_A_6_1	-0.5000	0.0000	0.0000	0.0000	1	-0.5000	-inf	0.0000
B_6_0_B_4_1	A_28_1_A_25_0	-0.5000	0.0000	0.0000	0.0000	1	-0.5000	-inf	0.0000
B_6_0_B_4_1	A_59_1_A_56_1	-0.6667	0.2887	0.0000	0.0000	1	-0.0893	-2.3094	0.0209
B_6_0_B_4_1	B_145_0_B_158_1	-0.6667	0.2887	0.0000	0.0000	1	-0.0893	-2.3094	0.0209
B_6_0_B_4_1	B_153_1_A_29_0	-0.5000	0.0000	0.0000	0.0000	1	-0.5000	-inf	0.0000
B_6_0_B_4_1	B_44_1_B_41_1	0.8333	0.2887	0.0000	0.0000	1	0.2560	2.8868	0.0039
B_6_0_B_4_1	B_62_1_B_58_1	-0.8333	0.2887	0.0000	0.0000	1	-0.2560	-2.8868	0.0039
B_6_0_B_4_1	B_67_1_B_64_1	-0.5000	0.0000	0.0000	0.0000	1	-0.5000	-inf	0.0000
B_6_0_B_4_1	B_6_0_B_4_1	1.0000	0.0000	0.0000	0.0000	1	1.0000	inf	0.0000
B_6_0_B_4_1	B_71_0_B_47_0	1.0000	0.0000	0.0000	0.0000	1	1.0000	inf	0.0000
B_6_0_B_4_1	B_76_1_B_73_1	1.0000	0.0000	0.0000	0.0000	1	1.0000	inf	0.0000
B_6_0_B_4_1	B_80_0_B_76_0	0.8333	0.2887	0.0000	0.0000	1	0.2560	2.8868	0.0039
B_6_0_B_4_1	B_86_1_B_83_1	0.6667	0.2887	0.0000	0.0000	1	0.0893	2.3094	0.0209
B_6_0_B_4_1	B_91_1_B_87_1	0.5000	0.0000	0.0000	0.0000	1	0.5000	inf	0.0000
B_70_1_B_67_1	A_121_0_A_149_0	-0.3333	0.5774	1.0000	0.0000	1	-0.1786	-2.3094	0.0209
B_70_1_B_67_1	A_130_0_A_150_1	0.1667	0.2887	-0.8333	0.2887	1	0.1835	2.4495	0.0143
B_70_1_B_67_1	A_156_0_A_158_0	0.0000	0.0000	0.8333	0.2887	1	-0.2560	-2.8868	0.0039
B_70_1_B_67_1	A_30_1_A_29_0	0.1667	0.2887	-0.8333	0.2887	1	0.1835	2.4495	0.0143
B_70_1_B_67_1	A_44_0_A_133_1	0.0000	0.0000	-0.8333	0.2887	1	0.2560	2.8868	0.0039
B_70_1_B_67_1	A_49_1_A_45_1	0.0000	0.0000	-0.8333	0.2887	1	0.2560	2.8868	0.0039
B_70_1_B_67_1	B_111_0_A_184_0	0.1667	0.2887	-0.8333	0.2887	1	0.1835	2.4495	0.0143
B_70_1_B_67_1	B_114_1_B_104_1	-0.3333	0.2887	0.6667	0.2887	1	-0.1835	-2.4495	0.0143
B_70_1_B_67_1	B_48_0_B_47_1	0.0000	0.0000	-0.6667	0.2887	1	0.0893	2.3094	0.0209
B_70_1_B_67_1	B_71_1_B_67_1	-0.1667	0.2887	0.8333	0.2887	1	-0.1835	-2.4495	0.0143
B_71_0_B_47_0	A_101_1_A_98_1	0.8333	0.2887	-0.1667	0.2887	1	0.1835	2.4495	0.0143
B_71_0_B_47_0	A_150_1_A_133_0	0.5000	0.0000	-0.6667	0.5774	1	0.0120	2.0207	0.0433
B_71_0_B_47_0	A_19_0_A_17_1	0.6667	0.2887	0.0000	0.0000	1	0.0893	2.3094	0.0209
B_71_0_B_47_0	A_27_1_A_6_1	-0.5000	0.0000	0.0000	0.0000	1	-0.5000	-inf	0.0000
B_71_0_B_47_0	B_67_1_B_64_1	-0.5000	0.0000	0.6667	0.5774	1	-0.0120	-2.0207	0.0433
B_71_0_B_47_0	B_6_0_B_4_1	1.0000	0.0000	0.0000	0.0000	1	1.0000	inf	0.0000
B_71_0_B_47_0	B_76_1_B_73_1	1.0000	0.0000	0.0000	0.0000	1	1.0000	inf	0.0000
B_71_0_B_47_0	B_80_0_B_76_0	0.8333	0.2887	0.0000	0.0000	1	0.2560	2.8868	0.0039
B_71_1_B_67_1	A_121_0_A_149_0	0.0000	0.0000	0.8333	0.2887	1	-0.2560	-2.8868	0.0039
B_71_1_B_67_1	A_130_0_A_150_1	0.1667	0.2887	-0.6667	0.2887	1	0.0168	2.0412	0.0412
B_71_1_B_67_1	A_30_1_A_29_0	0.3333	0.2887	-1.0000	0.0000	1	0.7560	4.6188	0.0000
B_71_1_B_67_1	A_44_0_A_133_1	0.0000	0.0000	-0.6667	0.2887	1	0.0893	2.3094	0.0209
B_71_1_B_67_1	A_49_1_A_45_1	0.1667	0.2887	-0.6667	0.2887	1	0.0168	2.0412	0.0412
B_71_1_B_67_1	B_111_0_A_184_0	0.1667	0.2887	-0.6667	0.2887	1	0.0168	2.0412	0.0412
B_71_1_B_67_1	B_70_1_B_67_1	-0.1667	0.2887	0.8333	0.2887	1	-0.1835	-2.4495	0.0143
B_71_1_B_67_1	C_105_1_A_51_1	0.1667	0.2887	-0.6667	0.2887	1	0.0168	2.0412	0.0412
B_71_1_B_67_1	C_106_0_A_55_0	-0.1667	0.2887	0.6667	0.2887	1	-0.0168	-2.0412	0.0412
B_72_0_B_69_0	A_124_0_A_159_0	-0.6667	0.2887	0.0000	0.0000	1	-0.0893	-2.3094	0.0209
B_72_0_B_69_0	A_19_0_A_17_1	0.6667	0.2887	0.0000	0.0000	1	0.0893	2.3094	0.0209
B_72_0_B_69_0	A_50_1_A_46_1	-0.6667	0.2887	0.6667	0.2887	1	-0.5168	-3.2660	0.0011
B_72_0_B_69_0	A_68_1_A_64_1	0.6667	0.2887	-0.8333	0.2887	1	0.6835	3.6742	0.0002
B_72_0_B_69_0	A_95_1_A_103_0	0.6667	0.2887	-0.1667	0.2887	1	0.0168	2.0412	0.0412
B_72_0_B_69_0	B_145_1_B_158_1	0.5000	0.5000	-1.0000	0.0000	1	0.5000	3.0000	0.0027
B_72_0_B_69_0	B_62_1_B_58_1	-0.5000	0.0000	0.6667	0.2887	1	-0.5893	-4.0415	0.0001
B_72_0_B_69_0	B_81_0_C_106_1	0.0000	0.0000	-0.8333	0.2887	1	0.2560	2.8868	0.0039
B_72_0_B_69_0	C_106_0_A_55_0	-0.3333	0.2887	-1.0000	0.0000	1	0.0893	2.3094	0.0209
B_73_1_B_69_1	A_140_1_A_144_1	0.1667	0.2887	-0.8333	0.2887	1	0.1835	2.4495	0.0143
B_74_1_B_70_1	A_27_1_A_6_1	0.5000	0.0000	0.0000	0.0000	1	0.5000	inf	0.0000
B_74_1_B_70_1	A_28_1_A_25_0	0.5000	0.0000	-0.1667	0.2887	1	0.0893	2.3094	0.0209
B_74_1_B_70_1	A_41_0_A_54_1	0.5000	0.0000	0.0000	0.0000	1	0.5000	inf	0.0000
B_74_1_B_70_1	B_104_0_B_114_1	-0.5000	0.0000	0.1667	0.2887	1	-0.0893	-2.3094	0.0209
B_74_1_B_70_1	B_157_0_B_146_1	0.6667	0.2887	0.0000	0.0000	1	0.0893	2.3094	0.0209
B_74_1_B_70_1	B_179_0_B_177_0	-0.5000	0.0000	0.0000	0.0000	1	-0.5000	-inf	0.0000
B_74_1_B_70_1	B_179_0_B_95_1	0.6667	0.2887	-0.1667	0.2887	1	0.0168	2.0412	0.0412
B_74_1_B_70_1	B_29_0_A_141_0	0.8333	0.2887	-0.1667	0.2887	1	0.1835	2.4495	0.0143
B_74_1_B_70_1	B_32_0_A_77_0	-0.6667	0.2887	0.0000	0.0000	1	-0.0893	-2.3094	0.0209
B_74_1_B_70_1	B_60_1_B_57_1	-0.8333	0.2887	0.5000	0.5000	1	-0.1786	-2.3094	0.0209
B_76_1_B_73_1	A_101_1_A_98_1	0.8333	0.2887	0.0000	0.0000	1	0.2560	2.8868	0.0039
B_76_1_B_73_1	A_150_1_A_133_0	0.5000	0.0000	0.0000	0.0000	1	0.5000	inf	0.0000
B_76_1_B_73_1	A_156_0_A_159_0	0.5000	0.0000	0.0000	0.0000	1	0.5000	inf	0.0000
B_76_1_B_73_1	A_19_0_A_17_1	0.6667	0.2887	0.0000	0.0000	1	0.0893	2.3094	0.0209
B_76_1_B_73_1	A_27_1_A_6_1	-0.5000	0.0000	0.0000	0.0000	1	-0.5000	-inf	0.0000
B_76_1_B_73_1	A_28_1_A_25_0	-0.5000	0.0000	0.0000	0.0000	1	-0.5000	-inf	0.0000
B_76_1_B_73_1	A_59_1_A_56_1	-0.6667	0.2887	0.0000	0.0000	1	-0.0893	-2.3094	0.0209
B_76_1_B_73_1	B_145_0_B_158_1	-0.6667	0.2887	0.0000	0.0000	1	-0.0893	-2.3094	0.0209
B_76_1_B_73_1	B_153_1_A_29_0	-0.5000	0.0000	0.0000	0.0000	1	-0.5000	-inf	0.0000
B_76_1_B_73_1	B_44_1_B_41_1	0.8333	0.2887	0.0000	0.0000	1	0.2560	2.8868	0.0039
B_76_1_B_73_1	B_62_1_B_58_1	-0.8333	0.2887	0.0000	0.0000	1	-0.2560	-2.8868	0.0039
B_76_1_B_73_1	B_67_1_B_64_1	-0.5000	0.0000	0.0000	0.0000	1	-0.5000	-inf	0.0000
B_76_1_B_73_1	B_6_0_B_4_1	1.0000	0.0000	0.0000	0.0000	1	1.0000	inf	0.0000
B_76_1_B_73_1	B_71_0_B_47_0	1.0000	0.0000	0.0000	0.0000	1	1.0000	inf	0.0000
B_76_1_B_73_1	B_76_1_B_73_1	1.0000	0.0000	0.0000	0.0000	1	1.0000	inf	0.0000
B_76_1_B_73_1	B_80_0_B_76_0	0.8333	0.2887	0.0000	0.0000	1	0.2560	2.8868	0.0039
B_76_1_B_73_1	B_86_1_B_83_1	0.6667	0.2887	0.0000	0.0000	1	0.0893	2.3094	0.0209
B_76_1_B_73_1	B_91_1_B_87_1	0.5000	0.0000	0.0000	0.0000	1	0.5000	inf	0.0000
B_78_1_B_74_1	A_124_0_A_159_0	-0.5000	0.0000	0.0000	0.0000	1	-0.5000	-inf	0.0000
B_78_1_B_74_1	A_50_0_A_47_0	-0.6667	0.2887	0.6667	0.5774	1	-0.0423	-2.0656	0.0389
B_78_1_B_74_1	A_53_1_C_105_1	0.6667	0.2887	0.0000	0.0000	1	0.0893	2.3094	0.0209
B_78_1_B_74_1	A_59_1_A_56_1	-0.8333	0.2887	0.0000	0.0000	1	-0.2560	-2.8868	0.0039
B_78_1_B_74_1	B_168_1_B_190_0	1.0000	0.0000	0.1667	0.2887	1	0.2560	2.8868	0.0039
B_78_1_B_74_1	B_16_0_A_4_0	-0.6667	0.2887	0.0000	0.0000	1	-0.0893	-2.3094	0.0209
B_80_0_B_76_0	A_101_1_A_98_1	0.6667	0.2887	0.0000	0.0000	1	0.0893	2.3094	0.0209
B_80_0_B_76_0	A_156_0_A_159_0	0.6667	0.2887	0.0000	0.0000	1	0.0893	2.3094	0.0209
B_80_0_B_76_0	A_19_0_A_17_1	0.8333	0.2887	0.0000	0.0000	1	0.2560	2.8868	0.0039
B_80_0_B_76_0	A_50_0_A_47_0	0.5000	0.0000	0.0000	0.0000	1	0.5000	inf	0.0000
B_80_0_B_76_0	A_59_1_A_56_1	-0.5000	0.0000	0.0000	0.0000	1	-0.5000	-inf	0.0000
B_80_0_B_76_0	B_153_1_A_29_0	-0.6667	0.2887	0.0000	0.0000	1	-0.0893	-2.3094	0.0209
B_80_0_B_76_0	B_29_0_A_141_0	0.5000	0.0000	0.0000	0.0000	1	0.5000	inf	0.0000
B_80_0_B_76_0	B_44_1_B_41_1	0.6667	0.2887	0.0000	0.0000	1	0.0893	2.3094	0.0209
B_80_0_B_76_0	B_62_1_B_58_1	-0.6667	0.2887	0.0000	0.0000	1	-0.0893	-2.3094	0.0209
B_80_0_B_76_0	B_6_0_B_4_1	0.8333	0.2887	0.0000	0.0000	1	0.2560	2.8868	0.0039
B_80_0_B_76_0	B_71_0_B_47_0	0.8333	0.2887	0.0000	0.0000	1	0.2560	2.8868	0.0039
B_80_0_B_76_0	B_76_1_B_73_1	0.8333	0.2887	0.0000	0.0000	1	0.2560	2.8868	0.0039
B_80_0_B_76_0	B_80_0_B_76_0	1.0000	0.0000	0.0000	0.0000	1	1.0000	inf	0.0000
B_80_0_B_76_0	B_86_1_B_83_1	0.8333	0.2887	0.0000	0.0000	1	0.2560	2.8868	0.0039
B_80_0_B_76_0	B_91_1_B_87_1	0.6667	0.2887	0.0000	0.0000	1	0.0893	2.3094	0.0209
B_81_0_C_106_1	A_17_1_A_17_0	0.0000	0.0000	0.8333	0.2887	1	-0.2560	-2.8868	0.0039
B_81_0_C_106_1	A_50_1_A_46_1	0.0000	0.0000	-0.8333	0.2887	1	0.2560	2.8868	0.0039
B_81_0_C_106_1	A_68_1_A_64_1	0.0000	0.0000	1.0000	0.0000	1	-1.0000	-inf	0.0000
B_81_0_C_106_1	B_145_1_B_158_1	0.0000	0.0000	0.8333	0.2887	1	-0.2560	-2.8868	0.0039
B_81_0_C_106_1	B_51_0_B_36_1	0.0000	0.0000	-0.6667	0.2887	1	0.0893	2.3094	0.0209
B_81_0_C_106_1	B_62_1_B_58_1	0.0000	0.0000	-0.8333	0.2887	1	0.2560	2.8868	0.0039
B_81_0_C_106_1	B_72_0_B_69_0	0.0000	0.0000	-0.8333	0.2887	1	0.2560	2.8868	0.0039
B_81_0_C_106_1	B_81_0_C_106_1	0.0000	0.0000	1.0000	0.0000	1	-1.0000	-inf	0.0000
B_81_0_C_106_1	C_106_0_A_55_0	0.0000	0.0000	0.8333	0.2887	1	-0.2560	-2.8868	0.0039
B_83_0_B_87_0	A_130_0_A_150_1	0.0000	0.0000	0.6667	0.2887	1	-0.0893	-2.3094	0.0209
B_83_0_B_87_0	A_140_1_A_144_1	0.0000	0.0000	-0.6667	0.2887	1	0.0893	2.3094	0.0209
B_83_0_B_87_0	A_144_1_A_142_0	0.0000	0.0000	0.8333	0.2887	1	-0.2560	-2.8868	0.0039
B_83_0_B_87_0	A_156_0_A_158_0	0.0000	0.0000	-0.6667	0.2887	1	0.0893	2.3094	0.0209
B_83_0_B_87_0	A_44_0_A_133_1	0.0000	0.0000	0.6667	0.2887	1	-0.0893	-2.3094	0.0209
B_83_0_B_87_0	A_62_0_C_110_1	0.0000	0.0000	0.6667	0.2887	1	-0.0893	-2.3094	0.0209
B_83_0_B_87_0	A_71_1_A_67_1	0.0000	0.0000	0.8333	0.2887	1	-0.2560	-2.8868	0.0039
B_83_0_B_87_0	A_80_1_A_77_1	0.0000	0.0000	0.8333	0.2887	1	-0.2560	-2.8868	0.0039
B_83_0_B_87_0	B_114_1_B_104_1	0.0000	0.0000	-0.8333	0.2887	1	0.2560	2.8868	0.0039
B_83_0_B_87_0	B_48_0_B_47_1	0.0000	0.0000	0.8333	0.2887	1	-0.2560	-2.8868	0.0039
B_83_0_B_87_0	B_51_1_B_37_1	0.0000	0.0000	0.8333	0.2887	1	-0.2560	-2.8868	0.0039
B_83_0_B_87_0	B_60_1_B_57_1	0.0000	0.0000	-0.6667	0.2887	1	0.0893	2.3094	0.0209
B_83_0_B_87_0	B_83_0_B_87_0	0.0000	0.0000	1.0000	0.0000	1	-1.0000	-inf	0.0000
B_83_0_B_87_0	B_94_0_B_178_1	0.0000	0.0000	1.0000	0.0000	1	-1.0000	-inf	0.0000
B_86_1_B_82_1	A_140_1_A_144_1	0.0000	0.0000	0.6667	0.2887	1	-0.0893	-2.3094	0.0209
B_86_1_B_82_1	B_145_1_B_158_1	-0.1667	0.2887	0.6667	0.2887	1	-0.0168	-2.0412	0.0412
B_86_1_B_83_1	A_140_1_A_144_1	0.3333	0.2887	-0.6667	0.2887	1	0.1835	2.4495	0.0143
B_86_1_B_83_1	A_19_0_A_17_1	1.0000	0.0000	0.0000	0.0000	1	1.0000	inf	0.0000
B_86_1_B_83_1	B_145_1_B_158_1	0.3333	0.2887	-0.6667	0.2887	1	0.1835	2.4495	0.0143
B_86_1_B_83_1	B_6_0_B_4_1	0.6667	0.2887	0.0000	0.0000	1	0.0893	2.3094	0.0209
B_86_1_B_83_1	B_76_1_B_73_1	0.6667	0.2887	0.0000	0.0000	1	0.0893	2.3094	0.0209
B_86_1_B_83_1	B_80_0_B_76_0	0.8333	0.2887	0.0000	0.0000	1	0.2560	2.8868	0.0039
B_89_1_B_86_1	A_119_1_A_118_0	1.0000	0.0000	-0.5000	0.5000	1	0.5000	3.0000	0.0027
B_89_1_B_86_1	A_144_1_A_142_1	-0.5000	0.0000	0.0000	0.0000	1	-0.5000	-inf	0.0000
B_89_1_B_86_1	A_50_1_A_47_1	0.6667	0.2887	-0.1667	0.2887	1	0.0168	2.0412	0.0412
B_89_1_B_86_1	A_5_0_A_27_0	-0.6667	0.2887	0.1667	0.2887	1	-0.0168	-2.0412	0.0412
B_89_1_B_86_1	A_71_1_A_67_1	0.6667	0.2887	-0.3333	0.2887	1	0.1835	2.4495	0.0143
B_89_1_B_86_1	B_179_0_B_177_0	-0.5000	0.0000	0.0000	0.0000	1	-0.5000	-inf	0.0000
B_91_1_B_87_1	A_156_0_A_158_0	-0.1667	0.2887	0.6667	0.2887	1	-0.0168	-2.0412	0.0412
B_91_1_B_87_1	A_19_0_A_17_1	0.8333	0.2887	0.0000	0.0000	1	0.2560	2.8868	0.0039
B_91_1_B_87_1	A_44_0_A_133_1	0.0000	0.0000	-0.6667	0.2887	1	0.0893	2.3094	0.0209
B_91_1_B_87_1	A_50_0_A_47_0	0.8333	0.2887	-0.5000	0.5000	1	0.1786	2.3094	0.0209
B_91_1_B_87_1	A_50_1_A_47_1	0.6667	0.2887	-0.1667	0.2887	1	0.0168	2.0412	0.0412
B_91_1_B_87_1	A_62_1_A_58_1	0.3333	0.2887	-0.8333	0.2887	1	0.3502	2.8577	0.0043
B_91_1_B_87_1	A_95_1_A_103_0	0.5000	0.0000	-0.1667	0.2887	1	0.0893	2.3094	0.0209
B_91_1_B_87_1	B_105_0_A_182_1	0.1667	0.2887	-0.8333	0.2887	1	0.1835	2.4495	0.0143
B_91_1_B_87_1	B_6_0_B_4_1	0.5000	0.0000	0.0000	0.0000	1	0.5000	inf	0.0000
B_91_1_B_87_1	B_76_1_B_73_1	0.5000	0.0000	0.0000	0.0000	1	0.5000	inf	0.0000
B_91_1_B_87_1	B_80_0_B_76_0	0.6667	0.2887	0.0000	0.0000	1	0.0893	2.3094	0.0209
B_93_0_B_89_1	A_121_0_A_149_0	0.1667	0.2887	-0.6667	0.2887	1	0.0168	2.0412	0.0412
B_93_0_B_89_1	A_49_1_A_45_1	0.0000	0.0000	0.8333	0.2887	1	-0.2560	-2.8868	0.0039
B_93_0_B_89_1	B_111_0_A_184_0	0.0000	0.0000	0.8333	0.2887	1	-0.2560	-2.8868	0.0039
B_93_0_B_89_1	B_62_0_B_46_0	0.0000	0.0000	-0.6667	0.2887	1	0.0893	2.3094	0.0209
B_94_0_B_178_1	A_130_0_A_150_1	-0.1667	0.2887	0.6667	0.2887	1	-0.0168	-2.0412	0.0412
B_94_0_B_178_1	A_144_1_A_142_0	-0.1667	0.2887	0.8333	0.2887	1	-0.1835	-2.4495	0.0143
B_94_0_B_178_1	A_44_0_A_133_1	0.0000	0.0000	0.6667	0.2887	1	-0.0893	-2.3094	0.0209
B_94_0_B_178_1	B_48_0_B_47_1	-0.1667	0.2887	0.8333	0.2887	1	-0.1835	-2.4495	0.0143
B_94_0_B_178_1	B_51_1_B_37_1	-0.1667	0.2887	0.8333	0.2887	1	-0.1835	-2.4495	0.0143
B_94_0_B_178_1	B_83_0_B_87_0	0.0000	0.0000	1.0000	0.0000	1	-1.0000	-inf	0.0000
C_104_1_A_51_1	A_41_0_A_54_1	1.0000	0.0000	-0.1667	0.2887	1	0.5893	4.0415	0.0001
C_104_1_A_51_1	A_50_0_A_47_0	0.6667	0.2887	-0.1667	0.2887	1	0.0168	2.0412	0.0412
C_104_1_A_51_1	A_6_1_A_27_0	0.5000	0.0000	0.0000	0.0000	1	0.5000	inf	0.0000
C_104_1_A_51_1	B_104_0_B_114_1	0.5000	0.0000	0.0000	0.0000	1	0.5000	inf	0.0000
C_104_1_A_51_1	B_179_0_B_177_0	0.5000	0.0000	0.0000	0.0000	1	0.5000	inf	0.0000
C_104_1_A_51_1	B_29_0_A_141_0	0.6667	0.2887	0.0000	0.0000	1	0.0893	2.3094	0.0209
C_105_1_A_51_1	A_62_1_A_58_1	-0.1667	0.2887	0.8333	0.2887	1	-0.1835	-2.4495	0.0143
C_105_1_A_51_1	B_111_0_A_184_0	0.0000	0.0000	1.0000	0.0000	1	-1.0000	-inf	0.0000
C_105_1_A_51_1	B_71_1_B_67_1	0.1667	0.2887	-0.6667	0.2887	1	0.0168	2.0412	0.0412
C_106_0_A_55_0	A_30_1_A_29_0	0.1667	0.2887	-0.6667	0.2887	1	0.0168	2.0412	0.0412
C_106_0_A_55_0	B_145_1_B_158_1	-0.3333	0.5774	1.0000	0.0000	1	-0.1786	-2.3094	0.0209
C_106_0_A_55_0	B_71_1_B_67_1	-0.1667	0.2887	0.6667	0.2887	1	-0.0168	-2.0412	0.0412
C_106_0_A_55_0	B_72_0_B_69_0	-0.3333	0.2887	-1.0000	0.0000	1	0.0893	2.3094	0.0209
C_106_0_A_55_0	B_81_0_C_106_1	0.0000	0.0000	0.8333	0.2887	1	-0.2560	-2.8868	0.0039
