seg	res	rnm	aT41A.pcca1	aT41A.pcca1	WT.pcca2	WT.pcca2	lsdm	sdiff	score	pval
			mf	sf	mf	sf				
A	9	GLN	0.9573	0.0780	-3.0575	0.0512	1	3.8281	43.0135	0.0000
A	24	PHE	-1.5882	0.0966	-1.8492	0.0795	1	0.0109	2.0870	0.0369
A	41	THR	0.0000	0.0000	-0.8530	0.1546	1	0.5438	5.5171	0.0000
A	46	GLU	0.4681	0.6304	-1.2902	0.3644	1	0.3020	2.4148	0.0157
A	67	LYS	1.6646	1.1587	-2.0331	0.8506	1	0.8229	2.5725	0.0101
B	26	LEU	-1.2686	0.4299	2.3710	1.2132	1	-1.0654	-2.8277	0.0047
B	36	GLU	-1.7236	0.1258	-2.7006	0.3964	1	0.1453	2.3495	0.0188
B	78	TYR	1.6158	0.2784	2.8925	0.0149	1	-0.7192	-4.5800	0.0000
B	162	GLU	-2.2792	0.2545	-0.8747	0.3174	1	-0.5908	-3.4520	0.0006
B	174	GLN	-0.9462	0.0439	-2.9873	0.0520	1	1.9049	29.9657	0.0000
