seg	res	rnm	aT41A.pcca1	aT41A.pcca1	bN82A.pcca2	bN82A.pcca2	lsdm	sdiff	score	pval
			mf	sf	mf	sf				
A	41	THR	0.0000	0.0000	-0.9727	0.0956	1	0.7816	10.1787	0.0000
A	46	GLU	0.4681	0.6304	-1.4500	0.2706	1	0.5460	2.7959	0.0052
A	127	PRO	0.1757	0.1261	-0.1812	0.0719	1	0.0665	2.4579	0.0140
A	132	VAL	-1.1325	0.1124	0.0578	0.3077	1	-0.5352	-3.6338	0.0003
B	26	LEU	-1.2686	0.4299	1.6448	1.1202	1	-0.5137	-2.4281	0.0152
B	78	TYR	1.6158	0.2784	2.5370	0.2612	1	-0.1578	-2.4134	0.0158
B	80	ARG	-1.6378	0.5230	-2.7208	0.1150	1	0.0119	2.0222	0.0432
B	82	ASN	-1.1439	0.0710	0.0000	0.0000	1	-1.0019	-16.1129	0.0000
B	96	GLU	0.8835	0.4389	-1.1994	0.9218	1	0.0411	2.0402	0.0413
B	142	VAL	1.8296	1.0257	-1.9318	0.8676	1	1.0745	2.7998	0.0051
B	161	LEU	2.9988	0.0730	0.9779	0.0508	1	1.8430	22.7198	0.0000
