seg	res	rnm	WT.pcca2	WT.pcca2	bN82A.pcca2	bN82A.pcca2	aT41A.pcca1	aT41A.pcca1
			mf	sf	mf	sf	mf	sf
A	4	GLU	-0.5871	1.0666	-0.3264	1.1470	0.0557	1.6545
A	5	HIP	-1.0559	0.1139	-1.1413	0.1007	-1.0744	0.0992
A	6	VAL	-0.8880	0.7164	-0.9507	0.5806	0.0533	1.1631
A	7	ILE	-1.2635	0.4066	-1.6162	2.3017	-0.4332	0.7036
A	8	ILE	-1.0267	0.1195	-0.7244	0.3839	-0.5593	0.6095
A	9	GLN	-3.0575	0.0512	0.3884	1.1677	0.9573	0.0780
A	11	GLH	0.9818	0.1104	1.0084	0.0918	1.0047	0.0400
A	12	PHE	1.4538	0.1197	1.2966	0.0496	1.3423	0.0843
A	13	TYR	-2.7799	0.0556	-2.7064	0.0413	-2.7442	0.1335
A	14	LEU	1.8897	0.9992	-1.0036	2.0222	0.3567	1.1793
A	15	ASN	-0.2158	1.0828	-0.3716	2.3505	0.5003	2.8117
A	16	PRO	0.1595	0.3059	0.3971	0.1621	0.5303	0.0265
A	17	ASP	-1.2732	0.2867	-1.1267	0.0261	-1.3891	0.4241
A	18	GLN	-0.4405	0.8901	-0.8581	0.0888	-1.1065	0.3079
A	19	SER	-0.9571	0.7564	-1.5744	0.5651	-0.5016	1.3264
A	21	GLH	-1.0470	0.0945	-0.4940	0.5845	-1.4020	0.3002
A	22	PHE	0.9190	1.9707	-0.3294	2.3379	0.3599	1.1740
A	23	MET	1.1241	0.0916	0.6714	0.8249	0.4652	0.7161
A	24	PHE	-1.8492	0.0795	-1.6296	0.3257	-1.5882	0.0966
A	25	ASH	0.6372	0.3690	1.1495	1.9661	0.9222	0.1370
A	26	PHE	-0.9463	2.0029	0.3862	2.2757	-0.9559	0.0929
A	27	ASP	-2.8065	0.0876	-2.7650	0.0406	-2.5976	0.2531
A	29	ASH	-2.6207	0.3006	-2.5578	0.4567	-2.5535	0.2933
A	30	GLU	-1.0049	1.9867	-1.5775	1.0604	-1.1844	2.0811
A	31	ILE	-0.1147	0.7334	-0.3163	0.7076	-0.7133	1.4062
A	32	PHE	1.1444	0.0566	1.1660	0.1093	1.1911	0.0074
A	33	HIP	1.1658	0.0391	1.1727	0.0174	1.1954	0.0240
A	34	VAL	0.3193	1.0667	0.3208	1.1795	-0.2627	2.2750
A	35	ASP	-1.6412	1.1079	-2.9340	0.0049	-2.2215	1.1562
A	36	MET	-1.6438	0.6332	-1.8162	0.4308	-1.8131	0.7640
A	38	LYS	-1.1684	0.2693	-2.1582	0.4818	-1.2872	0.4189
A	39	LYS	-0.8405	0.4952	-0.9402	0.1385	-0.9721	0.1474
A	40	GLU	-1.0656	2.1390	0.1168	1.6154	-0.2980	0.1981
A	41	THR	-0.8530	0.1546	-0.9727	0.0956	0.0000	0.0000
A	42	VAL	-0.7485	2.0042	-1.4694	0.9346	-1.2562	2.0168
A	43	TRP	-1.1878	0.0813	-1.1779	0.1027	-0.8837	0.3598
A	44	ARG	-1.6820	2.3871	0.4327	1.1163	-1.5816	2.2766
A	45	LEU	-1.8963	1.3488	-1.5955	0.6212	-1.0093	1.3755
A	46	GLU	-1.2902	0.3644	-1.4500	0.2706	0.4681	0.6304
A	47	GLU	-0.6632	2.1017	-1.0276	0.7682	-0.6964	0.9871
A	48	PHE	-2.2235	1.1776	-1.8909	1.2910	-2.7991	0.2440
A	50	ARG	-0.8615	1.1100	-0.2603	0.0836	-0.8640	0.5876
A	51	PHE	1.0670	0.0776	-0.5763	1.6439	0.7902	1.8138
A	53	SER	1.0277	0.6761	-0.2052	0.3996	-0.0594	1.4157
A	54	PHE	-0.9182	2.0264	-0.3262	1.1521	-1.6329	2.2519
A	55	GLU	-1.0557	0.5664	-0.3347	1.1898	-0.7832	1.3275
A	57	GLN	-1.0660	0.6694	-1.3268	1.0803	-0.7963	0.2910
A	60	LEU	-1.9343	0.4517	-1.1477	0.8051	-0.8928	0.6456
A	62	ASN	-1.1126	0.9219	-1.4729	0.1540	-1.5635	0.1732
A	63	ILE	-0.7568	0.7283	-0.0503	1.0177	-0.0184	1.0046
A	65	VAL	-1.6389	2.3432	-1.6016	1.1441	-1.6193	2.3142
A	66	ASP	-1.1822	0.0239	-1.1646	0.0515	-1.2059	0.1030
A	67	LYS	-2.0331	0.8506	0.2022	1.0829	1.6646	1.1587
A	69	ASN	-1.4526	0.1560	-1.3095	0.0657	-1.4210	0.0409
A	70	LEU	-0.9883	1.9954	-1.6819	2.3565	-0.9615	0.1207
A	71	GLU	-0.5360	1.8412	-1.6690	1.3127	-1.6905	1.3188
A	72	ILE	-1.0841	0.0419	-1.2034	0.4563	-1.2948	0.9470
A	73	MET	-1.8188	0.9177	-2.0236	1.4048	-2.6168	0.3138
A	74	THR	0.5612	0.2876	0.7811	0.0200	0.4533	0.3418
A	75	LYS	-0.7019	1.1626	-0.3121	0.6413	-1.1025	1.1005
A	76	ARG	-2.7810	0.0842	-2.6747	0.3343	-1.8405	1.8663
A	77	SER	0.7319	0.9311	1.0768	0.0543	1.0857	0.1438
A	78	ASN	-2.7328	0.4636	-2.1582	1.1290	-2.8436	0.0880
A	79	TYR	-0.9748	0.1972	-1.0294	0.0398	-1.0218	0.0592
A	80	THR	-1.0729	0.1112	-0.9773	0.0953	-0.9462	0.1107
A	81	PRO	0.1840	0.2168	0.5768	0.0993	0.5710	0.2015
A	82	ILE	-2.7474	0.1012	-2.8305	0.0852	-1.4140	2.1723
A	83	THR	0.0245	0.9885	-0.9709	0.0277	-0.9948	0.0610
A	84	ASN	-1.3241	1.6137	-1.6899	1.1407	-2.1894	1.1994
A	85	VAL	-0.9556	3.4911	-0.7824	0.2595	-1.6504	1.2043
A	86	PRO	-0.1744	0.3744	0.1973	0.0835	-0.1874	0.2322
A	87	PRO	0.1470	0.1092	0.2235	0.2305	0.1171	0.0744
A	88	GLU	0.0751	2.0455	-1.3504	1.0171	-1.0332	0.0254
A	89	VAL	-2.9234	0.0418	-2.0924	0.7737	-0.9316	1.7934
A	90	THR	-0.7223	0.4365	-0.9142	0.1370	-0.5998	0.4106
A	91	VAL	0.0479	1.5962	-0.8089	0.8770	-0.4278	0.6188
A	92	LEU	0.8606	0.4605	0.9835	0.4132	0.4521	0.6901
A	93	THR	0.9775	0.0145	0.6867	0.3920	0.8713	0.0883
A	94	ASN	-2.9719	0.0219	-0.9861	3.4735	-1.8482	2.0177
A	95	SER	-1.3614	0.3308	-1.1086	0.7392	-0.9404	0.9640
A	96	PRO	0.2466	0.0776	0.1182	0.0671	0.1219	0.3313
A	97	VAL	-1.0718	2.2724	-1.0199	0.7418	-0.9401	0.7658
A	98	GLU	-0.1423	1.5655	-1.7532	1.6763	0.1448	0.9589
A	99	LEU	-0.9297	1.9776	-1.4249	0.8483	-1.8989	0.8838
A	100	ARG	-1.3820	0.1427	-0.7350	0.4392	-1.0938	0.1923
A	101	GLU	-1.8911	0.7457	-1.8829	1.3965	-0.3785	1.0371
A	102	PRO	-0.4525	0.2178	-0.1516	0.0512	-0.0399	0.2655
A	103	ASN	-2.6990	0.0726	-2.7437	0.1454	-2.7594	0.0659
A	104	VAL	2.9143	0.0645	1.0042	1.9374	1.5493	0.9957
A	105	LEU	-2.0898	0.7616	-1.7917	1.4390	-1.9027	0.5893
A	106	ILE	-1.0039	0.1046	-0.9252	0.0764	-0.8984	0.0695
A	107	CYX	-2.3470	1.1381	-2.9538	0.0319	-1.5674	1.1908
A	108	PHE	2.2360	1.1708	1.4229	1.2988	2.8609	0.2546
A	109	ILE	0.7058	0.3520	0.4979	0.3193	0.2120	0.9092
A	110	ASP	-2.2598	1.1343	-2.8585	0.1067	-2.8086	0.0750
A	111	LYS	-0.9273	0.5934	0.0033	0.3846	-1.2406	1.2411
A	112	PHE	0.9969	0.0413	0.9552	0.0681	1.1047	0.0407
A	113	THR	-2.6975	0.0853	-2.8056	0.1738	-2.7721	0.1011
A	114	PRO	0.2942	0.0967	0.4065	0.2141	0.4752	0.0398
A	115	PRO	0.4523	0.1981	0.5077	0.0271	0.5500	0.0282
A	116	VAL	-0.3663	1.8549	-0.7546	0.4128	-0.9879	0.8244
A	117	VAL	-0.3866	0.6455	-0.8780	0.6723	-1.2402	0.9924
A	118	ASN	-0.3050	2.1891	-1.9440	0.8400	-1.0388	3.3988
A	119	VAL	-2.4823	0.7749	-0.7311	1.6372	-0.0625	1.5014
A	120	THR	-0.8078	0.8275	-0.0321	0.3827	-0.1611	0.3070
A	121	TRP	-1.1646	0.0760	-1.2677	0.0812	-1.3144	0.1640
A	122	LEU	-1.0403	0.1866	-1.2248	0.3201	-1.0257	0.0458
A	123	ARG	-0.9850	1.9072	-0.3315	1.1581	-0.3137	3.0997
A	124	ASN	-0.9755	0.0365	-1.3215	0.4402	-1.5219	0.6101
A	126	LYS	-0.8881	1.0384	-1.2710	0.3885	-0.2766	0.9205
A	127	PRO	0.2942	0.2577	-0.1812	0.0719	0.1757	0.1261
A	128	VAL	-1.2284	0.5840	-0.3992	1.5442	-0.1660	1.6224
A	129	THR	0.6751	0.2761	1.0289	0.0825	0.5061	0.2780
A	130	THR	0.3796	2.0993	0.0226	0.8555	-0.7966	0.8919
A	132	VAL	-0.5867	0.8104	0.0578	0.3077	-1.1325	0.1124
A	133	SER	0.0751	0.3875	-0.0121	1.0866	-0.5958	0.1313
A	134	GLU	-1.4211	0.4079	-0.1784	0.7648	-0.5561	1.6690
A	135	THR	0.4539	0.7124	0.9328	0.0809	0.9273	0.1427
A	136	VAL	-1.2682	0.0863	-1.0712	0.0364	-0.8502	0.5393
A	137	PHE	-0.9986	0.1263	-0.9395	0.0231	-0.9302	0.2915
A	138	LEU	-1.0892	0.2255	-0.8205	1.5162	-1.2022	1.6221
A	139	PRO	0.5273	0.0241	0.5398	0.1237	0.4819	0.1297
A	140	ARG	-0.7355	0.7394	-1.2059	0.0627	-1.1688	0.0735
A	141	GLU	-2.1327	1.0808	-1.6819	0.1008	-1.6649	0.6006
A	142	ASP	0.9610	0.0548	1.0826	0.1547	1.1354	0.1055
A	143	HIE	-0.8981	0.1848	-0.8255	0.0450	-0.7809	0.0842
A	144	LEU	-0.9863	0.0510	-1.0709	0.0696	-1.0461	0.0961
A	145	PHE	-1.1411	0.0507	-1.2174	0.0108	-1.1311	0.1073
A	146	ARG	1.1474	1.4041	0.7635	1.1817	0.5879	0.6972
A	147	LYS	-0.2598	2.9928	1.5662	2.3513	0.3265	1.2047
A	148	PHE	-1.1272	0.1012	-1.0615	0.0340	-1.0780	0.0431
A	149	HIE	-2.7301	0.1167	-2.8391	0.1143	-2.7379	0.0290
A	150	TYR	-1.0495	0.1493	-0.9504	0.0787	-1.0272	0.0431
A	151	LEU	0.9789	2.0464	2.2869	1.2681	1.6310	1.1485
A	152	PRO	-0.0330	0.2385	-0.0620	0.4726	0.2979	0.2560
A	153	PHE	1.5438	0.1219	1.4335	0.1186	1.4873	0.0661
A	154	LEU	-2.2146	0.9486	-1.4065	1.0649	-2.2867	0.6739
A	155	PRO	-0.0561	0.2100	0.0915	0.3630	-0.1895	0.2376
A	156	SER	1.7971	1.2686	0.7223	0.9039	0.4247	1.2297
A	157	THR	0.7062	0.4178	0.8673	0.0295	0.8539	0.0974
A	158	GLU	-0.8313	0.2906	-0.5818	1.0137	-0.3856	0.0702
A	159	ASP	-1.0802	0.0850	-1.0377	0.5009	-1.0547	1.1316
A	160	VAL	-1.1854	0.2311	-1.0375	0.1538	-1.1293	0.1293
A	161	TYR	-1.1184	0.0482	-1.1773	0.2089	-1.1736	0.1075
A	162	ASP	-0.8709	0.1605	-0.9363	0.0604	-1.0319	0.1382
A	163	CYX	-0.3203	2.3613	-1.0135	2.0331	0.3296	1.1669
A	164	ARG	-1.6530	2.3034	-2.3266	1.0107	-0.2925	2.3529
A	165	VAL	-0.0498	1.9614	0.2131	2.9587	1.6430	1.1594
A	166	GLU	-0.9107	0.9817	-0.4694	0.6235	-0.9769	0.9260
A	167	HIE	-1.6849	1.1375	-0.2876	2.3219	-2.9878	0.0458
A	168	TRP	0.3325	1.1869	1.0112	1.9913	-0.3445	2.3345
A	170	LEU	-0.7841	1.0700	-0.9793	0.4808	-0.7730	1.0636
A	171	ASP	-2.7062	0.4738	-1.4034	1.1292	-1.5469	1.1912
A	172	GLU	-0.9913	0.5920	-0.5800	1.0442	-1.7548	0.2121
A	173	PRO	-0.0024	0.1161	0.2126	0.0742	0.0198	0.1081
A	174	LEU	-0.4827	0.4586	-1.4806	0.3512	-0.1709	1.6435
A	175	LEU	-1.0796	1.6204	-1.1769	1.1905	-1.4120	1.0012
A	176	LYS	-2.5016	0.6808	-1.8771	1.2853	-1.3260	2.0879
A	177	HIP	-2.9647	0.0550	-2.2681	1.1151	-2.2598	1.1598
A	178	TRP	-2.2054	1.0958	-2.2747	1.1819	-2.9707	0.0415
A	179	GLU	1.1563	0.0490	1.0700	0.0256	0.6037	0.5291
A	180	PHE	-1.6163	2.2274	-1.6007	1.2484	-0.9628	0.0602
A	181	ASP	0.3861	2.3559	-0.9144	1.9731	-2.2753	1.0888
A	183	PRO	0.1481	0.0341	-0.1068	0.0241	0.2179	0.1625
A	184	SER	-0.8207	0.1720	-1.0922	0.1155	-0.7487	0.5644
B	4	ARG	-0.5611	1.9853	-0.8372	0.5390	-1.2704	0.4647
B	5	PRO	0.1191	0.1493	0.1617	0.3561	0.1224	0.2504
B	6	ARG	-1.6257	0.0758	-1.5783	0.1142	-1.5278	0.0559
B	7	PHE	-0.7481	0.0277	-0.7762	0.0524	-0.7842	0.1323
B	8	LEU	2.3324	1.1655	0.9980	0.0398	-0.3112	1.2359
B	9	TRP	2.3223	1.1589	2.9596	0.0298	2.2755	1.1126
B	10	GLN	-1.0469	0.9698	-1.5503	1.4063	-1.5202	1.4073
B	11	LEU	-0.2180	2.0836	0.2861	1.1122	1.6152	1.1465
B	12	LYS	-0.8502	1.1169	-1.0202	0.7379	-0.8649	0.9934
B	13	PHE	-0.8788	0.0633	-1.0125	0.1363	-1.0296	0.1394
B	14	GLU	-0.0441	0.7326	-0.7939	1.0457	-0.0130	1.9587
B	15	CYX	-1.3795	0.3405	-1.6009	2.3200	-1.6388	1.1684
B	16	HIP	-1.4483	0.3421	-1.5432	0.2823	-1.4135	0.2021
B	17	PHE	0.9778	0.4364	0.8391	0.4872	1.3415	0.3922
B	18	PHE	0.1508	1.3581	0.2482	1.0430	0.1024	1.8204
B	19	ASN	0.0057	0.9021	0.3560	1.1553	-1.1132	1.6551
B	21	THR	0.4119	0.6045	0.9668	0.1626	0.7717	0.3538
B	22	GLU	-1.6159	0.6941	-1.0205	0.6802	-1.6098	0.6998
B	23	ARG	-1.2143	0.1487	0.8712	0.2623	0.1807	1.3606
B	24	VAL	-1.6457	0.7111	-0.7158	0.8412	-1.0688	0.0727
B	25	ARG	-1.0188	1.9756	1.0804	1.2178	-1.0062	1.7522
B	26	LEU	2.3710	1.2132	1.6448	1.1202	-1.2686	0.4299
B	27	LEU	0.1091	1.1215	0.4783	0.9512	0.8473	2.2492
B	28	GLU	2.2681	1.1585	0.5375	1.8864	-1.1493	2.1096
B	29	ARG	-0.9763	0.0187	-0.2612	0.7099	0.3223	1.2059
B	30	CYS	-1.0175	0.0881	-0.5692	0.8597	-0.2924	1.3104
B	31	ILE	-0.8557	0.0739	-0.8382	0.1268	-0.9506	0.1264
B	32	TYR	2.3565	1.1885	1.0205	2.0060	-0.3580	3.0910
B	33	ASN	-1.2272	0.1230	-1.2266	0.1468	-1.5883	0.6361
B	34	GLN	-1.1321	1.5726	-2.5226	0.3564	-1.5175	1.1769
B	35	GLU	0.0142	1.5255	-1.3619	0.2660	-1.1550	0.9430
B	36	GLU	-2.7006	0.3964	-1.4581	1.6687	-1.7236	0.1258
B	37	SER	1.0180	0.2549	0.5481	0.4696	0.4609	1.1554
B	38	VAL	0.7264	1.0004	-0.5188	1.3386	-0.0407	0.7544
B	39	ARG	0.1787	0.4557	-0.0204	1.5181	0.3642	1.8591
B	40	PHE	2.2930	1.2077	0.9201	1.9884	0.3075	3.0055
B	41	ASP	-1.0303	0.0188	-1.0448	2.0111	-0.9674	0.0449
B	42	SER	0.2304	0.8179	0.8620	0.3019	0.2214	0.8564
B	43	ASP	-1.6210	1.1699	-2.3032	1.1866	-1.5896	1.0660
B	44	VAL	-1.5342	1.5452	-0.8146	1.0238	-1.0800	1.2614
B	46	GLU	-0.9184	0.8002	-0.3696	0.7303	-0.1664	1.3701
B	47	TYR	-1.2637	0.0660	-1.3054	0.1500	-1.2262	0.0679
B	48	ARG	-0.8636	0.4088	-1.3603	0.4305	-1.2005	0.0762
B	50	VAL	-1.5887	1.1312	-0.8563	0.8503	-2.2579	0.5094
B	51	THR	0.9322	0.0854	0.9753	0.0841	0.1276	1.4721
B	52	GLU	-1.3033	1.1876	-1.3736	0.4510	-0.1542	1.7336
B	53	LEU	-1.9035	1.2808	-1.6440	1.2129	-2.1938	0.1086
B	55	ARG	-2.7656	0.3623	-1.4742	1.5336	-1.4284	1.3929
B	56	PRO	-0.4413	0.0950	-0.3126	0.2206	-0.2480	0.2999
B	57	ASP	-0.8349	0.1545	-0.9179	0.1477	-0.9586	0.1849
B	59	GLU	-0.7648	0.6973	-0.4050	1.3978	-1.3270	1.0434
B	60	TYR	0.3124	1.1302	0.3595	3.0584	-1.3159	0.4345
B	61	TRP	-0.9296	0.1669	-0.9792	0.0272	-1.1174	0.0882
B	62	ASN	-2.3010	0.5262	-2.3790	0.2734	-1.7951	0.7886
B	63	SER	-0.3378	0.8969	-0.1753	0.9414	0.4320	1.1657
B	64	GLN	-1.1832	0.0738	-1.0781	0.0808	-1.0762	0.1560
B	65	LYS	-1.2301	0.3348	-1.5181	0.7742	-1.3920	0.4078
B	66	ASP	-1.6277	1.1573	-1.1802	0.3552	-2.2548	1.2319
B	67	LEU	0.9621	1.6951	0.7851	0.2969	-1.5581	2.2876
B	68	LEU	-1.4494	0.8247	-0.9790	1.9722	-2.9715	0.0281
B	69	GLU	-2.3782	0.5100	-1.0323	1.0775	-2.2879	1.1546
B	70	GLN	-1.0759	0.1107	-1.2429	1.4314	-1.3471	0.7957
B	71	ARG	-1.2804	0.1672	-1.4232	0.4370	-0.3025	3.0230
B	72	ARG	-1.4154	0.3642	-1.3981	0.4269	-2.2408	0.8254
B	75	VAL	0.6964	0.9279	0.1230	1.2536	-0.1286	1.0163
B	76	ASP	-1.4710	1.0691	-2.3412	1.1023	-2.2326	1.0908
B	77	THR	0.9245	0.5167	0.8776	0.3136	0.5685	0.4012
B	78	TYR	2.8925	0.0149	2.5370	0.2612	1.6158	0.2784
B	79	CYX	-0.6561	0.9112	-1.6450	2.2700	-1.6994	1.1811
B	80	ARG	-2.7753	0.2251	-2.7208	0.1150	-1.6378	0.5230
B	81	HIP	-1.6564	0.6566	-1.6721	0.4611	-1.3343	0.5988
B	82	ASN	-1.4753	0.3303	0.0000	0.0000	-1.1439	0.0710
B	83	TYR	0.2277	1.2639	1.1224	1.0196	1.7965	0.3079
B	85	VAL	-0.1534	0.2678	-1.5239	0.4107	-0.7028	0.9155
B	87	GLU	-0.7283	1.7087	-0.4897	1.2351	-1.2449	1.0745
B	88	SER	-0.3819	0.5211	0.8085	0.3531	-0.1312	0.8990
B	89	PHE	-1.1563	0.7212	-1.4692	0.7581	-1.1769	0.4296
B	90	THR	1.0005	0.0456	0.9002	0.0429	0.6868	0.5078
B	91	VAL	-0.6099	2.0650	-0.5725	0.9515	-1.5319	0.9332
B	92	GLN	-1.1482	0.2819	-1.1273	0.1696	-1.1914	0.1877
B	93	ARG	-0.3409	1.0976	-1.3377	0.7395	-1.4361	1.3141
B	94	ARG	-1.0358	0.6121	-1.3534	0.3129	-1.4387	0.5787
B	95	VAL	-2.1092	1.0044	-0.8356	1.1015	-2.3573	0.1421
B	96	GLU	1.1894	0.1359	-1.1994	0.9218	0.8835	0.4389
B	97	PRO	-0.2823	0.1539	0.1919	0.2299	-0.0343	0.0909
B	98	LYS	0.2388	2.3489	-1.3711	0.3664	-1.1987	0.7214
B	99	VAL	-1.3704	0.8993	-0.6933	0.7447	-1.3870	1.0606
B	100	THR	-0.4686	0.3758	-2.0140	1.0033	-0.4098	1.1355
B	101	VAL	0.3865	1.1925	1.1797	0.4846	1.0577	0.7269
B	102	TYR	1.0284	0.1003	0.9530	0.0352	0.9182	0.0742
B	103	PRO	0.5302	0.0031	0.5580	0.0166	0.5375	0.0904
B	104	SER	-2.0078	0.9935	-0.2058	0.6434	-0.9589	1.3257
B	105	LYS	1.1777	0.2281	1.1471	0.7486	0.8255	0.5396
B	106	THR	0.7549	0.3670	0.7839	0.3610	0.9625	0.0362
B	107	GLN	-1.4413	0.2919	-1.2406	0.0629	-1.2961	0.2372
B	108	PRO	-0.1486	0.3289	-0.0086	0.2173	-0.1205	0.1473
B	109	LEU	-1.2444	0.4691	-1.8672	0.3032	-1.1527	0.3079
B	110	GLN	-1.6186	0.6472	-2.3682	0.5464	-1.6198	0.5741
B	111	HIP	-1.2858	0.5048	-1.3055	0.2575	-0.7780	0.9419
B	112	HIE	1.4606	1.4518	1.4277	1.6350	1.5770	1.2180
B	113	ASN	0.9749	0.3635	-0.2455	1.4000	0.7791	0.8993
B	114	LEU	-2.3080	0.7310	0.3360	1.1925	-0.7379	1.6577
B	115	LEU	-2.8729	0.0617	-2.6934	0.3161	-1.5247	1.0962
B	116	VAL	-2.3434	1.1512	-0.9552	2.0117	-1.6511	1.1035
B	117	CYX	-0.2806	3.0942	-1.5967	1.2332	-1.6630	2.3414
B	118	SER	-1.3842	0.7951	-0.5717	0.8030	-1.5685	1.1222
B	119	VAL	-2.0535	0.7968	-2.4066	0.7110	-2.4295	0.6721
B	120	SER	-0.8558	0.6612	-0.2615	0.0804	-0.2121	0.6881
B	122	PHE	1.0556	0.1386	0.9542	0.0634	1.0077	0.1000
B	123	TYR	-2.9097	0.0640	-2.9070	0.1324	-2.8796	0.1160
B	124	PRO	0.4200	0.1603	0.5751	0.0333	0.3393	0.3580
B	126	SER	-0.7440	0.5861	-0.6509	0.1125	-0.7367	0.2605
B	127	ILE	-1.5670	1.1419	-2.8139	0.0462	-2.8579	0.0349
B	128	GLU	-2.1832	0.8365	-1.1645	1.4115	-1.7111	0.6829
B	129	VAL	-1.5840	1.4834	-1.1457	0.4329	-1.8146	1.9060
B	130	ARG	-0.3310	0.1104	-0.9072	0.4063	-1.0215	0.9236
B	131	TRP	-1.3793	0.0948	-1.3156	0.0846	-1.3855	0.1120
B	132	PHE	-1.2314	0.2798	-1.2170	0.1792	-1.1192	0.0310
B	133	ARG	-0.2791	2.3880	-1.6190	1.1217	0.3353	2.3543
B	134	ASN	-1.1453	0.9510	-1.1689	0.3252	-0.9934	0.7076
B	136	GLN	-0.3900	0.8422	-1.1525	0.6288	-0.7673	0.4232
B	137	GLU	-0.8179	1.1012	-1.3673	1.3244	-2.5652	0.4083
B	138	GLU	-1.7543	0.7213	-1.5617	1.6793	-0.2062	2.8372
B	139	LYS	-0.1149	1.3192	-0.4771	0.1222	-0.9038	1.0212
B	142	VAL	0.1046	0.7371	-1.9318	0.8676	1.8296	1.0257
B	143	VAL	-1.6837	0.6608	-1.1480	0.3880	0.7663	1.6523
B	144	SER	-0.2602	1.6554	-0.6271	1.7004	-0.2381	1.1719
B	145	THR	1.0558	0.1063	0.7818	0.3791	1.0733	0.0810
B	147	LEU	-1.1498	1.6931	-2.3361	1.1362	0.3549	1.1623
B	148	ILE	-1.3555	1.2014	-1.0526	0.6964	-0.9073	0.6040
B	149	GLN	-0.7428	1.1022	-0.9301	0.6082	-1.9823	0.5037
B	150	ASN	0.6732	1.0027	0.1526	1.1883	0.8095	0.8629
B	152	ASP	-0.8993	1.9606	-1.6035	1.1454	-2.8321	0.0463
B	153	TRP	-1.3354	0.0451	-1.2563	0.0303	-1.1862	0.0696
B	154	THR	0.9316	0.2356	0.5057	0.3022	0.8486	0.1086
B	155	PHE	-1.1526	0.0727	-1.2347	0.0794	-1.1210	0.0562
B	156	GLN	0.6691	0.4819	-0.4390	0.3775	0.0559	0.2342
B	157	THR	-2.9537	0.0669	-2.8218	0.3035	-2.5841	0.3467
B	158	LEU	0.4085	1.1287	-1.2000	1.6581	-0.9379	0.0559
B	159	VAL	-0.2689	1.3683	-1.2051	0.7104	-1.0188	0.6520
B	160	MET	-0.5998	0.1291	-0.7010	0.7096	-0.6715	0.5057
B	161	LEU	2.0319	1.5716	0.9779	0.0508	2.9988	0.0730
B	162	GLU	-0.8747	0.3174	-1.1189	0.5724	-2.2792	0.2545
B	163	THR	1.0303	0.0802	0.2780	0.6320	0.9200	0.0572
B	164	VAL	0.0102	2.0896	-0.8652	1.0458	-0.1421	1.6606
B	165	PRO	0.3522	0.4584	0.1867	0.3844	0.3517	0.1572
B	166	ARG	0.3502	0.5574	-0.2092	1.3753	-0.4769	0.4217
B	167	SER	-0.3430	0.7018	-0.6306	0.5093	-0.6032	0.7958
B	169	GLU	-1.5556	0.6064	-0.5528	0.8040	-1.8775	0.4610
B	170	VAL	0.1164	2.7636	-1.6894	1.1645	-0.5235	1.3763
B	171	TYR	-1.1426	0.0743	-1.1323	0.1901	-1.1290	0.0430
B	172	THR	-0.5566	0.2653	-0.9437	0.2191	-0.7797	0.3438
B	173	CYX	-0.2569	1.2148	-1.0530	1.9669	-0.3842	1.1920
B	174	GLN	-2.9873	0.0520	0.3485	1.1464	-0.9462	0.0439
B	175	VAL	-1.0043	1.1835	0.4222	0.8180	-0.0760	1.9700
B	176	GLU	-0.6738	1.4694	-1.2612	0.1424	-1.3916	1.6058
B	177	HIE	-2.9752	0.1098	-2.3175	1.1943	-2.3020	1.1427
B	178	PRO	-0.3828	0.2058	-0.3690	0.1652	-0.0057	0.4132
B	179	SER	-1.4353	0.6183	-0.3258	0.0528	-0.8278	0.3724
B	180	VAL	-1.7666	0.6178	-1.3905	0.2994	-1.4702	0.3890
B	181	THR	0.7412	0.3697	0.9274	0.0413	0.8589	0.2042
B	182	SER	-1.3984	0.9567	-0.1065	0.3301	-0.2037	1.6287
B	183	PRO	-0.1730	0.3737	-0.0616	0.0619	-0.1117	0.0912
B	184	LEU	-0.7795	0.3577	0.9623	1.8075	-0.4369	1.2339
B	185	THR	0.1279	0.3757	0.7664	0.4315	0.2600	0.1454
B	186	VAL	-1.0801	0.7007	-0.6641	0.3530	-1.2064	0.0347
B	187	GLU	-1.9876	0.8557	-2.3799	0.8062	-2.1831	1.1991
B	188	TRP	-0.9301	0.1050	-1.0044	2.0506	-0.9627	2.0424
B	189	ARG	-0.5614	0.4884	-0.6416	0.8422	-0.7981	0.4067
C	102	LYS	-0.6472	0.4180	-1.5393	0.8860	-0.9262	0.5025
C	103	PRO	0.2422	0.2726	0.1323	0.4555	0.0402	0.2679
C	104	VAL	-0.7671	0.3631	-0.6189	1.3420	-0.8153	0.4380
C	105	SER	-0.9497	0.6826	-1.2027	0.9603	-1.1684	0.4003
C	106	LYS	-1.5376	1.2047	-1.8984	1.0261	-0.5576	3.0669
C	107	TRP	-2.2316	1.1471	-1.5198	1.0802	-2.8713	0.1253
C	108	ARG	-1.4660	0.4586	-1.0980	0.0356	-1.3743	0.2694
C	109	MET	0.4667	1.8146	-0.2802	1.3265	1.0565	0.0348
C	111	THR	-0.3268	0.6770	0.7756	0.3344	0.4883	0.3700
C	112	PRO	0.2763	0.4022	0.2782	0.1405	0.3107	0.3489
C	113	LEU	-1.0115	0.1150	-1.1365	0.0950	-0.8516	0.5351
C	114	LEU	-2.1073	1.5959	-1.9092	0.8846	-2.3130	1.1659
C	115	MET	-0.9978	0.5407	-1.4965	0.2000	-1.3158	0.0578
C	116	GLN	-0.9664	0.5330	-0.0984	1.0295	-0.7549	0.4506
C	118	LEU	-0.8030	0.9529	-1.0947	0.9979	-1.4404	0.4063
C	119	PRO	0.1423	0.0671	0.1456	0.2024	-0.1201	0.3574
C	120	MET	-0.8415	0.5160	-1.0185	1.1509	-0.6925	1.5025
