rgn1	rgn2	aT41A.pcca1	aT41A.pcca1	WT.pcca2	WT.pcca2	lsdm	sdiff	score	pval
		mf	sf	mf	sf				
a1_0	a1_22	3.2731	0.0360	3.1927	0.0173	1	0.0004	2.0110	0.0443
a1_0	b1_18	3.0020	0.0348	2.8942	0.0380	1	0.0048	2.0934	0.0363
a1_0	b1_21	2.7318	0.0584	2.5414	0.0216	1	0.0658	3.0571	0.0022
a1_0	b1_22	2.4122	0.0655	2.1080	0.0101	1	0.1716	4.5880	0.0000
a1_0	b1_23	2.0319	0.0375	1.7203	0.0112	1	0.2334	7.9685	0.0000
a1_0	c2_6	3.0632	0.3285	3.8848	0.0937	1	-0.1385	-2.4056	0.0161
a1_1	b1_15	2.2215	0.0224	2.1754	0.0033	1	0.0008	2.0372	0.0416
a1_1	b1_21	2.2532	0.0558	2.0914	0.0246	1	0.0398	2.6522	0.0080
a1_1	b1_22	1.8890	0.0233	1.7099	0.0367	1	0.0921	4.1162	0.0000
a1_1	b1_24	1.3081	0.0093	1.3310	0.0036	1	-0.0030	-2.3052	0.0212
a1_1	b1_9	1.8514	0.0039	1.8360	0.0026	1	0.0061	3.3032	0.0010
a1_1	b2_10	1.9573	0.0094	2.0038	0.0174	1	-0.0068	-2.3437	0.0191
a1_1	b2_4	4.6425	0.0926	4.4496	0.0165	1	0.0047	2.0499	0.0404
a1_1	c2_5	2.5338	0.0620	2.8183	0.0234	1	-0.1520	-4.2941	0.0000
a1_1	c2_6	2.2905	0.1964	3.2485	0.0666	1	-0.5433	-4.6195	0.0000
a1_10	b1_23	2.3864	0.0845	2.6029	0.0260	1	-0.0396	-2.4483	0.0144
a1_10	b2_3	4.5954	0.0376	4.5149	0.0138	1	0.0004	2.0102	0.0444
a1_10	c2_6	2.4515	0.2322	3.3114	0.1383	1	-0.3195	-3.1821	0.0015
a1_11	b1_23	2.7388	0.0890	3.0073	0.0140	1	-0.0883	-2.9798	0.0029
a1_11	b1_24	2.6835	0.0370	2.8014	0.0427	1	-0.0050	-2.0890	0.0367
a1_11	b1_25	2.6499	0.0580	2.7935	0.0242	1	-0.0178	-2.2831	0.0224
a1_11	b1_29	3.0735	0.0399	3.1911	0.0366	1	-0.0093	-2.1715	0.0299
a1_11	b1_6	3.5077	0.0056	3.5916	0.0232	1	-0.0360	-3.5072	0.0005
a1_11	c2_6	2.6863	0.2793	3.5278	0.1470	1	-0.2102	-2.6660	0.0077
a1_12	b1_14	3.2726	0.0054	3.2996	0.0100	1	-0.0043	-2.3804	0.0173
a1_12	b1_29	2.3204	0.0356	2.4407	0.0345	1	-0.0212	-2.4270	0.0152
a1_12	b1_6	2.9168	0.0349	3.0257	0.0361	1	-0.0084	-2.1670	0.0302
a1_12	b2_10	2.7641	0.0153	2.8148	0.0108	1	-0.0132	-2.7034	0.0069
a1_12	c2_5	3.0624	0.0487	3.3586	0.0410	1	-0.1689	-4.6531	0.0000
a1_12	c2_6	2.7180	0.1172	3.8329	0.0585	1	-0.8531	-8.5150	0.0000
a1_13	b1_4	2.1938	0.0175	2.2553	0.0128	1	-0.0182	-2.8387	0.0045
a1_13	c2_5	3.5726	0.0317	3.8696	0.0192	1	-0.2228	-8.0137	0.0000
a1_13	c2_6	3.2398	0.0151	4.3216	0.0463	1	-0.9843	-22.1995	0.0000
a1_14	a2_14	2.1739	0.0058	2.0965	0.0290	1	0.0182	2.6156	0.0089
a1_14	b2_17	2.7822	0.0240	2.7124	0.0240	1	0.0019	2.0566	0.0397
a1_14	b2_19	1.2926	0.0156	1.2538	0.0095	1	0.0023	2.1278	0.0334
a1_14	c2_5	3.8869	0.0683	4.2603	0.0243	1	-0.2283	-5.1471	0.0000
a1_14	c2_6	3.4685	0.0684	4.7318	0.0430	1	-1.1016	-15.6261	0.0000
a1_15	b1_12	3.1803	0.0368	3.0855	0.0275	1	0.0030	2.0651	0.0389
a1_15	b1_15	3.9701	0.0112	3.9255	0.0178	1	0.0025	2.1188	0.0341
a1_15	b2_17	3.2208	0.0252	3.1317	0.0256	1	0.0172	2.4785	0.0132
a1_15	c2_5	3.7518	0.0810	4.1683	0.0288	1	-0.2445	-4.8432	0.0000
a1_15	c2_6	3.2748	0.0726	4.6618	0.0474	1	-1.2135	-15.9973	0.0000
a1_16	b1_6	2.2979	0.0207	2.3885	0.0230	1	-0.0287	-2.9277	0.0034
a1_16	c2_5	3.1062	0.0559	3.5730	0.0242	1	-0.3450	-7.6637	0.0000
a1_16	c2_6	2.6121	0.0419	4.0817	0.0507	1	-1.3381	-22.3429	0.0000
a1_17	b1_23	1.8976	0.0627	2.1808	0.0333	1	-0.1412	-3.9883	0.0001
a1_17	b2_3	5.2180	0.0414	5.1174	0.0244	1	0.0046	2.0952	0.0362
a1_17	b2_6	5.5412	0.0389	5.4481	0.0240	1	0.0017	2.0382	0.0415
a1_17	b2_7	4.7881	0.0240	4.7270	0.0159	1	0.0034	2.1194	0.0341
a1_17	c2_5	2.4774	0.0625	2.9044	0.0373	1	-0.2815	-5.8680	0.0000
a1_17	c2_6	2.0513	0.1423	3.4156	0.0841	1	-1.0337	-8.2537	0.0000
a1_18	b1_23	1.7204	0.0773	2.0683	0.1074	1	-0.0831	-2.6280	0.0086
a1_18	c2_5	2.0594	0.0489	2.4503	0.0482	1	-0.2536	-5.6957	0.0000
a1_18	c2_6	1.7253	0.1522	2.9654	0.0993	1	-0.8767	-6.8242	0.0000
a1_19	b1_23	1.6834	0.1018	2.0320	0.0242	1	-0.1394	-3.3327	0.0009
a1_19	b1_24	1.8270	0.0288	1.9702	0.0199	1	-0.0733	-4.0964	0.0000
a1_19	b1_25	2.0255	0.0104	2.1165	0.0108	1	-0.0609	-6.0478	0.0000
a1_19	b2_2	4.9115	0.0188	4.8558	0.0136	1	0.0092	2.3975	0.0165
a1_19	b2_3	5.3318	0.0219	5.2399	0.0326	1	0.0133	2.3392	0.0193
a1_19	c2_5	1.6882	0.0592	2.0037	0.0469	1	-0.1645	-4.1794	0.0000
a1_19	c2_6	1.4766	0.1962	2.5133	0.0950	1	-0.6007	-4.7556	0.0000
a1_2	a1_3	1.0612	0.0016	1.0686	0.0003	1	-0.0042	-4.5986	0.0000
a1_2	b1_24	1.8487	0.0504	1.9634	0.0069	1	-0.0128	-2.2522	0.0243
a1_2	b1_25	1.9066	0.0133	1.9592	0.0213	1	-0.0023	-2.0933	0.0363
a1_2	b2_4	4.7233	0.0920	4.5079	0.0250	1	0.0247	2.2592	0.0239
a1_2	c2_2	1.4822	0.0048	1.5049	0.0087	1	-0.0029	-2.2883	0.0221
a1_2	c2_5	2.0758	0.0118	2.2100	0.0217	1	-0.0848	-5.4322	0.0000
a1_2	c2_6	2.0146	0.0447	2.6303	0.0793	1	-0.4337	-6.7666	0.0000
a1_20	c2_5	1.4039	0.0640	1.5556	0.0403	1	-0.0004	-2.0059	0.0449
a1_20	c2_6	1.4008	0.2209	2.0545	0.0759	1	-0.1865	-2.7982	0.0051
a1_21	a2_18	2.0526	0.0133	2.0178	0.0087	1	0.0029	2.1834	0.0290
a1_21	b1_11	1.6132	0.0150	1.5733	0.0103	1	0.0035	2.1945	0.0282
a1_21	b1_4	3.1090	0.0285	3.0371	0.0153	1	0.0071	2.2185	0.0265
a1_21	b1_7	2.3979	0.0115	2.3387	0.0190	1	0.0147	2.6623	0.0078
a1_21	b1_8	1.5005	0.0122	1.4616	0.0087	1	0.0089	2.5949	0.0095
a1_21	b2_5	5.7299	0.0296	5.8540	0.0488	1	-0.0101	-2.1768	0.0295
a1_22	a2_24	4.2942	0.0058	4.3206	0.0107	1	-0.0020	-2.1674	0.0302
a1_22	b1_11	1.5779	0.0034	1.5391	0.0123	1	0.0132	3.0330	0.0024
a1_22	b1_12	2.4023	0.0271	2.3391	0.0130	1	0.0031	2.1038	0.0354
a1_22	b1_26	3.3354	0.0258	3.2720	0.0163	1	0.0025	2.0814	0.0374
a1_22	b1_4	3.3606	0.0359	3.2666	0.0048	1	0.0215	2.5920	0.0095
a1_22	c2_5	1.3698	0.0642	1.0462	0.0213	1	0.1884	4.7862	0.0000
a1_23	a2_1	4.0594	0.0061	4.0787	0.0071	1	-0.0005	-2.0555	0.0398
a1_23	a2_18	2.0492	0.0076	2.0223	0.0102	1	0.0014	2.1076	0.0351
a1_23	a2_6	3.5256	0.0032	3.5439	0.0057	1	-0.0052	-2.7877	0.0053
a1_23	b1_16	1.1366	0.0113	1.1888	0.0172	1	-0.0110	-2.5346	0.0113
a1_23	c2_5	1.5657	0.0312	1.0859	0.0059	1	0.4163	15.1103	0.0000
a1_23	c2_6	2.0967	0.1217	1.2378	0.1448	1	0.4806	4.5404	0.0000
a1_24	b1_16	1.0061	0.0251	1.0641	0.0130	1	-0.0015	-2.0524	0.0401
a1_24	c2_4	1.6475	0.0058	1.6070	0.0173	1	0.0039	2.2165	0.0267
a1_24	c2_5	1.7921	0.0257	1.2004	0.0051	1	0.5393	22.5799	0.0000
a1_24	c2_6	2.3916	0.0831	1.1580	0.1998	1	0.8008	5.7006	0.0000
a1_25	b1_16	1.4423	0.0116	1.5058	0.0186	1	-0.0198	-2.9031	0.0037
a1_25	b1_17	1.8584	0.0127	1.9008	0.0078	1	-0.0126	-2.8442	0.0045
a1_25	b2_11	4.7188	0.0514	4.8264	0.0045	1	-0.0045	-2.0866	0.0369
a1_25	c2_5	2.3110	0.0239	1.8088	0.0063	1	0.4527	20.3128	0.0000
a1_25	c2_6	2.8034	0.1049	1.8087	0.1757	1	0.5855	4.8614	0.0000
a1_26	a2_1	2.8760	0.0075	2.9138	0.0086	1	-0.0150	-3.3212	0.0009
a1_26	a2_6	2.4144	0.0085	2.4474	0.0100	1	-0.0067	-2.5130	0.0120
a1_26	c2_5	2.8659	0.0597	2.5179	0.0053	1	0.2281	5.8029	0.0000
a1_26	c2_6	3.2053	0.0895	2.6017	0.1797	1	0.2020	3.0061	0.0026
a1_27	b1_17	3.0540	0.0164	3.0917	0.0075	1	-0.0016	-2.0910	0.0365
a1_27	c2_5	3.5206	0.0301	3.3137	0.0027	1	0.1464	6.8451	0.0000
a1_3	a1_4	0.6339	0.0003	0.6269	0.0018	1	0.0033	3.7648	0.0002
a1_3	b1_2	1.2198	0.0057	1.2348	0.0027	1	-0.0024	-2.3802	0.0173
a1_3	b1_25	2.9119	0.0241	2.9789	0.0180	1	-0.0069	-2.2279	0.0259
a1_3	b2_11	4.1895	0.0241	4.2686	0.0183	1	-0.0186	-2.6131	0.0090
a1_3	b2_27	4.4314	0.0134	4.4829	0.0202	1	-0.0030	-2.1250	0.0336
a1_3	b2_29	4.9717	0.0063	5.0273	0.0187	1	-0.0162	-2.8212	0.0048
a1_3	c2_2	2.3871	0.0008	2.4122	0.0064	1	-0.0122	-3.8839	0.0001
a1_3	c2_5	2.1429	0.0415	1.9928	0.0291	1	0.0487	2.9619	0.0031
a1_4	b1_16	2.3602	0.0231	2.4107	0.0019	1	-0.0040	-2.1743	0.0297
a1_4	b2_11	4.5193	0.0293	4.5835	0.0121	1	-0.0009	-2.0283	0.0425
a1_4	b2_29	5.2711	0.0182	5.3260	0.0192	1	-0.0020	-2.0754	0.0379
a1_4	c2_5	2.4881	0.0548	2.2875	0.0305	1	0.0751	3.1979	0.0014
a1_5	b1_11	2.1145	0.0055	2.1269	0.0012	1	-0.0012	-2.2066	0.0273
a1_5	b1_24	2.4869	0.0529	2.6103	0.0179	1	-0.0117	-2.2089	0.0272
a1_5	b1_25	2.5406	0.0233	2.6153	0.0099	1	-0.0239	-2.9435	0.0032
a1_5	c2_6	2.3415	0.1829	2.8014	0.0683	1	-0.0695	-2.3563	0.0185
a1_6	b1_24	1.6987	0.0164	1.7699	0.0125	1	-0.0299	-3.4500	0.0006
a1_6	b1_25	1.6060	0.0080	1.6728	0.0121	1	-0.0377	-4.6010	0.0000
a1_6	b2_20	2.2038	0.0035	2.1834	0.0091	1	0.0009	2.0920	0.0364
a1_6	b2_3	4.2922	0.0157	4.2149	0.0267	1	0.0153	2.4918	0.0127
a1_6	c2_5	2.4995	0.0066	2.7555	0.0286	1	-0.1972	-8.7162	0.0000
a1_6	c2_6	2.2720	0.0294	3.2083	0.0658	1	-0.7920	-12.9824	0.0000
a1_7	a2_10	2.5025	0.0081	2.5492	0.0199	1	-0.0038	-2.1766	0.0295
a1_7	b1_21	2.8319	0.0393	2.6526	0.0174	1	0.0934	4.1722	0.0000
a1_7	b1_22	2.4629	0.0201	2.2415	0.0308	1	0.1479	6.0234	0.0000
a1_7	b2_1	2.3608	0.0058	2.3858	0.0049	1	-0.0099	-3.3077	0.0009
a1_7	b2_10	1.3922	0.0089	1.4448	0.0141	1	-0.0194	-3.1671	0.0015
a1_7	b2_29	2.7857	0.0045	2.8347	0.0235	1	-0.0011	-2.0472	0.0406
a1_7	c2_5	3.1233	0.0629	3.3779	0.0504	1	-0.0934	-3.1590	0.0016
a1_7	c2_6	2.8801	0.1761	3.7852	0.1106	1	-0.4892	-4.3526	0.0000
a1_8	a1_16	1.7824	0.0130	1.7341	0.0203	1	0.0002	2.0092	0.0445
a1_8	b1_21	3.1430	0.0615	2.9751	0.0296	1	0.0314	2.4601	0.0139
a1_8	b1_22	2.7804	0.0295	2.5878	0.0493	1	0.0777	3.3517	0.0008
a1_8	b2_3	3.4248	0.0104	3.3770	0.0136	1	0.0136	2.7984	0.0051
a1_8	c2_5	3.2963	0.0452	3.4928	0.0401	1	-0.0756	-3.2505	0.0012
a1_8	c2_6	3.0944	0.1148	3.8831	0.1113	1	-0.4688	-4.9318	0.0000
a1_9	a1_16	1.1356	0.0104	1.1036	0.0120	1	0.0004	2.0230	0.0431
a1_9	a2_17	1.5585	0.0117	1.6036	0.0156	1	-0.0061	-2.3127	0.0207
a1_9	b1_25	1.6877	0.0138	1.7571	0.0134	1	-0.0309	-3.6096	0.0003
a1_9	b1_6	2.3745	0.0021	2.4274	0.0178	1	-0.0171	-2.9583	0.0031
a1_9	b2_3	4.0150	0.0287	3.9466	0.0006	1	0.0111	2.3855	0.0171
a1_9	c2_5	3.0262	0.0153	3.3105	0.0365	1	-0.2051	-7.1820	0.0000
a1_9	c2_6	2.7305	0.0121	3.7649	0.0672	1	-0.8979	-15.1473	0.0000
a2_0	b1_17	3.7761	0.0047	3.7992	0.0048	1	-0.0097	-3.4588	0.0005
a2_0	c2_5	4.1768	0.0411	4.0829	0.0022	1	0.0117	2.2848	0.0223
a2_1	a2_7	1.4412	0.0060	1.4607	0.0061	1	-0.0023	-2.2681	0.0233
a2_1	a2_8	2.2084	0.0079	2.2324	0.0086	1	-0.0007	-2.0567	0.0397
a2_1	b1_16	4.1913	0.0060	4.2162	0.0082	1	-0.0046	-2.4488	0.0143
a2_1	b1_27	3.1104	0.0123	3.0708	0.0058	1	0.0122	2.8962	0.0038
a2_1	c2_6	4.7040	0.0081	5.0985	0.1225	1	-0.1490	-3.2142	0.0013
a2_10	b1_24	3.8180	0.0220	3.9032	0.0353	1	-0.0021	-2.0501	0.0404
a2_10	b1_25	3.6779	0.0142	3.7413	0.0146	1	-0.0227	-3.1145	0.0018
a2_10	b1_29	3.3234	0.0364	3.4451	0.0386	1	-0.0156	-2.2948	0.0217
a2_10	b2_4	3.2896	0.1047	3.0576	0.0315	1	0.0134	2.1228	0.0338
a2_11	b1_16	4.5497	0.0208	4.6002	0.0086	1	-0.0056	-2.2474	0.0246
a2_11	b1_29	3.6229	0.0430	3.7228	0.0201	1	-0.0051	-2.1066	0.0352
a2_11	b2_4	2.6948	0.0846	2.4695	0.0405	1	0.0376	2.4010	0.0164
a2_12	b2_4	2.6183	0.0816	2.4051	0.0313	1	0.0384	2.4399	0.0147
a2_13	a2_30	1.7252	0.0096	1.6927	0.0064	1	0.0095	2.8250	0.0047
a2_13	b2_4	3.2146	0.0863	2.9899	0.0438	1	0.0312	2.3225	0.0202
a2_15	b1_4	2.9312	0.0267	2.8728	0.0026	1	0.0048	2.1797	0.0293
a2_15	c2_6	3.5295	0.1934	4.1865	0.1011	1	-0.2205	-3.0107	0.0026
a2_16	c2_6	2.9450	0.0341	3.4441	0.1044	1	-0.2795	-4.5461	0.0000
a2_17	b1_15	1.9239	0.0112	1.8687	0.0115	1	0.0231	3.4393	0.0006
a2_17	b2_19	1.6523	0.0149	1.6953	0.0141	1	-0.0019	-2.0939	0.0363
a2_19	c2_6	3.2385	0.0262	3.5167	0.1308	1	-0.0114	-2.0855	0.0370
a2_2	b1_22	4.7061	0.0525	4.5231	0.0124	1	0.0751	3.3931	0.0007
a2_2	b2_12	2.1113	0.0103	2.0806	0.0067	1	0.0061	2.4970	0.0125
a2_2	b2_14	2.6754	0.0071	2.6443	0.0115	1	0.0041	2.3058	0.0211
a2_2	b2_2	1.2074	0.0093	1.1686	0.0101	1	0.0114	2.8291	0.0047
a2_2	b2_25	2.4807	0.0045	2.4311	0.0149	1	0.0185	3.1935	0.0014
a2_2	b2_26	1.8298	0.0070	1.7912	0.0172	1	0.0014	2.0749	0.0380
a2_2	c2_5	5.1588	0.0098	5.2901	0.0396	1	-0.0497	-3.2181	0.0013
a2_2	c2_6	4.9728	0.0293	5.6038	0.0675	1	-0.4839	-8.5791	0.0000
a2_20	b1_29	2.4568	0.0045	2.5522	0.0338	1	-0.0271	-2.7952	0.0052
a2_20	c2_6	3.9559	0.0690	4.4425	0.1064	1	-0.2330	-3.8368	0.0001
a2_21	b1_29	2.8676	0.0248	2.9430	0.0120	1	-0.0204	-2.7430	0.0061
a2_21	b2_24	3.8640	0.0355	3.7406	0.0281	1	0.0329	2.7279	0.0064
a2_21	c2_6	4.8508	0.1129	5.4070	0.1036	1	-0.2498	-3.6298	0.0003
a2_22	c2_6	5.7111	0.1035	5.9844	0.0823	1	-0.0088	-2.0665	0.0388
a2_24	b1_29	3.6001	0.0134	3.6954	0.0267	1	-0.0356	-3.1942	0.0014
a2_24	b2_4	2.1481	0.0869	1.9342	0.0522	1	0.0110	2.1090	0.0349
a2_25	b2_4	2.7631	0.1059	2.5287	0.0216	1	0.0183	2.1694	0.0301
a2_25	c2_2	3.5670	0.0035	3.5854	0.0079	1	-0.0012	-2.1416	0.0322
a2_25	c2_5	4.4000	0.0410	4.2978	0.0267	1	0.0043	2.0880	0.0368
a2_26	c2_5	3.6648	0.0539	3.4672	0.0329	1	0.0713	3.1288	0.0018
a2_27	c2_5	3.9117	0.0399	3.5898	0.0481	1	0.1970	5.1555	0.0000
a2_27	c2_6	4.1677	0.1556	3.6861	0.1814	1	0.0036	2.0152	0.0439
a2_28	b1_0	1.9990	0.0198	2.0613	0.0072	1	-0.0201	-2.9553	0.0031
a2_28	c2_5	4.3859	0.0508	4.1746	0.0386	1	0.0837	3.3116	0.0009
a2_29	b1_21	5.1852	0.0529	5.0636	0.0179	1	0.0099	2.1774	0.0295
a2_29	c2_5	4.8533	0.0345	4.7303	0.0132	1	0.0491	3.3297	0.0009
a2_3	b1_21	5.8917	0.0540	5.7753	0.0193	1	0.0017	2.0292	0.0424
a2_3	b1_22	5.5718	0.0541	5.3819	0.0123	1	0.0790	3.4247	0.0006
a2_3	b2_24	2.6614	0.0527	2.5228	0.0336	1	0.0136	2.2182	0.0265
a2_30	b1_21	5.7645	0.0565	5.6189	0.0306	1	0.0172	2.2673	0.0234
a2_30	c2_6	5.5398	0.0360	5.6735	0.0118	1	-0.0580	-3.5339	0.0004
a2_31	b2_12	2.3571	0.0370	2.2391	0.0266	1	0.0268	2.5879	0.0097
a2_31	b2_27	2.7568	0.0219	2.6915	0.0172	1	0.0097	2.3470	0.0189
a2_31	b2_28	3.2557	0.0162	3.1959	0.0241	1	0.0018	2.0620	0.0392
a2_31	b2_29	3.2288	0.0148	3.1354	0.0410	1	0.0062	2.1432	0.0321
a2_31	b2_7	1.3657	0.0301	1.2637	0.0347	1	0.0101	2.2209	0.0264
a2_4	c2_6	5.6703	0.1046	6.1011	0.0947	1	-0.1487	-3.0541	0.0023
a2_5	b1_29	2.5779	0.0085	2.6432	0.0242	1	-0.0140	-2.5457	0.0109
a2_5	b2_24	3.5046	0.0223	3.3921	0.0032	1	0.0674	4.9918	0.0000
a2_5	c2_6	4.8541	0.0636	5.4438	0.0872	1	-0.3738	-5.4616	0.0000
a2_6	a2_24	1.2722	0.0039	1.2906	0.0058	1	-0.0045	-2.6529	0.0080
a2_6	b1_16	3.7293	0.0082	3.7578	0.0080	1	-0.0056	-2.4856	0.0129
a2_6	b1_29	2.5549	0.0111	2.6304	0.0320	1	-0.0079	-2.2329	0.0256
a2_6	c2_6	4.2025	0.0304	4.5821	0.1108	1	-0.1498	-3.3040	0.0010
a2_7	c2_5	3.5872	0.0367	3.5000	0.0151	1	0.0078	2.1968	0.0280
a2_8	b1_16	2.2034	0.0085	2.2398	0.0027	1	-0.0185	-4.0688	0.0000
a2_8	c2_5	2.9771	0.0243	2.7986	0.0117	1	0.1246	6.6236	0.0000
a2_9	b1_24	3.2168	0.0374	3.3208	0.0336	1	-0.0034	-2.0678	0.0387
a2_9	b1_25	3.1857	0.0062	3.2360	0.0142	1	-0.0192	-3.2414	0.0012
a2_9	c2_5	3.1308	0.0449	3.0029	0.0175	1	0.0316	2.6560	0.0079
b1_0	b1_16	2.1819	0.0120	2.2141	0.0086	1	-0.0027	-2.1831	0.0290
b1_0	b1_6	3.8044	0.0189	3.8638	0.0192	1	-0.0056	-2.2071	0.0273
b1_0	c2_5	2.8079	0.0599	2.3880	0.0378	1	0.2782	5.9254	0.0000
b1_0	c2_6	3.1668	0.1991	2.4810	0.1515	1	0.1855	2.7416	0.0061
b1_1	b1_13	2.7917	0.0082	2.7629	0.0038	1	0.0107	3.1878	0.0014
b1_1	b1_16	1.5131	0.0189	1.5570	0.0074	1	-0.0033	-2.1634	0.0305
b1_1	b1_4	3.0233	0.0289	2.9495	0.0149	1	0.0088	2.2701	0.0232
b1_1	b1_6	3.3584	0.0022	3.3151	0.0193	1	0.0045	2.2322	0.0256
b1_1	b2_29	4.9403	0.0176	5.0031	0.0252	1	-0.0012	-2.0399	0.0414
b1_1	c2_5	2.0216	0.0270	1.7936	0.0183	1	0.1628	6.9948	0.0000
b1_10	c2_5	2.1889	0.0628	1.9782	0.0138	1	0.0820	3.2748	0.0011
b1_12	b1_21	1.3711	0.0479	1.2158	0.0199	1	0.0515	2.9925	0.0028
b1_12	b1_22	1.2600	0.0765	0.9775	0.0268	1	0.1205	3.4873	0.0005
b1_12	b1_23	1.2642	0.0270	1.0521	0.0357	1	0.1226	4.7412	0.0000
b1_12	b1_25	1.6626	0.0268	1.5377	0.0390	1	0.0301	2.6360	0.0084
b1_12	c2_5	1.9980	0.1206	2.2468	0.0154	1	-0.0058	-2.0478	0.0406
b1_13	b1_16	2.0585	0.0038	1.9938	0.0215	1	0.0211	2.9680	0.0030
b1_13	b1_22	1.3579	0.1026	1.0769	0.0672	1	0.0357	2.2911	0.0220
b1_13	b1_23	1.4497	0.0916	1.1891	0.0693	1	0.0309	2.2694	0.0232
b1_13	c2_5	2.2261	0.1233	2.5021	0.0404	1	-0.0165	-2.1270	0.0334
b1_15	b1_25	2.7993	0.0146	2.7195	0.0248	1	0.0223	2.7761	0.0055
b1_15	c2_0	3.8464	0.0473	4.0227	0.0146	1	-0.0772	-3.5594	0.0004
b1_16	c2_0	4.1436	0.0387	4.2696	0.0091	1	-0.0465	-3.1713	0.0015
b1_16	c2_5	1.5792	0.0780	1.2691	0.0398	1	0.1350	3.5415	0.0004
b1_16	c2_6	2.1050	0.1505	1.3177	0.1992	1	0.2879	3.1532	0.0016
b1_17	c2_6	1.6579	0.1840	1.1474	0.1396	1	0.0487	2.2107	0.0271
b1_19	b2_22	5.6325	0.0175	5.6794	0.0139	1	-0.0021	-2.0919	0.0365
b1_19	c2_5	1.0397	0.1144	1.3763	0.0326	1	-0.0988	-2.8306	0.0046
b1_2	b1_12	1.4909	0.0092	1.4609	0.0042	1	0.0098	2.9709	0.0030
b1_2	b1_13	1.9728	0.0102	1.9354	0.0096	1	0.0094	2.6664	0.0077
b1_2	b1_4	2.0314	0.0314	1.9583	0.0176	1	0.0011	2.0308	0.0423
b1_2	b1_6	2.3370	0.0070	2.2948	0.0186	1	0.0026	2.1325	0.0330
b1_2	b1_7	1.4350	0.0056	1.3947	0.0161	1	0.0062	2.3663	0.0180
b1_2	b2_4	4.8429	0.0652	4.6460	0.0484	1	0.0345	2.4242	0.0153
b1_2	b2_5	5.2932	0.0484	5.1717	0.0354	1	0.0016	2.0262	0.0427
b1_2	c2_5	1.8490	0.0197	1.9473	0.0145	1	-0.0494	-4.0221	0.0001
b1_2	c2_6	1.8761	0.0823	2.3427	0.0909	1	-0.2214	-3.8062	0.0001
b1_20	b1_25	2.3811	0.0515	2.2402	0.0195	1	0.0309	2.5615	0.0104
b1_20	b1_26	2.8552	0.0759	2.6789	0.0370	1	0.0075	2.0886	0.0367
b1_20	b2_12	5.5910	0.0089	5.6957	0.0278	1	-0.0463	-3.5838	0.0003
b1_20	b2_15	5.7270	0.0501	5.9202	0.0682	1	-0.0241	-2.2846	0.0223
b1_20	b2_26	5.5880	0.0355	5.6939	0.0333	1	-0.0085	-2.1740	0.0297
b1_20	b2_4	5.6441	0.0711	6.0839	0.1207	1	-0.1596	-3.1395	0.0017
b1_20	b2_5	5.1282	0.0851	5.5350	0.1031	1	-0.1395	-3.0435	0.0023
b1_20	b2_7	5.6957	0.0252	5.8091	0.0401	1	-0.0187	-2.3942	0.0167
b1_20	c2_5	1.3480	0.1225	1.7811	0.0135	1	-0.1867	-3.5157	0.0004
b1_20	c2_6	1.2545	0.1805	2.1696	0.0985	1	-0.5039	-4.4511	0.0000
b1_21	b1_25	1.9592	0.0530	1.7783	0.0266	1	0.0622	3.0490	0.0023
b1_21	b1_26	2.4380	0.0871	2.2158	0.0443	1	0.0266	2.2726	0.0230
b1_21	b2_1	5.1134	0.0352	4.9609	0.0403	1	0.0455	2.8514	0.0044
b1_21	b2_10	3.9863	0.0181	3.8610	0.0246	1	0.0642	4.1022	0.0000
b1_21	b2_14	5.7081	0.0155	5.8293	0.0507	1	-0.0151	-2.2847	0.0223
b1_21	b2_20	4.2744	0.0424	4.1118	0.0264	1	0.0627	3.2567	0.0011
b1_21	b2_25	5.0167	0.0502	5.3033	0.1070	1	-0.0502	-2.4244	0.0153
b1_21	b2_3	5.7691	0.0229	6.0386	0.0388	1	-0.1793	-5.9807	0.0000
b1_21	b2_31	5.1192	0.0242	5.4011	0.0697	1	-0.1343	-3.8197	0.0001
b1_21	b2_4	5.9633	0.1308	6.2507	0.0186	1	-0.0231	-2.1747	0.0297
b1_21	b2_5	5.4504	0.1316	5.9887	0.1048	1	-0.2018	-3.1991	0.0014
b1_21	b2_6	5.5732	0.0185	5.8934	0.0961	1	-0.1244	-3.2701	0.0011
b1_21	b2_8	5.0291	0.0317	4.8821	0.0360	1	0.0511	3.0670	0.0022
b1_21	b2_9	4.3535	0.0501	4.1921	0.0545	1	0.0135	2.1819	0.0291
b1_21	c2_5	1.3199	0.0656	1.9615	0.0177	1	-0.5059	-9.4513	0.0000
b1_21	c2_6	1.0601	0.3125	2.3937	0.0802	1	-0.6885	-4.1343	0.0000
b1_22	b1_25	1.5534	0.0859	1.3296	0.0358	1	0.0375	2.4028	0.0163
b1_22	b2_1	4.7394	0.0423	4.5188	0.0520	1	0.0865	3.2889	0.0010
b1_22	b2_10	3.6378	0.0180	3.4132	0.0369	1	0.1425	5.4664	0.0000
b1_22	b2_11	4.4514	0.0499	4.2261	0.0618	1	0.0664	2.8352	0.0046
b1_22	b2_12	5.4292	0.0638	5.2193	0.0793	1	0.0062	2.0612	0.0393
b1_22	b2_13	5.6066	0.0284	5.7971	0.0353	1	-0.0999	-4.2055	0.0000
b1_22	b2_18	3.7409	0.0500	3.5499	0.0705	1	0.0182	2.2099	0.0271
b1_22	b2_19	3.4665	0.0653	3.2767	0.0441	1	0.0321	2.4077	0.0161
b1_22	b2_2	5.5367	0.0106	5.3271	0.0365	1	0.1335	5.5122	0.0000
b1_22	b2_20	3.9107	0.0279	3.6911	0.0456	1	0.1127	4.1085	0.0000
b1_22	b2_21	4.6955	0.0431	4.4831	0.0836	1	0.0243	2.2582	0.0239
b1_22	b2_23	5.5860	0.0398	5.8976	0.0968	1	-0.1024	-2.9788	0.0029
b1_22	b2_24	4.8793	0.0205	5.2990	0.1802	1	-0.0569	-2.3136	0.0207
b1_22	b2_25	5.3717	0.0087	5.6727	0.0773	1	-0.1455	-3.8706	0.0001
b1_22	b2_26	5.4411	0.0219	5.2374	0.0540	1	0.0871	3.4927	0.0005
b1_22	b2_27	4.5752	0.0243	4.3377	0.0694	1	0.0905	3.2305	0.0012
b1_22	b2_29	4.8797	0.0542	4.6646	0.0759	1	0.0286	2.3065	0.0211
b1_22	b2_30	5.3636	0.0330	5.1312	0.0824	1	0.0549	2.6179	0.0088
b1_22	b2_31	5.4319	0.0340	5.6922	0.0547	1	-0.1314	-4.0406	0.0001
b1_22	b2_5	5.7928	0.1956	6.3063	0.0642	1	-0.1018	-2.4945	0.0126
b1_22	b2_7	5.4960	0.0315	5.2831	0.0797	1	0.0415	2.4840	0.0130
b1_22	b2_8	4.6737	0.0193	4.4578	0.0565	1	0.0964	3.6140	0.0003
b1_22	b2_9	3.9737	0.0531	3.7504	0.0603	1	0.0627	2.7809	0.0054
b1_22	c2_5	1.4372	0.2316	2.2355	0.0071	1	-0.3348	-3.4450	0.0006
b1_22	c2_6	1.0394	0.4642	2.6820	0.0495	1	-0.7089	-3.5186	0.0004
b1_23	b1_25	1.0723	0.1024	0.8439	0.0281	1	0.0160	2.1507	0.0315
b1_23	b2_10	3.2098	0.0603	2.9786	0.0397	1	0.0867	3.2008	0.0014
b1_23	b2_11	4.0479	0.0335	3.8043	0.0659	1	0.0956	3.2930	0.0010
b1_23	b2_12	5.0617	0.0420	4.8088	0.0777	1	0.0764	2.8647	0.0042
b1_23	b2_2	5.1280	0.0803	4.9321	0.0327	1	0.0225	2.2590	0.0239
b1_23	b2_24	5.3687	0.0425	5.7795	0.1549	1	-0.0895	-2.5571	0.0106
b1_23	b2_26	5.0585	0.0562	4.8102	0.0579	1	0.0870	3.0788	0.0021
b1_23	b2_27	4.1425	0.0696	3.8838	0.0744	1	0.0549	2.5390	0.0111
b1_23	b2_4	6.0292	0.1123	5.7470	0.0471	1	0.0387	2.3176	0.0205
b1_23	c2_3	0.9085	0.1352	1.2328	0.0256	1	-0.0490	-2.3561	0.0185
b1_23	c2_5	1.7759	0.2700	2.6617	0.0230	1	-0.3437	-3.2683	0.0011
b1_23	c2_6	1.3235	0.5107	3.1145	0.0454	1	-0.7656	-3.4932	0.0005
b1_24	b1_24	0.4660	0.0046	0.4453	0.0020	1	0.0108	4.1601	0.0000
b1_24	b1_25	0.6308	0.0342	0.5614	0.0055	1	0.0002	2.0047	0.0450
b1_24	b2_24	5.8017	0.0394	6.0727	0.0988	1	-0.0583	-2.5485	0.0108
b1_24	b2_3	5.4281	0.0241	5.3260	0.0276	1	0.0288	2.7851	0.0054
b1_24	b2_4	5.8476	0.0971	5.6432	0.0174	1	0.0070	2.0708	0.0384
b1_24	c2_3	1.0918	0.0753	1.2623	0.0279	1	-0.0098	-2.1222	0.0338
b1_24	c2_5	2.2244	0.1836	2.9384	0.0157	1	-0.3455	-3.8753	0.0001
b1_24	c2_6	1.7474	0.4171	3.4164	0.0408	1	-0.8308	-3.9825	0.0001
b1_25	c2_2	0.8675	0.0361	0.9708	0.0123	1	-0.0270	-2.7075	0.0068
b1_25	c2_3	1.3848	0.0376	1.4770	0.0097	1	-0.0147	-2.3785	0.0174
b1_25	c2_5	2.6814	0.1130	3.2191	0.0156	1	-0.3096	-4.7145	0.0000
b1_25	c2_6	2.2133	0.3346	3.6831	0.0204	1	-0.7993	-4.3843	0.0000
b1_26	c2_4	2.7107	0.0082	2.6639	0.0201	1	0.0034	2.1588	0.0309
b1_26	c2_5	3.1146	0.0472	3.5443	0.0287	1	-0.3192	-7.7751	0.0000
b1_26	c2_6	2.6565	0.2359	4.0090	0.0301	1	-0.8768	-5.6869	0.0000
b1_27	c2_5	3.5468	0.0499	3.9179	0.0180	1	-0.2650	-6.9935	0.0000
b1_27	c2_6	3.0875	0.1292	4.3819	0.0263	1	-1.0307	-9.8179	0.0000
b1_28	c2_5	3.8813	0.0342	4.2667	0.0539	1	-0.2578	-6.0389	0.0000
b1_28	c2_6	3.4732	0.1222	4.7196	0.0788	1	-0.9555	-8.5717	0.0000
b1_29	b2_9	1.1947	0.0126	1.2420	0.0148	1	-0.0083	-2.4262	0.0153
b1_29	c2_5	4.1420	0.0364	4.5613	0.1639	1	-0.0835	-2.4972	0.0125
b1_29	c2_6	3.7652	0.1420	4.9912	0.2027	1	-0.7309	-4.9530	0.0000
b1_3	b1_21	1.8780	0.0173	1.7299	0.0026	1	0.1130	8.4473	0.0000
b1_3	b1_22	1.5519	0.0244	1.3518	0.0188	1	0.1385	6.4980	0.0000
b1_3	b1_4	1.0533	0.0136	1.0067	0.0181	1	0.0013	2.0581	0.0396
b1_3	b2_4	4.9297	0.0827	4.7342	0.0403	1	0.0115	2.1245	0.0336
b1_3	c2_5	2.2790	0.0930	2.5840	0.0134	1	-0.1172	-3.2470	0.0012
b1_3	c2_6	2.0705	0.2935	2.9992	0.0635	1	-0.3280	-3.0921	0.0020
b1_4	b1_15	2.6143	0.0470	2.4596	0.0197	1	0.0528	3.0366	0.0024
b1_4	b1_16	3.0318	0.0345	2.9020	0.0265	1	0.0428	2.9847	0.0028
b1_4	b1_17	2.9965	0.0174	2.8892	0.0220	1	0.0513	3.8279	0.0001
b1_4	b1_18	2.8806	0.0141	2.7540	0.0343	1	0.0524	3.4108	0.0006
b1_4	b1_19	2.7575	0.0300	2.6440	0.0304	1	0.0280	2.6565	0.0079
b1_4	b1_21	2.4410	0.0342	2.2624	0.0117	1	0.1063	4.9421	0.0000
b1_4	b1_22	2.1253	0.0370	1.8185	0.0067	1	0.2316	8.1566	0.0000
b1_4	b1_23	1.7499	0.0796	1.4034	0.0141	1	0.1849	4.2882	0.0000
b1_4	b1_26	1.0654	0.0075	1.1515	0.0193	1	-0.0447	-4.1600	0.0000
b1_4	b1_4	0.5028	0.0012	0.4977	0.0020	1	0.0004	2.1684	0.0301
b1_4	b1_8	1.8398	0.0316	1.7644	0.0196	1	0.0009	2.0252	0.0429
b1_4	b1_9	2.6815	0.0408	2.5924	0.0152	1	0.0019	2.0447	0.0409
b1_4	b2_4	4.8985	0.0752	4.6781	0.0599	1	0.0281	2.2918	0.0219
b1_4	c2_2	1.7391	0.0063	1.7841	0.0030	1	-0.0311	-6.4450	0.0000
b1_4	c2_5	3.1823	0.1234	3.4761	0.0226	1	-0.0429	-2.3417	0.0192
b1_4	c2_6	2.8861	0.3685	3.8487	0.0726	1	-0.2114	-2.5630	0.0104
b1_5	b1_12	2.0827	0.0642	1.9083	0.0324	1	0.0306	2.4255	0.0153
b1_5	b1_13	2.1334	0.0373	1.9288	0.0249	1	0.1149	4.5613	0.0000
b1_5	b1_14	2.6963	0.0579	2.5529	0.0360	1	0.0070	2.1026	0.0355
b1_5	b1_15	3.3190	0.0572	3.1057	0.0107	1	0.0970	3.6680	0.0002
b1_5	b1_16	3.7096	0.0479	3.5340	0.0352	1	0.0567	2.9536	0.0031
b1_5	b1_17	3.5899	0.0257	3.4330	0.0541	1	0.0370	2.6178	0.0088
b1_5	b1_18	3.4012	0.0178	3.2212	0.0458	1	0.0816	3.6589	0.0003
b1_5	b1_19	3.1909	0.0374	3.0137	0.0425	1	0.0640	3.1321	0.0017
b1_5	b1_21	2.6976	0.0368	2.4666	0.0856	1	0.0446	2.4783	0.0132
b1_5	b1_22	2.3618	0.0975	2.0205	0.0964	1	0.0670	2.4883	0.0128
b1_5	b1_23	1.9492	0.1231	1.5365	0.1193	1	0.0698	2.4072	0.0161
b1_5	c2_5	3.5959	0.1378	3.9822	0.0863	1	-0.0611	-2.3757	0.0175
b1_5	c2_6	3.1735	0.3999	4.3875	0.0902	1	-0.3942	-2.9616	0.0031
b1_6	b1_12	1.5058	0.0336	1.3985	0.0355	1	0.0096	2.1961	0.0281
b1_6	b1_13	1.5184	0.0251	1.3994	0.0434	1	0.0188	2.3748	0.0176
b1_6	b1_15	2.7970	0.0258	2.6462	0.0283	1	0.0741	3.9324	0.0001
b1_6	b1_16	3.1981	0.0031	3.0764	0.0295	1	0.0624	4.1056	0.0000
b1_6	b1_21	2.1554	0.0131	2.0010	0.0626	1	0.0264	2.4133	0.0158
b1_6	b1_22	1.8656	0.0743	1.5680	0.0555	1	0.1121	3.2083	0.0013
b1_6	b1_23	1.5300	0.1371	1.1355	0.0343	1	0.1119	2.7922	0.0052
b1_6	b1_26	1.1049	0.0183	1.2018	0.0357	1	-0.0168	-2.4186	0.0156
b1_6	b1_7	1.0302	0.0071	1.0057	0.0059	1	0.0060	2.6524	0.0080
b1_6	b1_8	2.0575	0.0036	1.9964	0.0219	1	0.0167	2.7545	0.0059
b1_6	b1_9	3.0179	0.0105	2.9492	0.0253	1	0.0138	2.5046	0.0123
b1_6	c2_1	2.1313	0.0371	2.2437	0.0376	1	-0.0068	-2.1295	0.0332
b1_6	c2_2	1.7712	0.0171	1.8503	0.0276	1	-0.0142	-2.4386	0.0147
b1_6	c2_5	3.1111	0.1027	3.5297	0.0445	1	-0.1948	-3.7405	0.0002
b1_6	c2_6	2.7373	0.3946	3.9153	0.0307	1	-0.3863	-2.9760	0.0029
b1_7	b1_15	1.8241	0.0277	1.7338	0.0217	1	0.0199	2.5667	0.0103
b1_7	b1_16	2.2033	0.0082	2.1288	0.0198	1	0.0315	3.4668	0.0005
b1_7	b1_20	1.9767	0.0206	1.9062	0.0212	1	0.0114	2.3874	0.0170
b1_7	b1_21	1.6536	0.0394	1.5067	0.0166	1	0.0614	3.4364	0.0006
b1_7	b1_22	1.3886	0.0413	1.1235	0.0050	1	0.1819	6.3731	0.0000
b1_7	b1_23	1.1510	0.0424	0.9187	0.0181	1	0.1399	5.0329	0.0000
b1_7	b1_8	1.0624	0.0107	1.0205	0.0162	1	0.0031	2.1581	0.0309
b1_7	b2_4	5.2610	0.0497	5.0668	0.0676	1	0.0264	2.3152	0.0206
b1_7	c2_5	2.3197	0.1178	2.6266	0.0162	1	-0.0691	-2.5810	0.0099
b1_7	c2_6	2.1100	0.3854	3.0098	0.0331	1	-0.1262	-2.3262	0.0200
b1_8	b1_12	0.9695	0.0098	0.9411	0.0088	1	0.0019	2.1448	0.0320
b1_8	b1_13	1.4425	0.0078	1.4016	0.0071	1	0.0198	3.8764	0.0001
b1_8	b1_21	1.6899	0.0551	1.5744	0.0025	1	0.0051	2.0926	0.0364
b1_9	b1_16	1.1177	0.0150	1.1512	0.0024	1	-0.0032	-2.2093	0.0272
b1_9	c2_5	1.9657	0.0340	1.7387	0.0094	1	0.1564	6.4269	0.0000
b2_0	c2_5	4.8463	0.0359	5.1561	0.0719	1	-0.1490	-3.8544	0.0001
b2_0	c2_6	4.5152	0.1448	5.5618	0.1180	1	-0.6731	-5.6033	0.0000
b2_1	b2_8	0.6536	0.0023	0.6419	0.0031	1	0.0040	3.0566	0.0022
b2_1	c2_5	5.4214	0.0452	5.6274	0.0126	1	-0.1121	-4.3856	0.0000
b2_1	c2_6	5.1742	0.1211	5.9401	0.0551	1	-0.4998	-5.7563	0.0000
b2_10	b2_19	1.2924	0.0093	1.3214	0.0062	1	-0.0066	-2.5850	0.0097
b2_10	c2_3	3.1439	0.0152	3.1955	0.0077	1	-0.0174	-3.0238	0.0025
b2_10	c2_5	4.4181	0.0882	4.6957	0.0492	1	-0.0758	-2.7508	0.0059
b2_10	c2_6	4.1843	0.2298	5.0537	0.1279	1	-0.3433	-3.3053	0.0009
b2_11	b2_21	1.0045	0.0178	1.0464	0.0082	1	-0.0027	-2.1365	0.0326
b2_11	c2_6	5.0083	0.2582	5.7130	0.1184	1	-0.1367	-2.4815	0.0131
b2_12	b2_23	1.4873	0.0190	1.5457	0.0161	1	-0.0086	-2.3432	0.0191
b2_12	c2_5	5.8001	0.0039	5.9341	0.0265	1	-0.0805	-5.0043	0.0000
b2_14	b2_23	1.4154	0.0072	1.5143	0.0477	1	-0.0024	-2.0497	0.0404
b2_15	c2_6	6.0077	0.0809	5.7932	0.0579	1	0.0156	2.1564	0.0311
b2_18	c2_5	4.2031	0.0492	4.3344	0.0158	1	-0.0280	-2.5413	0.0110
b2_18	c2_6	4.0577	0.1052	4.6663	0.0829	1	-0.3407	-4.5433	0.0000
b2_19	c2_5	3.9682	0.0042	4.1482	0.0453	1	-0.0890	-3.9589	0.0001
b2_19	c2_6	3.7410	0.0439	4.5358	0.1018	1	-0.5731	-7.1705	0.0000
b2_2	c2_5	5.6902	0.0279	5.8197	0.0504	1	-0.0142	-2.2464	0.0247
b2_20	c2_5	4.4986	0.0444	4.6689	0.0172	1	-0.0751	-3.5779	0.0003
b2_20	c2_6	4.2951	0.1194	5.0230	0.0956	1	-0.4220	-4.7592	0.0000
b2_21	c2_6	5.0979	0.1664	5.5638	0.0942	1	-0.0835	-2.4366	0.0148
b2_22	c2_6	5.8027	0.0188	5.6248	0.0704	1	0.0322	2.4421	0.0146
b2_23	c2_6	5.2198	0.0570	4.8026	0.1702	1	0.0583	2.3250	0.0201
b2_26	c2_5	5.7812	0.0195	5.9291	0.0292	1	-0.0776	-4.2104	0.0000
b2_27	c2_5	5.3921	0.0850	5.6472	0.0496	1	-0.0583	-2.5929	0.0095
b2_27	c2_6	5.1523	0.2277	5.9594	0.1172	1	-0.2950	-3.1518	0.0016
b2_28	c2_5	5.1663	0.0579	5.5049	0.1036	1	-0.1013	-2.8539	0.0043
b2_28	c2_6	4.8472	0.2112	5.8916	0.1628	1	-0.5111	-3.9169	0.0001
b2_29	c2_5	5.8119	0.0793	6.1400	0.0578	1	-0.1318	-3.3424	0.0008
b2_29	c2_6	5.5044	0.2245	6.4456	0.0723	1	-0.4695	-3.9911	0.0001
b2_3	b2_21	1.5062	0.0076	1.4535	0.0160	1	0.0172	2.9708	0.0030
b2_3	c2_2	5.0311	0.0191	4.9719	0.0072	1	0.0184	2.9033	0.0037
b2_30	c2_5	5.8794	0.0104	6.0621	0.0327	1	-0.1140	-5.3259	0.0000
b2_30	c2_6	5.7446	0.0382	6.1022	0.1149	1	-0.1154	-2.9531	0.0031
b2_31	c2_5	4.9503	0.0540	5.1108	0.0487	1	-0.0150	-2.2063	0.0274
b2_4	c2_6	5.7653	0.0148	5.4133	0.1022	1	0.1454	3.4077	0.0007
b2_5	c2_4	5.4325	0.0656	5.7581	0.1126	1	-0.0650	-2.4983	0.0125
b2_5	c2_6	5.2087	0.0048	4.8694	0.1369	1	0.0654	2.4779	0.0132
b2_6	b2_21	1.6504	0.0179	1.6099	0.0039	1	0.0038	2.2075	0.0273
b2_6	b2_26	1.6798	0.0068	1.6626	0.0023	1	0.0029	2.4005	0.0164
b2_6	b2_29	2.9355	0.0053	2.9144	0.0061	1	0.0050	2.6190	0.0088
b2_6	b2_7	0.9478	0.0059	0.9338	0.0017	1	0.0017	2.2740	0.0230
b2_6	b2_9	2.8199	0.0161	2.7832	0.0062	1	0.0021	2.1246	0.0336
b2_6	c2_6	5.4558	0.0631	5.1179	0.1468	1	0.0184	2.1154	0.0344
b2_8	b2_20	0.8437	0.0007	0.8527	0.0042	1	-0.0005	-2.1271	0.0334
b2_8	b2_25	2.0159	0.0056	1.9921	0.0101	1	0.0007	2.0633	0.0391
b2_8	b2_26	1.2310	0.0087	1.2086	0.0066	1	0.0006	2.0550	0.0399
b2_8	b2_8	0.4875	0.0030	0.4775	0.0035	1	0.0008	2.1686	0.0301
b2_8	c2_5	5.2469	0.0500	5.3979	0.0113	1	-0.0484	-2.9444	0.0032
b2_8	c2_6	5.0659	0.1189	5.6986	0.0771	1	-0.3493	-4.4652	0.0000
b2_9	b2_10	0.7836	0.0038	0.7929	0.0026	1	-0.0002	-2.0358	0.0418
b2_9	c2_5	4.6832	0.0374	4.9190	0.0476	1	-0.1148	-3.8968	0.0001
b2_9	c2_6	4.4175	0.1284	5.2994	0.1085	1	-0.5456	-5.2451	0.0000
c2_0	c2_5	3.7945	0.0507	4.3406	0.0856	1	-0.3471	-5.4885	0.0000
c2_0	c2_6	3.2420	0.0673	4.8314	0.1192	1	-1.3157	-11.6126	0.0000
c2_1	c2_5	3.3413	0.0495	3.8507	0.0613	1	-0.3518	-6.4637	0.0000
c2_1	c2_6	2.7815	0.0982	4.3604	0.1155	1	-1.2757	-10.4134	0.0000
c2_2	c2_5	2.4268	0.0411	2.9085	0.0183	1	-0.3917	-10.7015	0.0000
c2_2	c2_6	1.9557	0.1221	3.4217	0.0460	1	-1.2050	-11.2323	0.0000
c2_3	c2_5	1.4837	0.0297	1.8949	0.0288	1	-0.3285	-9.9493	0.0000
c2_3	c2_6	1.1861	0.1468	2.4196	0.0452	1	-0.9263	-8.0307	0.0000
c2_4	c2_5	0.6932	0.0067	0.9310	0.0239	1	-0.1882	-9.5878	0.0000
c2_4	c2_6	0.9169	0.0462	1.4858	0.0624	1	-0.4135	-7.3242	0.0000
c2_5	c2_5	0.4945	0.0089	0.4535	0.0070	1	0.0183	3.6115	0.0003
c2_5	c2_6	0.7966	0.0085	0.7361	0.0231	1	0.0112	2.4552	0.0141
