rgn1	rgn2	aT41A.pcca1	aT41A.pcca1	bN82A.pcca2	bN82A.pcca2	lsdm	sdiff	score	pval
		mf	sf	mf	sf				
a1_0	b1_18	3.0020	0.0348	2.9106	0.0184	1	0.0126	2.3206	0.0203
a1_0	b1_21	2.7318	0.0584	2.5688	0.0303	1	0.0313	2.4762	0.0133
a1_0	b1_22	2.4122	0.0655	2.1592	0.0319	1	0.1071	3.4698	0.0005
a1_0	b1_23	2.0319	0.0375	1.7483	0.0591	1	0.1436	4.0514	0.0001
a1_0	c2_6	3.0632	0.3285	3.8162	0.0926	1	-0.0705	-2.2065	0.0274
a1_1	a1_12	1.6822	0.0172	1.7305	0.0139	1	-0.0041	-2.1838	0.0290
a1_1	b1_22	1.8890	0.0233	1.7648	0.0317	1	0.0455	3.1574	0.0016
a1_1	c2_2	1.1118	0.0068	1.1427	0.0114	1	-0.0043	-2.3208	0.0203
a1_1	c2_5	2.5338	0.0620	2.8117	0.0273	1	-0.1424	-4.1035	0.0000
a1_1	c2_6	2.2905	0.1964	3.1639	0.1338	1	-0.3981	-3.6754	0.0002
a1_10	c2_6	2.4515	0.2322	3.2911	0.1473	1	-0.2897	-3.0534	0.0023
a1_11	b1_23	2.7388	0.0890	2.9640	0.0243	1	-0.0406	-2.4403	0.0147
a1_11	c2_6	2.6863	0.2793	3.5241	0.2017	1	-0.1487	-2.4316	0.0150
a1_12	a2_17	2.1626	0.0098	2.2092	0.0075	1	-0.0218	-3.7603	0.0002
a1_12	a2_18	2.4831	0.0014	2.5175	0.0143	1	-0.0057	-2.3980	0.0165
a1_12	b1_8	2.4148	0.0140	2.4509	0.0100	1	-0.0017	-2.0981	0.0359
a1_12	b2_10	2.7641	0.0153	2.8172	0.0156	1	-0.0095	-2.4337	0.0149
a1_12	b2_11	3.5652	0.0101	3.6084	0.0039	1	-0.0215	-3.9763	0.0001
a1_12	c2_5	3.0624	0.0487	3.3343	0.0414	1	-0.1441	-4.2555	0.0000
a1_12	c2_6	2.7180	0.1172	3.7705	0.2464	1	-0.5068	-3.8574	0.0001
a1_13	a1_17	1.6197	0.0073	1.5913	0.0065	1	0.0088	2.8949	0.0038
a1_13	b1_13	3.3245	0.0176	3.2582	0.0083	1	0.0274	3.4093	0.0007
a1_13	c2_5	3.5726	0.0317	3.8053	0.0353	1	-0.1378	-4.9033	0.0000
a1_13	c2_6	3.2398	0.0151	4.2029	0.1961	1	-0.5697	-4.8964	0.0000
a1_14	a2_27	3.9117	0.0159	3.9530	0.0062	1	-0.0071	-2.4135	0.0158
a1_14	b1_13	3.5123	0.0460	3.3965	0.0108	1	0.0215	2.4546	0.0141
a1_14	c2_5	3.8869	0.0683	4.1880	0.0314	1	-0.1506	-4.0024	0.0001
a1_14	c2_6	3.4685	0.0684	4.5866	0.2191	1	-0.6592	-4.8719	0.0000
a1_15	b1_13	3.4991	0.0159	3.4118	0.0095	1	0.0504	4.7282	0.0000
a1_15	c2_5	3.7518	0.0810	4.1341	0.0446	1	-0.1974	-4.1340	0.0000
a1_15	c2_6	3.2748	0.0726	4.5419	0.2393	1	-0.7670	-5.0674	0.0000
a1_16	c2_5	3.1062	0.0559	3.5210	0.0564	1	-0.2561	-5.2253	0.0000
a1_16	c2_6	2.6121	0.0419	3.9426	0.2835	1	-0.7574	-4.6432	0.0000
a1_17	b1_23	1.8976	0.0627	2.1517	0.0134	1	-0.1259	-3.9634	0.0001
a1_17	c2_5	2.4774	0.0625	2.8385	0.0578	1	-0.1910	-4.2434	0.0000
a1_17	c2_6	2.0513	0.1423	3.2900	0.3101	1	-0.5563	-3.6306	0.0003
a1_18	b1_23	1.7204	0.0773	1.9750	0.0111	1	-0.0984	-3.2594	0.0011
a1_18	c2_5	2.0594	0.0489	2.3582	0.0568	1	-0.1488	-3.9860	0.0001
a1_18	c2_6	1.7253	0.1522	2.8189	0.2930	1	-0.4333	-3.3124	0.0009
a1_19	a2_30	4.3573	0.0081	4.3241	0.0043	1	0.0149	3.6202	0.0003
a1_19	b1_23	1.6834	0.1018	1.9744	0.0157	1	-0.0851	-2.8262	0.0047
a1_19	b2_18	3.0597	0.0065	3.0879	0.0103	1	-0.0039	-2.3223	0.0202
a1_19	c2_5	1.6882	0.0592	1.9244	0.0420	1	-0.0910	-3.2545	0.0011
a1_19	c2_6	1.4766	0.1962	2.3964	0.2548	1	-0.2766	-2.8602	0.0042
a1_2	a1_3	1.0612	0.0016	1.0728	0.0043	1	-0.0023	-2.5046	0.0123
a1_2	c2_5	2.0758	0.0118	2.1923	0.0263	1	-0.0589	-4.0438	0.0001
a1_2	c2_6	2.0146	0.0447	2.5908	0.1114	1	-0.3360	-4.7996	0.0000
a1_20	b1_10	1.8124	0.0100	1.7908	0.0041	1	0.0001	2.0069	0.0448
a1_20	c2_6	1.4008	0.2209	2.0033	0.2013	1	-0.0047	-2.0156	0.0438
a1_21	b1_7	2.3979	0.0115	2.3606	0.0116	1	0.0047	2.2913	0.0219
a1_21	c2_0	3.3844	0.0127	3.5172	0.0651	1	-0.0001	-2.0015	0.0453
a1_22	c2_5	1.3698	0.0642	1.0735	0.0677	1	0.1097	3.1762	0.0015
a1_23	a2_1	4.0594	0.0061	4.0937	0.0071	1	-0.0155	-3.6530	0.0003
a1_23	a2_18	2.0492	0.0076	2.0702	0.0067	1	-0.0007	-2.0677	0.0387
a1_23	a2_19	2.5150	0.0047	2.5460	0.0104	1	-0.0082	-2.7209	0.0065
a1_23	a2_6	3.5256	0.0032	3.5584	0.0028	1	-0.0243	-7.6763	0.0000
a1_23	a2_7	2.7234	0.0136	2.7528	0.0035	1	-0.0013	-2.0950	0.0362
a1_23	c2_5	1.5657	0.0312	1.1458	0.0954	1	0.2192	4.1839	0.0000
a1_23	c2_6	2.0967	0.1217	1.4061	0.1628	1	0.2840	3.3969	0.0007
a1_24	c2_5	1.7921	0.0257	1.2915	0.1243	1	0.2469	3.9456	0.0001
a1_24	c2_6	2.3916	0.0831	1.3832	0.2860	1	0.4128	3.3861	0.0007
a1_25	c2_5	2.3110	0.0239	1.8758	0.1083	1	0.2134	3.9240	0.0001
a1_25	c2_6	2.8034	0.1049	2.0074	0.2039	1	0.3375	3.4720	0.0005
a1_26	a2_21	3.3664	0.0137	3.4133	0.0184	1	-0.0011	-2.0478	0.0406
a1_26	a2_6	2.4144	0.0085	2.4434	0.0095	1	-0.0034	-2.2639	0.0236
a1_26	b1_10	1.1651	0.0052	1.1493	0.0042	1	0.0024	2.3607	0.0182
a1_26	c2_5	2.8659	0.0597	2.5580	0.0836	1	0.1025	2.9973	0.0027
a1_26	c2_6	3.2053	0.0895	2.7331	0.1623	1	0.1014	2.5469	0.0109
a1_27	a1_27	0.4791	0.0054	0.4918	0.0012	1	-0.0017	-2.3036	0.0212
a1_27	a2_21	2.5733	0.0075	2.6112	0.0140	1	-0.0062	-2.3920	0.0168
a1_27	c2_5	3.5206	0.0301	3.3419	0.0801	1	0.0076	2.0889	0.0367
a1_3	c2_5	2.1429	0.0415	1.9843	0.0298	1	0.0565	3.1080	0.0019
a1_4	c2_5	2.4881	0.0548	2.2770	0.0382	1	0.0775	3.1603	0.0016
a1_5	b1_12	2.6220	0.0184	2.5729	0.0022	1	0.0119	2.6419	0.0082
a1_5	b1_2	1.2269	0.0040	1.2178	0.0018	1	0.0003	2.0625	0.0392
a1_5	b1_7	2.4848	0.0037	2.4508	0.0005	1	0.0264	9.0171	0.0000
a1_6	a1_12	1.0653	0.0031	1.0904	0.0066	1	-0.0105	-3.4317	0.0006
a1_6	c2_5	2.4995	0.0066	2.7174	0.0302	1	-0.1559	-7.0354	0.0000
a1_6	c2_6	2.2720	0.0294	3.1248	0.1776	1	-0.4927	-4.7370	0.0000
a1_7	b1_18	3.0364	0.0236	2.9766	0.0081	1	0.0100	2.4021	0.0163
a1_7	b1_21	2.8319	0.0393	2.7044	0.0042	1	0.0485	3.2265	0.0013
a1_7	b1_22	2.4629	0.0201	2.3096	0.0153	1	0.1028	6.0698	0.0000
a1_7	c2_3	1.8178	0.0046	1.7971	0.0070	1	0.0039	2.4633	0.0138
a1_7	c2_5	3.1233	0.0629	3.3490	0.0167	1	-0.0956	-3.4702	0.0005
a1_7	c2_6	2.8801	0.1761	3.6815	0.1288	1	-0.3651	-3.6731	0.0002
a1_8	b1_22	2.7804	0.0295	2.6409	0.0193	1	0.0690	3.9574	0.0001
a1_8	c2_5	3.2963	0.0452	3.4653	0.0377	1	-0.0512	-2.8699	0.0041
a1_8	c2_6	3.0944	0.1148	3.8061	0.1526	1	-0.3297	-3.7266	0.0002
a1_9	a2_17	1.5585	0.0117	1.5936	0.0086	1	-0.0061	-2.4180	0.0156
a1_9	b1_13	2.9075	0.0173	2.8600	0.0121	1	0.0053	2.2514	0.0244
a1_9	b2_24	5.2127	0.0032	5.1886	0.0088	1	0.0054	2.5747	0.0100
a1_9	b2_8	2.6139	0.0105	2.6443	0.0104	1	-0.0007	-2.0498	0.0404
a1_9	c2_5	3.0262	0.0153	3.2689	0.0312	1	-0.1732	-6.9842	0.0000
a1_9	c2_6	2.7305	0.0121	3.6730	0.1960	1	-0.5497	-4.7988	0.0000
a2_1	a2_27	2.5258	0.0084	2.5620	0.0160	1	-0.0002	-2.0096	0.0445
a2_1	b1_16	4.1913	0.0060	4.2391	0.0099	1	-0.0246	-4.1118	0.0000
a2_1	c2_6	4.7040	0.0081	5.1231	0.0587	1	-0.3007	-7.0763	0.0000
a2_10	b1_2	2.5120	0.0070	2.4894	0.0069	1	0.0030	2.3091	0.0209
a2_12	a2_13	0.9054	0.0027	0.9146	0.0029	1	-0.0013	-2.3199	0.0203
a2_15	c2_6	3.5295	0.1934	4.2168	0.1611	1	-0.1838	-2.7303	0.0063
a2_16	c2_5	3.0253	0.0208	3.0849	0.0205	1	-0.0012	-2.0427	0.0411
a2_16	c2_6	2.9450	0.0341	3.4472	0.1131	1	-0.2659	-4.2504	0.0000
a2_17	c2_6	2.8277	0.1409	3.1484	0.0619	1	-0.0130	-2.0843	0.0371
a2_18	b1_15	1.6864	0.0073	1.7137	0.0033	1	-0.0113	-3.4112	0.0006
a2_18	b1_9	1.0519	0.0019	1.0635	0.0039	1	-0.0029	-2.6652	0.0077
a2_19	b1_15	2.5450	0.0065	2.5710	0.0026	1	-0.0119	-3.7026	0.0002
a2_19	c2_6	3.2385	0.0262	3.5545	0.0546	1	-0.1949	-5.2180	0.0000
a2_2	a2_27	3.3286	0.0102	3.3564	0.0029	1	-0.0067	-2.6320	0.0085
a2_2	b2_19	1.3107	0.0010	1.3537	0.0213	1	-0.0003	-2.0130	0.0441
a2_2	c2_5	5.1588	0.0098	5.2829	0.0221	1	-0.0757	-5.1344	0.0000
a2_2	c2_6	4.9728	0.0293	5.5944	0.0999	1	-0.4134	-5.9729	0.0000
a2_20	a2_26	1.6641	0.0039	1.7027	0.0051	1	-0.0257	-5.9817	0.0000
a2_20	a2_27	2.2264	0.0173	2.2733	0.0144	1	-0.0020	-2.0879	0.0368
a2_20	c2_6	3.9559	0.0690	4.4531	0.1068	1	-0.2430	-3.9115	0.0001
a2_21	a2_26	2.3459	0.0173	2.4165	0.0297	1	-0.0019	-2.0555	0.0398
a2_21	a2_27	2.8435	0.0121	2.9245	0.0251	1	-0.0253	-2.9076	0.0036
a2_21	b1_10	3.6942	0.0129	3.7271	0.0049	1	-0.0053	-2.3870	0.0170
a2_21	b2_9	2.0171	0.0142	1.9647	0.0138	1	0.0127	2.6430	0.0082
a2_21	c2_6	4.8508	0.1129	5.4196	0.1477	1	-0.1970	-3.0593	0.0022
a2_22	a2_24	1.1373	0.0061	1.1613	0.0081	1	-0.0038	-2.3704	0.0178
a2_22	c2_4	5.3051	0.0095	5.2645	0.0166	1	0.0023	2.1215	0.0339
a2_22	c2_6	5.7111	0.1035	6.0750	0.1157	1	-0.0533	-2.3433	0.0191
a2_23	b1_0	4.3095	0.0127	4.2667	0.0052	1	0.0153	3.1170	0.0018
a2_23	c2_3	5.1364	0.0146	5.0928	0.0111	1	0.0070	2.3832	0.0172
a2_24	c2_6	5.2880	0.1019	5.5351	0.0683	1	-0.0018	-2.0149	0.0439
a2_25	a2_27	1.4387	0.0058	1.4651	0.0111	1	-0.0014	-2.1134	0.0346
a2_26	c2_5	3.6648	0.0539	3.4466	0.0612	1	0.0551	2.6758	0.0075
a2_27	c2_5	3.9117	0.0399	3.6180	0.0841	1	0.1076	3.1565	0.0016
a2_28	c2_5	4.3859	0.0508	4.1824	0.0752	1	0.0219	2.2417	0.0250
a2_3	c2_5	5.8058	0.0238	5.8689	0.0119	1	-0.0099	-2.3736	0.0176
a2_30	c2_6	5.5398	0.0360	5.7738	0.0501	1	-0.1107	-3.7958	0.0001
a2_31	b1_18	5.7697	0.0288	5.8458	0.0239	1	-0.0011	-2.0302	0.0423
a2_4	a2_27	3.7524	0.0034	3.7887	0.0161	1	-0.0034	-2.2079	0.0273
a2_4	c2_6	5.6703	0.1046	6.1299	0.1129	1	-0.1518	-2.9866	0.0028
a2_5	a2_27	2.9544	0.0036	3.0157	0.0167	1	-0.0270	-3.5768	0.0003
a2_5	c2_5	5.0199	0.0392	5.1030	0.0044	1	-0.0041	-2.1043	0.0353
a2_5	c2_6	4.8541	0.0636	5.4388	0.1292	1	-0.2966	-4.0594	0.0000
a2_6	a2_19	1.1074	0.0020	1.1174	0.0044	1	-0.0002	-2.0365	0.0417
a2_6	a2_20	0.6052	0.0026	0.6142	0.0035	1	-0.0003	-2.0795	0.0376
a2_6	a2_26	1.6462	0.0140	1.6799	0.0088	1	-0.0007	-2.0402	0.0413
a2_6	a2_27	2.1356	0.0117	2.1796	0.0122	1	-0.0103	-2.6073	0.0091
a2_6	b1_10	2.6850	0.0135	2.7260	0.0132	1	-0.0033	-2.1758	0.0296
a2_6	b1_15	3.5888	0.0130	3.6335	0.0052	1	-0.0167	-3.1975	0.0014
a2_6	b1_16	3.7293	0.0082	3.7707	0.0103	1	-0.0151	-3.1465	0.0017
a2_6	c2_6	4.2025	0.0304	4.6065	0.0666	1	-0.2576	-5.5177	0.0000
a2_7	b1_16	2.8190	0.0106	2.8598	0.0127	1	-0.0077	-2.4648	0.0137
a2_7	c2_6	3.6465	0.0480	3.8028	0.0613	1	-0.0006	-2.0079	0.0447
a2_8	a2_10	1.4960	0.0098	1.4651	0.0108	1	0.0016	2.1126	0.0346
a2_8	b1_15	2.2056	0.0080	2.2368	0.0019	1	-0.0147	-3.7768	0.0002
a2_8	b1_16	2.2034	0.0085	2.2350	0.0112	1	-0.0035	-2.2487	0.0245
a2_8	c2_5	2.9771	0.0243	2.8275	0.0639	1	0.0130	2.1898	0.0285
a2_9	b2_11	3.4989	0.0180	3.5506	0.0057	1	-0.0139	-2.7394	0.0062
a2_9	b2_27	3.7610	0.0055	3.8011	0.0035	1	-0.0269	-6.0950	0.0000
a2_9	b2_29	4.3499	0.0084	4.3857	0.0085	1	-0.0119	-3.0021	0.0027
a2_9	c2_4	2.6078	0.0075	2.5639	0.0165	1	0.0078	2.4287	0.0152
a2_9	c2_5	3.1308	0.0449	2.9838	0.0440	1	0.0212	2.3378	0.0194
b1_0	c2_5	2.8079	0.0599	2.4439	0.0724	1	0.1760	3.8716	0.0001
b1_0	c2_6	3.1668	0.1991	2.6655	0.0818	1	0.0709	2.3295	0.0198
b1_1	b1_12	2.3306	0.0011	2.3176	0.0010	1	0.0099	8.5478	0.0000
b1_1	b1_7	2.4177	0.0080	2.3927	0.0062	1	0.0048	2.4696	0.0135
b1_1	c2_5	2.0216	0.0270	1.8224	0.0574	1	0.0723	3.1401	0.0017
b1_11	b1_11	0.4930	0.0016	0.4983	0.0021	1	-0.0001	-2.0279	0.0426
b1_12	b1_21	1.3711	0.0479	1.2327	0.0090	1	0.0408	2.8375	0.0045
b1_12	b1_22	1.2600	0.0765	1.0023	0.0066	1	0.1042	3.3580	0.0008
b1_12	b1_23	1.2642	0.0270	1.0523	0.0084	1	0.1554	7.4941	0.0000
b1_12	b1_25	1.6626	0.0268	1.5803	0.0178	1	0.0178	2.5527	0.0107
b1_12	c2_5	1.9980	0.1206	2.2466	0.0233	1	-0.0031	-2.0252	0.0428
b1_13	b1_22	1.3579	0.1026	1.0772	0.0078	1	0.0750	2.7288	0.0064
b1_13	b1_23	1.4497	0.0916	1.1745	0.0113	1	0.0906	2.9822	0.0029
b1_13	c2_5	2.2261	0.1233	2.5151	0.0308	1	-0.0348	-2.2735	0.0230
b1_16	c2_5	1.5792	0.0780	1.3040	0.0641	1	0.0733	2.7261	0.0064
b1_16	c2_6	2.1050	0.1505	1.3585	0.3124	1	0.0528	2.1524	0.0314
b1_19	c2_5	1.0397	0.1144	1.3721	0.0576	1	-0.0764	-2.5967	0.0094
b1_2	b1_12	1.4909	0.0092	1.4633	0.0037	1	0.0078	2.7878	0.0053
b1_2	b1_13	1.9728	0.0102	1.9443	0.0085	1	0.0019	2.1416	0.0322
b1_2	b1_7	1.4350	0.0056	1.4083	0.0081	1	0.0069	2.7011	0.0069
b1_2	c2_5	1.8490	0.0197	1.9409	0.0230	1	-0.0314	-3.0389	0.0024
b1_2	c2_6	1.8761	0.0823	2.3084	0.0536	1	-0.2360	-4.4035	0.0000
b1_20	c2_5	1.3480	0.1225	1.7556	0.1277	1	-0.0538	-2.3043	0.0212
b1_20	c2_6	1.2545	0.1805	1.9955	0.1592	1	-0.2596	-3.0785	0.0021
b1_21	b2_3	5.7691	0.0229	5.9406	0.0470	1	-0.0669	-3.2808	0.0010
b1_21	b2_6	5.5732	0.0185	5.7798	0.0785	1	-0.0452	-2.5606	0.0104
b1_21	c2_5	1.3199	0.0656	1.9070	0.1442	1	-0.2703	-3.7058	0.0002
b1_21	c2_6	1.0601	0.3125	2.1929	0.2085	1	-0.3816	-3.0158	0.0026
b1_22	b2_23	5.5860	0.0398	5.7971	0.0690	1	-0.0518	-2.6503	0.0080
b1_22	b2_25	5.3717	0.0087	5.5791	0.0917	1	-0.0232	-2.2523	0.0243
b1_22	b2_31	5.4319	0.0340	5.6364	0.0677	1	-0.0529	-2.6977	0.0070
b1_22	c2_5	1.4372	0.2316	2.1533	0.0992	1	-0.2122	-2.8422	0.0045
b1_22	c2_6	1.0394	0.4642	2.4586	0.1926	1	-0.4140	-2.8239	0.0047
b1_23	c2_5	1.7759	0.2700	2.5676	0.0983	1	-0.2169	-2.7546	0.0059
b1_23	c2_6	1.3235	0.5107	2.8816	0.2158	1	-0.4492	-2.8103	0.0049
b1_24	b1_24	0.4660	0.0046	0.4425	0.0034	1	0.0122	4.1481	0.0000
b1_24	b2_24	5.8017	0.0394	5.9737	0.0474	1	-0.0487	-2.7895	0.0053
b1_24	c2_5	2.2244	0.1836	2.8426	0.1107	1	-0.1895	-2.8839	0.0039
b1_24	c2_6	1.7474	0.4171	3.1884	0.2559	1	-0.4623	-2.9447	0.0032
b1_25	c2_5	2.6814	0.1130	3.1948	0.0436	1	-0.2713	-4.2401	0.0000
b1_25	c2_6	2.2133	0.3346	3.5385	0.1710	1	-0.5736	-3.5265	0.0004
b1_26	c2_5	3.1146	0.0472	3.5256	0.0566	1	-0.2635	-5.5752	0.0000
b1_26	c2_6	2.6565	0.2359	3.8796	0.1443	1	-0.6700	-4.4231	0.0000
b1_27	c2_5	3.5468	0.0499	3.9367	0.0612	1	-0.2320	-4.9377	0.0000
b1_27	c2_6	3.0875	0.1292	4.2880	0.2094	1	-0.7083	-4.8784	0.0000
b1_28	c2_5	3.8813	0.0342	4.2332	0.1036	1	-0.1337	-3.2249	0.0013
b1_28	c2_6	3.4732	0.1222	4.5796	0.2359	1	-0.5751	-4.1649	0.0000
b1_29	c2_6	3.7652	0.1420	4.8506	0.3140	1	-0.3961	-3.1494	0.0016
b1_3	b1_21	1.8780	0.0173	1.7663	0.0090	1	0.0726	5.7168	0.0000
b1_3	b1_22	1.5519	0.0244	1.4018	0.0215	1	0.0851	4.6137	0.0000
b1_3	c2_5	2.2790	0.0930	2.5648	0.0312	1	-0.0896	-2.9135	0.0036
b1_3	c2_6	2.0705	0.2935	2.8866	0.1039	1	-0.1933	-2.6209	0.0088
b1_4	b1_17	2.9965	0.0174	2.9374	0.0147	1	0.0136	2.5982	0.0094
b1_4	b1_18	2.8806	0.0141	2.7871	0.0145	1	0.0530	4.6184	0.0000
b1_4	b1_21	2.4410	0.0342	2.3002	0.0433	1	0.0305	2.5533	0.0107
b1_4	b1_22	2.1253	0.0370	1.8825	0.0371	1	0.1380	4.6353	0.0000
b1_4	b1_23	1.7499	0.0796	1.4466	0.0626	1	0.1008	2.9959	0.0027
b1_4	b1_4	0.5028	0.0012	0.4975	0.0013	1	0.0017	2.9577	0.0031
b1_4	c2_1	2.1598	0.0460	2.2840	0.0158	1	-0.0269	-2.5522	0.0107
b1_4	c2_2	1.7391	0.0063	1.7876	0.0148	1	-0.0163	-3.0096	0.0026
b1_4	c2_5	3.1823	0.1234	3.4927	0.0349	1	-0.0538	-2.4196	0.0155
b1_4	c2_6	2.8861	0.3685	3.7611	0.0858	1	-0.1183	-2.3126	0.0207
b1_5	c2_5	3.5959	0.1378	4.0346	0.0945	1	-0.1044	-2.6250	0.0087
b1_5	c2_6	3.1735	0.3999	4.3098	0.1255	1	-0.2981	-2.7112	0.0067
b1_6	b1_13	1.5184	0.0251	1.4352	0.0330	1	0.0002	2.0059	0.0449
b1_6	b1_22	1.8656	0.0743	1.6494	0.0639	1	0.0202	2.2059	0.0274
b1_6	b1_23	1.5300	0.1371	1.2014	0.0902	1	0.0005	2.0028	0.0452
b1_6	c2_5	3.1111	0.1027	3.5531	0.0403	1	-0.2214	-4.0079	0.0001
b1_6	c2_6	2.7373	0.3946	3.8117	0.0888	1	-0.2654	-2.6561	0.0079
b1_7	b1_16	2.2033	0.0082	2.1762	0.0099	1	0.0013	2.1028	0.0355
b1_7	b1_17	2.1044	0.0130	2.0679	0.0074	1	0.0065	2.4369	0.0148
b1_7	b1_18	1.9710	0.0142	1.8977	0.0095	1	0.0392	4.3007	0.0000
b1_7	b1_21	1.6536	0.0394	1.5194	0.0215	1	0.0444	2.9899	0.0028
b1_7	b1_22	1.3886	0.0413	1.1528	0.0216	1	0.1426	5.0600	0.0000
b1_7	b1_23	1.1510	0.0424	0.9136	0.0260	1	0.1378	4.7685	0.0000
b1_7	c2_5	2.3197	0.1178	2.6180	0.0292	1	-0.0556	-2.4581	0.0140
b1_9	c2_5	1.9657	0.0340	1.7846	0.0650	1	0.0343	2.4680	0.0136
b2_0	b2_15	2.9562	0.0047	2.9160	0.0131	1	0.0124	2.8960	0.0038
b2_0	b2_24	3.6487	0.0023	3.6025	0.0111	1	0.0235	4.0625	0.0000
b2_0	b2_29	1.3012	0.0016	1.3251	0.0063	1	-0.0108	-3.6571	0.0003
b2_0	c2_5	4.8463	0.0359	5.1181	0.0790	1	-0.0982	-3.1314	0.0017
b2_0	c2_6	4.5152	0.1448	5.4499	0.1942	1	-0.4502	-3.8586	0.0001
b2_1	b2_14	2.1070	0.0018	2.0720	0.0155	1	0.0037	2.2363	0.0253
b2_1	b2_20	1.0333	0.0070	1.0503	0.0036	1	-0.0012	-2.1545	0.0312
b2_1	b2_24	2.7465	0.0123	2.6828	0.0190	1	0.0184	2.8139	0.0049
b2_1	b2_25	2.0525	0.0066	2.0125	0.0152	1	0.0067	2.4062	0.0161
b2_1	c2_5	5.4214	0.0452	5.6256	0.0214	1	-0.1041	-4.0808	0.0000
b2_1	c2_6	5.1742	0.1211	5.9149	0.1123	1	-0.4104	-4.4848	0.0000
b2_10	b2_24	3.5909	0.0073	3.5421	0.0091	1	0.0256	4.2042	0.0000
b2_10	b2_25	2.8811	0.0086	2.8453	0.0090	1	0.0108	2.8648	0.0042
b2_10	b2_31	2.7880	0.0095	2.7634	0.0057	1	0.0025	2.2263	0.0260
b2_10	c2_5	4.4181	0.0882	4.6939	0.0829	1	-0.0338	-2.2792	0.0227
b2_10	c2_6	4.1843	0.2298	4.9823	0.1556	1	-0.2429	-2.8751	0.0040
b2_11	b2_24	2.7558	0.0072	2.7267	0.0122	1	0.0007	2.0463	0.0407
b2_11	c2_6	5.0083	0.2582	5.6720	0.1175	1	-0.0965	-2.3402	0.0193
b2_12	c2_5	5.8001	0.0039	5.8937	0.0324	1	-0.0283	-2.8651	0.0042
b2_13	b2_23	1.2965	0.0146	1.3554	0.0222	1	-0.0057	-2.2143	0.0268
b2_14	b2_26	1.0404	0.0024	1.0235	0.0019	1	0.0106	5.4334	0.0000
b2_14	b2_27	1.6618	0.0062	1.6319	0.0044	1	0.0147	3.9456	0.0001
b2_14	b2_28	2.3288	0.0165	2.2891	0.0017	1	0.0064	2.3872	0.0170
b2_14	c2_6	5.9122	0.0047	5.7136	0.0597	1	0.0789	3.3179	0.0009
b2_15	b2_29	2.4380	0.0111	2.3955	0.0180	1	0.0002	2.0094	0.0445
b2_15	c2_0	4.8354	0.0616	4.6722	0.0103	1	0.0381	2.6104	0.0090
b2_17	c2_6	4.6452	0.1892	5.0614	0.0514	1	-0.0239	-2.1220	0.0338
b2_18	c2_5	4.2031	0.0492	4.3414	0.0136	1	-0.0362	-2.7086	0.0068
b2_18	c2_6	4.0577	0.1052	4.6465	0.0832	1	-0.3206	-4.3909	0.0000
b2_19	b2_22	2.7956	0.0016	2.8094	0.0020	1	-0.0087	-5.3928	0.0000
b2_19	c2_4	3.4134	0.0058	3.3749	0.0040	1	0.0244	5.4641	0.0000
b2_19	c2_5	3.9682	0.0042	4.1211	0.0145	1	-0.1226	-10.1033	0.0000
b2_19	c2_6	3.7410	0.0439	4.4708	0.1463	1	-0.4243	-4.7774	0.0000
b2_2	b2_24	1.8710	0.0149	1.8056	0.0178	1	0.0190	2.8212	0.0048
b2_20	b2_20	0.4912	0.0015	0.4965	0.0017	1	-0.0007	-2.3072	0.0210
b2_20	b2_29	1.8811	0.0070	1.9044	0.0035	1	-0.0076	-2.9699	0.0030
b2_20	c2_5	4.4986	0.0444	4.6719	0.0147	1	-0.0798	-3.7078	0.0002
b2_20	c2_6	4.2951	0.1194	4.9836	0.1061	1	-0.3691	-4.3102	0.0000
b2_21	c2_6	5.0979	0.1664	5.5858	0.0239	1	-0.1518	-2.9030	0.0037
b2_22	c2_6	5.8027	0.0188	5.6388	0.0448	1	0.0667	3.3736	0.0007
b2_23	c2_6	5.2198	0.0570	4.7956	0.0356	1	0.2897	6.3083	0.0000
b2_24	b2_28	3.4441	0.0198	3.3913	0.0130	1	0.0054	2.2271	0.0259
b2_24	b2_29	2.9908	0.0162	2.9506	0.0093	1	0.0028	2.1494	0.0316
b2_24	c2_6	4.5212	0.0615	4.2408	0.0263	1	0.1467	4.1932	0.0000
b2_25	b2_27	2.0336	0.0025	2.0169	0.0061	1	0.0035	2.5243	0.0116
b2_25	b2_28	2.6620	0.0137	2.6250	0.0107	1	0.0023	2.1341	0.0328
b2_25	c2_6	5.0620	0.0353	4.9107	0.0665	1	0.0007	2.0089	0.0446
b2_26	c2_5	5.7812	0.0195	5.8918	0.0360	1	-0.0286	-2.6987	0.0070
b2_27	c2_5	5.3921	0.0850	5.6510	0.0715	1	-0.0369	-2.3324	0.0197
b2_27	c2_6	5.1523	0.2277	5.9233	0.1426	1	-0.2338	-2.8704	0.0041
b2_28	c2_5	5.1663	0.0579	5.5050	0.1098	1	-0.0906	-2.7297	0.0063
b2_28	c2_6	4.8472	0.2112	5.8070	0.2088	1	-0.3659	-3.2321	0.0012
b2_29	c2_5	5.8119	0.0793	6.1238	0.0821	1	-0.0835	-2.7316	0.0063
b2_29	c2_6	5.5044	0.2245	6.3492	0.0864	1	-0.3638	-3.5123	0.0004
b2_3	b2_5	0.9390	0.0057	0.9651	0.0070	1	-0.0080	-2.8852	0.0039
b2_3	c2_6	5.5981	0.0765	5.2728	0.0281	1	0.1624	3.9930	0.0001
b2_30	c2_5	5.8794	0.0104	6.0331	0.0406	1	-0.0698	-3.6659	0.0002
b2_30	c2_6	5.7446	0.0382	6.0412	0.1070	1	-0.0694	-2.6106	0.0090
b2_4	b2_26	2.4216	0.0108	2.4667	0.0106	1	-0.0149	-2.9816	0.0029
b2_4	b2_4	0.4808	0.0028	0.4948	0.0023	1	-0.0068	-3.8696	0.0001
b2_4	c2_6	5.7653	0.0148	5.2221	0.0782	1	0.3841	6.8282	0.0000
b2_5	c2_6	5.2087	0.0048	4.7020	0.0522	1	0.4019	9.6650	0.0000
b2_6	b2_13	1.7387	0.0297	1.8051	0.0060	1	-0.0058	-2.1927	0.0283
b2_6	c2_6	5.4558	0.0631	5.0570	0.0664	1	0.2156	4.3545	0.0000
b2_7	b2_30	1.3010	0.0079	1.3225	0.0051	1	-0.0025	-2.2696	0.0232
b2_8	b2_19	1.5011	0.0035	1.5221	0.0076	1	-0.0042	-2.4986	0.0125
b2_8	b2_29	1.6736	0.0046	1.6856	0.0008	1	-0.0027	-2.5810	0.0099
b2_8	c2_5	5.2469	0.0500	5.4013	0.0321	1	-0.0355	-2.5965	0.0094
b2_8	c2_6	5.0659	0.1189	5.6906	0.0680	1	-0.3508	-4.5611	0.0000
b2_9	b2_15	2.6709	0.0120	2.6298	0.0148	1	0.0030	2.1575	0.0310
b2_9	b2_24	3.4486	0.0118	3.3871	0.0144	1	0.0242	3.2968	0.0010
b2_9	c2_5	4.6832	0.0374	4.9176	0.0474	1	-0.1137	-3.8852	0.0001
b2_9	c2_6	4.4175	0.1284	5.2390	0.1522	1	-0.4233	-4.1257	0.0000
c2_0	c2_5	3.7945	0.0507	4.3468	0.1229	1	-0.2864	-4.1541	0.0000
c2_0	c2_6	3.2420	0.0673	4.6961	0.2836	1	-0.8713	-4.9897	0.0000
c2_1	c2_5	3.3413	0.0495	3.8165	0.0717	1	-0.3011	-5.4564	0.0000
c2_1	c2_6	2.7815	0.0982	4.2173	0.2827	1	-0.8373	-4.7975	0.0000
c2_2	c2_5	2.4268	0.0411	2.8679	0.0780	1	-0.2648	-5.0038	0.0000
c2_2	c2_6	1.9557	0.1221	3.2743	0.2744	1	-0.7178	-4.3899	0.0000
c2_3	c2_5	1.4837	0.0297	1.8755	0.0632	1	-0.2522	-5.6121	0.0000
c2_3	c2_6	1.1861	0.1468	2.3011	0.2284	1	-0.5721	-4.1074	0.0000
c2_4	c2_5	0.6932	0.0067	0.9164	0.0301	1	-0.1616	-7.2393	0.0000
c2_4	c2_6	0.9169	0.0462	1.4226	0.1128	1	-0.2619	-4.1481	0.0000
c2_5	c2_6	0.7966	0.0085	0.7410	0.0257	1	0.0014	2.0522	0.0402
