rgn1	rgn2	bN82A.pcca2	bN82A.pcca2	WT.pcca2	WT.pcca2	lsdm	sdiff	score	pval
		mf	sf	mf	sf				
a1_0	a1_22	3.2638	0.0280	3.1927	0.0173	1	0.0052	2.1569	0.0310
a1_0	a2_14	3.4776	0.0704	3.2951	0.0513	1	0.0083	2.0951	0.0362
a1_0	a2_15	2.6611	0.0141	2.5314	0.0373	1	0.0500	3.2524	0.0011
a1_0	b2_4	4.5041	0.1120	4.2211	0.0762	1	0.0120	2.0885	0.0368
a1_1	a1_14	1.7416	0.0115	1.7904	0.0159	1	-0.0096	-2.4914	0.0127
a1_1	a1_21	2.1181	0.0074	2.0851	0.0098	1	0.0085	2.6932	0.0071
a1_1	a1_22	2.4212	0.0076	2.3718	0.0029	1	0.0332	6.0882	0.0000
a1_1	a1_23	2.6657	0.0081	2.6245	0.0079	1	0.0186	3.6530	0.0003
a1_1	a1_5	1.7314	0.0044	1.7193	0.0005	1	0.0031	2.7030	0.0069
a1_1	a2_15	2.0390	0.0438	1.9445	0.0051	1	0.0064	2.1457	0.0319
a1_1	b1_1	2.0283	0.0010	2.0159	0.0046	1	0.0029	2.6183	0.0088
a1_1	b1_15	2.2162	0.0094	2.1754	0.0033	1	0.0208	4.0802	0.0000
a1_1	b1_2	1.0831	0.0027	1.0688	0.0010	1	0.0087	5.0502	0.0000
a1_1	b1_3	0.6340	0.0024	0.6244	0.0023	1	0.0030	2.9077	0.0036
a1_10	a2_12	3.2752	0.0285	3.3419	0.0130	1	-0.0040	-2.1267	0.0334
a1_10	a2_14	2.0437	0.0273	1.9330	0.0197	1	0.0434	3.2888	0.0010
a1_10	a2_15	1.3213	0.0232	1.2521	0.0181	1	0.0103	2.3516	0.0187
a1_13	a2_17	1.9210	0.0096	1.9647	0.0157	1	-0.0070	-2.3796	0.0173
a1_13	b1_11	3.0220	0.0017	3.0602	0.0111	1	-0.0158	-3.4170	0.0006
a1_13	b1_12	2.8754	0.0113	2.9164	0.0160	1	-0.0020	-2.1018	0.0356
a1_13	b1_13	3.2582	0.0083	3.3085	0.0219	1	-0.0034	-2.1452	0.0319
a1_13	b1_7	2.4235	0.0067	2.4693	0.0177	1	-0.0079	-2.4174	0.0156
a1_13	b1_8	2.4940	0.0021	2.5289	0.0127	1	-0.0093	-2.7231	0.0065
a1_14	a2_17	2.3858	0.0110	2.4293	0.0040	1	-0.0201	-3.7229	0.0002
a1_14	a2_18	2.8167	0.0127	2.8548	0.0098	1	-0.0060	-2.3731	0.0176
a1_14	b1_11	3.3919	0.0035	3.4347	0.0075	1	-0.0263	-5.1788	0.0000
a1_14	b1_12	3.0711	0.0124	3.1256	0.0225	1	-0.0031	-2.1206	0.0340
a1_14	b1_13	3.3965	0.0108	3.4679	0.0340	1	-0.0001	-2.0038	0.0451
a1_14	b1_14	3.6094	0.0239	3.6644	0.0078	1	-0.0048	-2.1901	0.0285
a1_14	b1_2	2.5460	0.0081	2.5777	0.0128	1	-0.0014	-2.0913	0.0365
a1_14	b1_3	2.1813	0.0066	2.2193	0.0176	1	-0.0003	-2.0177	0.0436
a1_14	b1_7	2.5736	0.0119	2.6401	0.0253	1	-0.0106	-2.3776	0.0174
a1_14	b1_8	2.8462	0.0058	2.8851	0.0096	1	-0.0165	-3.4710	0.0005
a1_14	b1_9	3.2741	0.0054	3.3048	0.0072	1	-0.0126	-3.4065	0.0007
a1_16	b2_27	3.4440	0.0008	3.4084	0.0169	1	0.0018	2.1066	0.0351
a1_17	b2_3	5.1861	0.0230	5.1174	0.0244	1	0.0016	2.0488	0.0405
a1_18	a2_10	2.7045	0.0174	2.7664	0.0210	1	-0.0074	-2.2710	0.0231
a1_18	a2_15	2.0716	0.0372	1.9882	0.0133	1	0.0044	2.1112	0.0348
a1_18	b1_0	2.6567	0.0033	2.6901	0.0147	1	-0.0034	-2.2248	0.0261
a1_19	a2_10	2.7187	0.0105	2.7560	0.0151	1	-0.0006	-2.0350	0.0418
a1_19	b2_2	4.9183	0.0069	4.8558	0.0136	1	0.0320	4.0897	0.0000
a1_2	a1_13	1.7487	0.0092	1.7800	0.0115	1	-0.0018	-2.1210	0.0339
a1_2	a1_22	1.5399	0.0117	1.5099	0.0039	1	0.0054	2.4408	0.0147
a1_2	a2_14	2.6945	0.0606	2.5471	0.0240	1	0.0170	2.2606	0.0238
a1_2	a2_15	1.8035	0.0101	1.7292	0.0164	1	0.0358	3.8583	0.0001
a1_2	a2_6	2.2914	0.0083	2.2671	0.0026	1	0.0070	2.8084	0.0050
a1_20	a2_10	2.7510	0.0149	2.8170	0.0144	1	-0.0246	-3.1905	0.0014
a1_20	a2_11	3.7405	0.0266	3.8044	0.0061	1	-0.0093	-2.3425	0.0192
a1_20	a2_24	4.0901	0.0092	4.1327	0.0086	1	-0.0174	-3.3839	0.0007
a1_20	a2_25	3.2035	0.0183	3.2454	0.0057	1	-0.0036	-2.1893	0.0286
a1_20	a2_26	2.5787	0.0145	2.6163	0.0064	1	-0.0060	-2.3805	0.0173
a1_20	b1_17	1.7924	0.0061	1.8187	0.0098	1	-0.0031	-2.2647	0.0235
a1_21	a1_22	0.5940	0.0050	0.5802	0.0023	1	0.0027	2.4924	0.0127
a1_21	a2_10	2.8239	0.0097	2.8844	0.0117	1	-0.0302	-3.9968	0.0001
a1_21	a2_11	3.8473	0.0153	3.9056	0.0055	1	-0.0259	-3.5906	0.0003
a1_21	a2_18	2.0575	0.0125	2.0178	0.0087	1	0.0091	2.5990	0.0094
a1_21	a2_23	5.0579	0.0189	5.0996	0.0059	1	-0.0022	-2.1111	0.0348
a1_21	a2_24	4.1899	0.0038	4.2274	0.0057	1	-0.0237	-5.4495	0.0000
a1_21	a2_9	1.9688	0.0090	2.0035	0.0134	1	-0.0024	-2.1481	0.0317
a1_21	b1_3	2.0715	0.0051	2.0515	0.0047	1	0.0062	2.8981	0.0038
a1_21	b1_4	3.0858	0.0040	3.0371	0.0153	1	0.0169	3.0675	0.0022
a1_21	b1_9	1.2772	0.0041	1.2522	0.0100	1	0.0033	2.3080	0.0210
a1_22	a2_10	2.9313	0.0139	2.9802	0.0173	1	-0.0045	-2.2028	0.0276
a1_22	a2_18	2.0716	0.0054	2.0193	0.0132	1	0.0237	3.6621	0.0003
a1_22	a2_19	2.4324	0.0103	2.3963	0.0098	1	0.0076	2.5368	0.0112
a1_22	a2_20	3.2442	0.0024	3.2238	0.0093	1	0.0013	2.1305	0.0331
a1_22	a2_26	2.4641	0.0048	2.5091	0.0210	1	-0.0019	-2.0878	0.0368
a1_22	a2_6	3.4329	0.0048	3.4147	0.0052	1	0.0039	2.5523	0.0107
a1_22	a2_7	2.7163	0.0100	2.6870	0.0080	1	0.0038	2.2965	0.0216
a1_22	b1_1	0.9375	0.0004	0.9184	0.0018	1	0.0155	10.5749	0.0000
a1_22	b1_12	2.3781	0.0037	2.3391	0.0130	1	0.0121	2.8938	0.0038
a1_22	b1_13	2.7849	0.0129	2.7352	0.0111	1	0.0157	2.9245	0.0035
a1_22	b1_3	2.3317	0.0063	2.2968	0.0117	1	0.0084	2.6288	0.0086
a1_22	b1_4	3.3376	0.0094	3.2666	0.0048	1	0.0499	6.7224	0.0000
a1_22	c2_2	2.6281	0.0172	2.5863	0.0089	1	0.0031	2.1598	0.0308
a1_22	c2_3	1.7399	0.0129	1.6825	0.0135	1	0.0201	3.0756	0.0021
a1_23	a2_18	2.0702	0.0067	2.0223	0.0102	1	0.0233	3.9087	0.0001
a1_23	a2_6	3.5584	0.0028	3.5439	0.0057	1	0.0018	2.2738	0.0230
a1_23	a2_7	2.7528	0.0035	2.7261	0.0032	1	0.0173	5.6403	0.0000
a1_23	b1_13	2.8731	0.0148	2.8232	0.0181	1	0.0032	2.1390	0.0324
a1_23	b1_2	1.6242	0.0047	1.6015	0.0079	1	0.0043	2.4737	0.0134
a1_23	b1_3	2.5354	0.0116	2.5101	0.0043	1	0.0004	2.0329	0.0421
a1_23	b1_4	3.5096	0.0181	3.4410	0.0118	1	0.0254	3.1770	0.0015
a1_23	b1_9	1.1159	0.0060	1.0837	0.0136	1	0.0024	2.1627	0.0306
a1_23	c2_3	2.0847	0.0133	2.0354	0.0114	1	0.0142	2.8098	0.0050
a1_24	a1_24	0.4408	0.0013	0.4359	0.0020	1	0.0000	2.0156	0.0438
a1_24	a1_27	2.4694	0.0012	2.4808	0.0010	1	-0.0082	-7.2948	0.0000
a1_24	a2_26	2.6092	0.0126	2.6618	0.0209	1	-0.0038	-2.1562	0.0311
a1_25	a1_27	1.8769	0.0012	1.9092	0.0016	1	-0.0283	-16.0025	0.0000
a1_25	a2_0	2.8257	0.0081	2.8539	0.0106	1	-0.0017	-2.1258	0.0335
a1_25	a2_1	3.7482	0.0016	3.7788	0.0066	1	-0.0172	-4.5422	0.0000
a1_25	a2_10	2.7150	0.0115	2.7703	0.0135	1	-0.0198	-3.1107	0.0019
a1_25	a2_11	3.7026	0.0071	3.7541	0.0131	1	-0.0216	-3.4485	0.0006
a1_25	a2_24	3.9462	0.0142	3.9902	0.0130	1	-0.0054	-2.2810	0.0225
a1_25	a2_25	2.9458	0.0064	2.9968	0.0169	1	-0.0148	-2.8183	0.0048
a1_25	a2_26	1.9656	0.0185	2.0331	0.0211	1	-0.0114	-2.4048	0.0162
a1_25	a2_6	3.2447	0.0083	3.2703	0.0081	1	-0.0025	-2.2136	0.0269
a1_26	a2_14	3.1857	0.0356	3.0724	0.0361	1	0.0119	2.2340	0.0255
a1_26	b1_1	1.0260	0.0039	1.0448	0.0054	1	-0.0056	-2.8492	0.0044
a1_27	a2_14	2.5342	0.0264	2.4313	0.0276	1	0.0265	2.6931	0.0071
a1_27	a2_27	1.1011	0.0104	1.0265	0.0308	1	0.0095	2.2933	0.0218
a1_27	a2_28	1.2194	0.0168	1.1711	0.0096	1	0.0096	2.4958	0.0126
a1_27	b1_20	4.1672	0.0107	4.1294	0.0144	1	0.0019	2.1084	0.0350
a1_3	a2_18	1.6295	0.0041	1.6073	0.0067	1	0.0065	2.8255	0.0047
a1_3	b1_14	2.5400	0.0080	2.5669	0.0101	1	-0.0010	-2.0810	0.0374
a1_3	b1_23	2.8373	0.0033	2.8849	0.0057	1	-0.0345	-7.2536	0.0000
a1_4	a1_21	1.2622	0.0019	1.2888	0.0102	1	-0.0057	-2.5494	0.0108
a1_4	a2_11	2.9040	0.0014	2.9529	0.0192	1	-0.0104	-2.5433	0.0110
a1_4	a2_18	2.0436	0.0092	2.0143	0.0039	1	0.0093	2.9253	0.0034
a1_4	a2_24	3.2975	0.0097	3.3376	0.0169	1	-0.0012	-2.0616	0.0392
a1_4	b1_17	2.5637	0.0065	2.5961	0.0119	1	-0.0053	-2.3866	0.0170
a1_4	b1_23	3.3156	0.0029	3.3636	0.0110	1	-0.0252	-4.2098	0.0000
a1_4	c2_4	2.0441	0.0099	2.0852	0.0085	1	-0.0151	-3.1660	0.0015
a1_5	a2_15	1.5815	0.0019	1.5012	0.0362	1	0.0078	2.2139	0.0268
a1_5	b1_12	2.5729	0.0022	2.5925	0.0069	1	-0.0051	-2.6944	0.0071
a1_5	b1_17	2.4879	0.0179	2.5396	0.0142	1	-0.0061	-2.2685	0.0233
a1_5	b1_2	1.2178	0.0018	1.2334	0.0068	1	-0.0015	-2.2201	0.0264
a1_5	b1_23	2.6238	0.0142	2.6799	0.0056	1	-0.0255	-3.6685	0.0002
a1_5	b2_18	2.5359	0.0070	2.4934	0.0116	1	0.0154	3.1399	0.0017
a1_5	c2_4	1.8091	0.0206	1.8786	0.0209	1	-0.0108	-2.3676	0.0179
a1_5	c2_5	2.3580	0.0121	2.4132	0.0173	1	-0.0130	-2.6149	0.0089
a1_6	a2_14	2.3829	0.0674	2.2304	0.0170	1	0.0135	2.1944	0.0282
a1_6	a2_15	1.4883	0.0400	1.3816	0.0091	1	0.0247	2.6019	0.0093
a1_6	b2_20	2.2225	0.0124	2.1834	0.0091	1	0.0084	2.5437	0.0110
a1_7	b1_20	3.1250	0.0054	3.0765	0.0134	1	0.0197	3.3623	0.0008
a1_7	b1_21	2.7044	0.0042	2.6526	0.0174	1	0.0160	2.8957	0.0038
a1_7	c2_3	1.7971	0.0070	1.8145	0.0046	1	-0.0007	-2.0813	0.0374
a1_9	b2_20	1.8892	0.0098	1.8483	0.0085	1	0.0151	3.1666	0.0015
a1_9	b2_8	2.6443	0.0104	2.6010	0.0124	1	0.0109	2.6772	0.0074
a2_0	a2_2	1.8282	0.0065	1.8677	0.0132	1	-0.0101	-2.6849	0.0073
a2_0	b1_20	4.6832	0.0315	4.6166	0.0090	1	0.0011	2.0322	0.0421
a2_1	a2_1	0.5042	0.0012	0.5005	0.0012	1	0.0003	2.1681	0.0302
a2_1	b2_15	2.6908	0.0241	2.6218	0.0153	1	0.0119	2.4183	0.0156
a2_1	b2_16	1.9721	0.0343	1.8860	0.0204	1	0.0064	2.1600	0.0308
a2_1	b2_17	1.4254	0.0227	1.3694	0.0143	1	0.0022	2.0806	0.0375
a2_1	b2_21	1.3738	0.0404	1.2770	0.0254	1	0.0013	2.0277	0.0426
a2_10	b1_0	2.0747	0.0184	2.1518	0.0301	1	-0.0065	-2.1836	0.0290
a2_10	b1_17	3.8875	0.0122	3.9440	0.0206	1	-0.0086	-2.3589	0.0183
a2_10	b1_29	3.3384	0.0354	3.4451	0.0386	1	-0.0019	-2.0372	0.0416
a2_10	c2_3	3.1672	0.0217	3.2288	0.0188	1	-0.0041	-2.1413	0.0322
a2_10	c2_4	3.4355	0.0163	3.5178	0.0040	1	-0.0486	-4.8866	0.0000
a2_11	a2_22	1.4144	0.0042	1.3859	0.0051	1	0.0152	4.3030	0.0000
a2_11	b1_0	3.0316	0.0218	3.1159	0.0234	1	-0.0203	-2.6356	0.0084
a2_11	b1_16	4.5656	0.0114	4.6002	0.0086	1	-0.0059	-2.4152	0.0157
a2_11	b1_28	3.5899	0.0186	3.6941	0.0468	1	-0.0035	-2.0702	0.0384
a2_11	b2_15	3.8633	0.0291	3.7558	0.0223	1	0.0341	2.9296	0.0034
a2_11	b2_16	3.1775	0.0313	3.0696	0.0213	1	0.0321	2.8462	0.0044
a2_11	b2_22	3.1805	0.0303	3.0684	0.0153	1	0.0441	3.2983	0.0010
a2_11	c2_2	3.9231	0.0134	3.9679	0.0018	1	-0.0178	-3.3137	0.0009
a2_11	c2_4	4.4391	0.0180	4.5126	0.0108	1	-0.0316	-3.5025	0.0005
a2_12	b2_15	4.0865	0.0534	3.9506	0.0317	1	0.0116	2.1863	0.0288
a2_12	b2_16	3.4531	0.0524	3.3252	0.0282	1	0.0088	2.1484	0.0317
a2_12	b2_22	3.3728	0.0549	3.2409	0.0108	1	0.0199	2.3557	0.0185
a2_12	c2_1	4.6844	0.0190	4.7443	0.0224	1	-0.0011	-2.0390	0.0414
a2_12	c2_4	4.9449	0.0295	5.0134	0.0048	1	-0.0088	-2.2929	0.0219
a2_13	b2_15	4.3406	0.0162	4.2259	0.0059	1	0.0802	6.6516	0.0000
a2_13	b2_16	3.6513	0.0378	3.5237	0.0019	1	0.0518	3.3681	0.0008
a2_13	b2_22	3.6688	0.0040	3.5364	0.0322	1	0.0675	4.0807	0.0000
a2_13	b2_23	4.2619	0.0523	4.0967	0.0583	1	0.0087	2.1112	0.0348
a2_13	b2_6	3.5638	0.0491	3.4087	0.0396	1	0.0289	2.4578	0.0140
a2_14	a2_17	2.7374	0.0396	2.6195	0.0168	1	0.0319	2.7421	0.0061
a2_14	a2_18	2.9347	0.0383	2.8065	0.0082	1	0.0499	3.2752	0.0011
a2_14	a2_19	1.9967	0.0237	1.8812	0.0132	1	0.0613	4.2633	0.0000
a2_14	a2_20	1.0674	0.0068	0.9941	0.0277	1	0.0163	2.5705	0.0102
a2_14	b1_10	3.5406	0.0554	3.3995	0.0112	1	0.0282	2.4991	0.0124
a2_14	b1_11	4.0584	0.0468	3.9184	0.0127	1	0.0431	2.8886	0.0039
a2_14	b1_12	4.2919	0.0676	4.1457	0.0170	1	0.0069	2.0985	0.0359
a2_14	b1_13	4.7388	0.0662	4.5917	0.0122	1	0.0123	2.1830	0.0290
a2_14	b1_15	4.4291	0.0425	4.2659	0.0096	1	0.0760	3.7440	0.0002
a2_14	b1_16	4.4592	0.0472	4.3385	0.0375	1	0.0001	2.0015	0.0453
a2_14	b1_2	3.1089	0.0594	2.9658	0.0194	1	0.0181	2.2893	0.0221
a2_14	b1_24	3.9145	0.0428	3.8159	0.0066	1	0.0120	2.2768	0.0228
a2_14	b1_27	3.2131	0.0479	3.0980	0.0239	1	0.0081	2.1519	0.0314
a2_14	b1_28	2.9422	0.0093	2.8863	0.0203	1	0.0112	2.5025	0.0123
a2_14	b1_4	3.8148	0.0474	3.6625	0.0306	1	0.0395	2.6999	0.0069
a2_14	b1_8	3.6421	0.0536	3.4986	0.0111	1	0.0340	2.6215	0.0088
a2_14	b1_9	3.4055	0.0486	3.2714	0.0307	1	0.0193	2.3351	0.0195
a2_14	b2_18	2.0641	0.0233	1.9602	0.0416	1	0.0084	2.1765	0.0295
a2_15	a2_15	0.4799	0.0045	0.4493	0.0099	1	0.0089	2.8151	0.0049
a2_15	b1_12	3.3710	0.0309	3.2889	0.0104	1	0.0168	2.5161	0.0119
a2_15	b1_13	3.8192	0.0348	3.7361	0.0135	1	0.0084	2.2237	0.0262
a2_15	b1_14	3.7070	0.0146	3.6465	0.0169	1	0.0157	2.7022	0.0069
a2_15	b1_2	2.2122	0.0211	2.1457	0.0134	1	0.0165	2.6605	0.0078
a2_15	b1_20	4.2023	0.0485	4.0863	0.0307	1	0.0011	2.0194	0.0434
a2_15	b1_3	2.4882	0.0362	2.3949	0.0065	1	0.0197	2.5352	0.0112
a2_15	b1_4	2.9808	0.0530	2.8728	0.0026	1	0.0018	2.0333	0.0420
a2_15	b1_7	3.0224	0.0376	2.9329	0.0061	1	0.0134	2.3526	0.0186
a2_15	b1_8	2.7320	0.0187	2.6630	0.0079	1	0.0284	3.3975	0.0007
a2_17	a2_28	2.4731	0.0126	2.4353	0.0108	1	0.0046	2.2749	0.0229
a2_17	b1_15	1.9305	0.0215	1.8687	0.0115	1	0.0129	2.5294	0.0114
a2_17	b1_20	3.1124	0.0100	3.0527	0.0110	1	0.0300	4.0143	0.0001
a2_17	b1_21	2.7856	0.0172	2.7350	0.0085	1	0.0123	2.6409	0.0083
a2_18	a2_28	2.3019	0.0207	2.2521	0.0084	1	0.0051	2.2295	0.0258
a2_18	b1_1	1.3383	0.0064	1.3224	0.0046	1	0.0001	2.0172	0.0437
a2_18	b1_10	0.8935	0.0100	0.8666	0.0066	1	0.0029	2.2369	0.0253
a2_18	b1_15	1.7137	0.0033	1.6595	0.0210	1	0.0117	2.5489	0.0108
a2_18	b1_16	1.9114	0.0110	1.8794	0.0082	1	0.0046	2.3322	0.0197
a2_18	b1_20	3.1673	0.0195	3.1098	0.0161	1	0.0069	2.2711	0.0231
a2_18	b1_9	1.0635	0.0039	1.0461	0.0045	1	0.0055	2.9224	0.0035
a2_19	b1_10	1.6699	0.0094	1.6483	0.0018	1	0.0025	2.2664	0.0234
a2_19	b1_15	2.5710	0.0026	2.5233	0.0153	1	0.0166	3.0656	0.0022
a2_19	b1_20	3.7110	0.0218	3.6547	0.0070	1	0.0105	2.4570	0.0140
a2_2	b1_0	4.0031	0.0306	4.0767	0.0200	1	-0.0005	-2.0141	0.0440
a2_20	a2_25	1.1374	0.0076	1.1212	0.0017	1	0.0008	2.0982	0.0359
a2_20	a2_28	1.8274	0.0023	1.7985	0.0142	1	0.0002	2.0142	0.0440
a2_20	b1_15	3.6069	0.0018	3.5623	0.0195	1	0.0054	2.2765	0.0228
a2_21	a2_26	2.4165	0.0297	2.3343	0.0199	1	0.0108	2.3010	0.0214
a2_21	a2_27	2.9245	0.0251	2.8381	0.0188	1	0.0237	2.7581	0.0058
a2_21	b1_10	3.7271	0.0049	3.6979	0.0103	1	0.0064	2.5583	0.0105
a2_21	b1_15	4.6191	0.0126	4.5684	0.0149	1	0.0116	2.5934	0.0095
a2_22	a2_27	3.3916	0.0230	3.3389	0.0018	1	0.0066	2.2853	0.0223
a2_22	b1_0	4.2417	0.0150	4.2969	0.0137	1	-0.0147	-2.7259	0.0064
a2_23	b1_0	4.2667	0.0052	4.3461	0.0162	1	-0.0453	-4.6582	0.0000
a2_23	b2_21	2.4842	0.0349	2.3987	0.0188	1	0.0064	2.1605	0.0307
a2_23	b2_23	2.9973	0.0818	2.8029	0.0158	1	0.0278	2.3335	0.0196
a2_23	b2_3	1.8896	0.0273	1.7724	0.0409	1	0.0189	2.3841	0.0171
a2_23	c2_2	4.7848	0.0064	4.8173	0.0121	1	-0.0051	-2.3739	0.0176
a2_23	c2_3	5.0928	0.0111	5.1379	0.0103	1	-0.0149	-2.9844	0.0028
a2_23	c2_4	5.5751	0.0095	5.6300	0.0165	1	-0.0169	-2.8854	0.0039
a2_24	b1_0	3.3292	0.0181	3.4117	0.0253	1	-0.0202	-2.6511	0.0080
a2_24	b1_1	3.5015	0.0094	3.5316	0.0116	1	-0.0003	-2.0235	0.0430
a2_24	b2_15	3.4171	0.0469	3.2830	0.0339	1	0.0185	2.3202	0.0203
a2_24	b2_16	2.7717	0.0440	2.6403	0.0332	1	0.0211	2.3831	0.0172
a2_24	b2_22	2.7137	0.0475	2.5822	0.0131	1	0.0330	2.6714	0.0076
a2_24	c2_4	4.7334	0.0156	4.7803	0.0166	1	-0.0014	-2.0613	0.0393
a2_25	b1_0	2.3347	0.0345	2.4218	0.0249	1	-0.0020	-2.0479	0.0406
a2_26	b1_0	1.3300	0.0312	1.4243	0.0306	1	-0.0070	-2.1608	0.0307
a2_27	b1_0	1.3133	0.0224	1.3850	0.0131	1	-0.0198	-2.7644	0.0057
a2_27	b1_15	3.2508	0.0136	3.1998	0.0059	1	0.0214	3.4441	0.0006
a2_28	b1_0	1.9788	0.0378	2.0613	0.0072	1	-0.0055	-2.1436	0.0321
a2_3	b1_0	4.5687	0.0056	4.6179	0.0054	1	-0.0337	-6.3389	0.0000
a2_30	b1_0	3.7551	0.0298	3.8508	0.0119	1	-0.0315	-2.9836	0.0028
a2_30	b2_15	2.8643	0.0448	2.7220	0.0390	1	0.0235	2.3952	0.0166
a2_30	b2_16	2.2731	0.0338	2.1341	0.0481	1	0.0213	2.3620	0.0182
a2_30	b2_21	1.8495	0.0537	1.7236	0.0094	1	0.0168	2.3082	0.0210
a2_30	b2_22	2.1383	0.0446	1.9952	0.0250	1	0.0408	2.7983	0.0051
a2_30	b2_6	1.9337	0.0600	1.7898	0.0386	1	0.0012	2.0163	0.0438
a2_31	a2_32	0.6533	0.0075	0.6790	0.0033	1	-0.0093	-3.1275	0.0018
a2_31	b2_13	2.7175	0.0743	2.4840	0.0474	1	0.0573	2.6497	0.0081
a2_31	b2_23	2.0276	0.0834	1.7066	0.0602	1	0.1153	3.1214	0.0018
a2_31	b2_24	2.3183	0.0605	2.0093	0.1306	1	0.0210	2.1459	0.0319
a2_31	b2_25	2.2602	0.0344	2.0089	0.0870	1	0.0641	2.6857	0.0072
a2_31	b2_3	0.9733	0.0222	0.7614	0.0213	1	0.1504	6.8863	0.0000
a2_31	b2_6	1.3338	0.0371	1.0595	0.0374	1	0.1689	5.2029	0.0000
a2_32	b2_13	2.7271	0.0637	2.5270	0.0410	1	0.0486	2.6413	0.0083
a2_32	b2_23	2.0253	0.1485	1.5967	0.1300	1	0.0337	2.1709	0.0299
a2_4	a2_27	3.7887	0.0161	3.7363	0.0082	1	0.0163	2.9020	0.0037
a2_4	b1_0	4.5302	0.0196	4.5829	0.0091	1	-0.0094	-2.4326	0.0150
a2_5	a2_27	3.0157	0.0167	2.9604	0.0201	1	0.0029	2.1113	0.0347
a2_5	b1_20	5.3660	0.0144	5.3181	0.0098	1	0.0130	2.7466	0.0060
a2_5	b2_10	2.1760	0.0084	2.1994	0.0060	1	-0.0027	-2.2651	0.0235
a2_6	a2_24	1.2717	0.0024	1.2906	0.0058	1	-0.0065	-3.0336	0.0024
a2_6	b1_20	4.7125	0.0245	4.6498	0.0148	1	0.0055	2.1926	0.0283
a2_7	a2_14	2.1441	0.0161	2.0550	0.0039	1	0.0560	5.3924	0.0000
a2_7	b1_15	2.7242	0.0106	2.6618	0.0221	1	0.0134	2.5449	0.0109
a2_7	b1_16	2.8598	0.0127	2.8335	0.0018	1	0.0007	2.0550	0.0399
a2_7	b1_20	4.0785	0.0268	4.0126	0.0021	1	0.0121	2.4502	0.0143
a2_8	a2_14	2.5088	0.0342	2.3998	0.0191	1	0.0306	2.7813	0.0054
a2_9	b1_17	2.9397	0.0116	2.9774	0.0106	1	-0.0063	-2.4034	0.0162
a2_9	c2_4	2.5639	0.0165	2.6200	0.0108	1	-0.0168	-2.8528	0.0043
b1_0	b2_0	4.5544	0.0266	4.6414	0.0131	1	-0.0277	-2.9356	0.0033
b1_0	b2_19	3.2815	0.0107	3.3451	0.0171	1	-0.0232	-3.1469	0.0017
b1_0	b2_20	3.7645	0.0066	3.8205	0.0252	1	-0.0039	-2.1503	0.0315
b1_0	b2_9	4.1550	0.0154	4.2127	0.0232	1	-0.0021	-2.0751	0.0380
b1_1	b1_13	2.7795	0.0069	2.7629	0.0038	1	0.0009	2.1131	0.0346
b1_1	b1_23	2.7386	0.0085	2.7683	0.0035	1	-0.0113	-3.2286	0.0012
b1_1	b1_4	2.9884	0.0118	2.9495	0.0149	1	0.0008	2.0430	0.0411
b1_11	b1_20	1.8584	0.0136	1.8193	0.0129	1	0.0014	2.0752	0.0380
b1_12	b1_16	1.7780	0.0073	1.7429	0.0091	1	0.0118	3.0126	0.0026
b1_13	b1_16	2.0601	0.0083	1.9938	0.0215	1	0.0203	2.8817	0.0040
b1_14	b1_16	1.2993	0.0061	1.2779	0.0042	1	0.0066	2.8979	0.0038
b1_14	b2_13	5.7087	0.0104	5.7935	0.0110	1	-0.0546	-5.6181	0.0000
b1_17	b2_14	5.8429	0.0308	5.9230	0.0182	1	-0.0086	-2.2390	0.0252
b1_19	c2_6	1.5952	0.0286	1.7237	0.0203	1	-0.0582	-3.6598	0.0003
b1_2	b1_20	2.2660	0.0100	2.2315	0.0097	1	0.0066	2.4776	0.0132
b1_20	b1_20	0.4531	0.0023	0.4463	0.0016	1	0.0012	2.4289	0.0151
b1_20	c2_3	1.6656	0.0097	1.6179	0.0209	1	0.0016	2.0708	0.0384
b1_22	b2_4	6.2069	0.0630	6.0189	0.0558	1	0.0196	2.2325	0.0256
b1_23	c2_3	1.1616	0.0044	1.2328	0.0256	1	-0.0192	-2.7369	0.0062
b1_24	b2_2	4.7901	0.0256	4.7204	0.0196	1	0.0051	2.1591	0.0308
b1_24	b2_20	3.1501	0.0112	3.0911	0.0193	1	0.0144	2.6446	0.0082
b1_24	b2_4	5.8639	0.0763	5.6432	0.0174	1	0.0641	2.8184	0.0048
b1_24	b2_5	6.2302	0.0611	6.0798	0.0257	1	0.0179	2.2702	0.0232
b1_24	b2_8	3.9171	0.0097	3.8514	0.0314	1	0.0000	2.0015	0.0453
b1_3	b1_15	1.8615	0.0072	1.8352	0.0104	1	0.0011	2.0853	0.0370
b1_3	b1_20	2.1713	0.0129	2.1331	0.0031	1	0.0116	2.8764	0.0040
b1_3	b1_21	1.7663	0.0090	1.7299	0.0026	1	0.0176	3.8793	0.0001
b1_3	b1_25	1.1348	0.0146	1.0816	0.0179	1	0.0069	2.3001	0.0214
b1_4	b1_11	2.1833	0.0112	2.1427	0.0089	1	0.0120	2.8370	0.0046
b1_4	b1_15	2.5484	0.0134	2.4596	0.0197	1	0.0412	3.7333	0.0002
b1_4	b1_16	2.9718	0.0156	2.9020	0.0265	1	0.0083	2.2689	0.0233
b1_4	b1_24	1.4328	0.0145	1.3950	0.0110	1	0.0014	2.0776	0.0377
b1_4	b2_4	4.9444	0.1032	4.6781	0.0599	1	0.0276	2.2313	0.0257
b1_5	b1_13	2.0515	0.0345	1.9288	0.0249	1	0.0375	2.8809	0.0040
b1_5	b1_14	2.6821	0.0500	2.5529	0.0360	1	0.0060	2.0982	0.0359
b1_5	b1_15	3.2616	0.0623	3.1057	0.0107	1	0.0295	2.4659	0.0137
b1_6	b1_15	2.7627	0.0281	2.6462	0.0283	1	0.0367	2.9196	0.0035
b1_6	b1_16	3.1753	0.0121	3.0764	0.0295	1	0.0352	3.1049	0.0019
b1_6	b1_7	1.0404	0.0156	1.0057	0.0059	1	0.0013	2.0756	0.0379
b1_7	b1_15	1.7995	0.0181	1.7338	0.0217	1	0.0092	2.3251	0.0201
b1_7	b1_16	2.1762	0.0099	2.1288	0.0198	1	0.0030	2.1363	0.0327
b1_8	b1_20	1.8793	0.0162	1.8347	0.0067	1	0.0095	2.5441	0.0110
b2_0	b2_28	0.7564	0.0037	0.7250	0.0083	1	0.0131	3.4391	0.0006
b2_1	b2_8	0.6570	0.0058	0.6419	0.0031	1	0.0019	2.2941	0.0218
b2_11	b2_11	0.4818	0.0025	0.4759	0.0013	1	0.0003	2.1073	0.0351
b2_11	b2_31	2.0366	0.0071	2.0599	0.0074	1	-0.0030	-2.2913	0.0219
b2_12	b2_23	1.4988	0.0083	1.5457	0.0161	1	-0.0107	-2.5884	0.0096
b2_14	b2_30	1.4663	0.0035	1.4799	0.0016	1	-0.0060	-3.5659	0.0004
b2_15	b2_21	1.5026	0.0132	1.5370	0.0061	1	-0.0054	-2.3753	0.0175
b2_17	b2_22	1.4483	0.0022	1.4671	0.0088	1	-0.0007	-2.0773	0.0378
b2_20	b2_20	0.4965	0.0017	0.4869	0.0037	1	0.0014	2.3560	0.0185
b2_22	b2_25	1.3182	0.0122	1.2860	0.0046	1	0.0062	2.4807	0.0131
b2_22	b2_30	1.6971	0.0055	1.6763	0.0079	1	0.0014	2.1466	0.0318
b2_25	b2_27	2.0169	0.0061	2.0386	0.0079	1	-0.0016	-2.1643	0.0304
b2_3	b2_21	1.4930	0.0101	1.4535	0.0160	1	0.0015	2.0815	0.0374
b2_3	b2_30	1.9545	0.0024	1.9328	0.0036	1	0.0130	5.0191	0.0000
b2_4	b2_17	2.3774	0.0162	2.2128	0.0586	1	0.0430	2.7069	0.0068
b2_4	b2_21	2.0840	0.0167	1.9255	0.0571	1	0.0395	2.6631	0.0077
b2_4	b2_7	1.5885	0.0129	1.5283	0.0248	1	0.0042	2.1500	0.0316
b2_6	b2_12	1.6901	0.0155	1.6566	0.0044	1	0.0013	2.0814	0.0374
b2_6	b2_19	3.2280	0.0188	3.1867	0.0084	1	0.0002	2.0076	0.0447
b2_6	b2_21	1.6399	0.0095	1.6099	0.0039	1	0.0094	2.9106	0.0036
b2_6	b2_22	0.8730	0.0124	0.8377	0.0084	1	0.0054	2.3599	0.0183
b2_6	b2_26	1.7083	0.0213	1.6626	0.0023	1	0.0029	2.1362	0.0327
b2_6	b2_29	2.9522	0.0106	2.9144	0.0061	1	0.0135	3.1058	0.0019
b2_6	b2_30	2.0878	0.0160	2.0504	0.0064	1	0.0028	2.1602	0.0308
b2_7	b2_29	2.1212	0.0065	2.0937	0.0102	1	0.0032	2.2663	0.0234
b2_7	b2_30	1.3225	0.0051	1.2963	0.0086	1	0.0062	2.6166	0.0089
b2_8	b2_30	1.1982	0.0021	1.1814	0.0076	1	0.0010	2.1240	0.0337
