rgn1	rgn2	WT.pcca2	WT.pcca2	bN82A.pcca2	bN82A.pcca2	aT41A.pcca1	aT41A.pcca1
		mf	sf	mf	sf	mf	sf
A110b	A117b	2.2149	0.0410	2.2114	0.0502	1.7865	0.0902
A110b	A117s	2.2149	0.0410	2.2114	0.0502	1.7865	0.0902
A110b	L113b	1.0101	0.0103	1.0192	0.0015	1.0173	0.0142
A110b	L113s	1.0101	0.0103	1.0192	0.0015	1.0173	0.0142
A110b	L114b	1.3512	0.0102	1.3762	0.0069	1.3723	0.0113
A110b	L114s	1.3512	0.0102	1.3762	0.0069	1.3723	0.0113
A110b	L118b	2.5105	0.0268	2.4465	0.1424	1.6548	0.0191
A110b	L118s	2.5105	0.0268	2.4465	0.1424	1.6548	0.0191
A110b	M115b	1.6291	0.0152	1.6483	0.0187	1.6429	0.0363
A110b	M115s	1.6291	0.0152	1.6483	0.0187	1.6429	0.0363
A110b	M120b	2.7933	0.0270	2.6876	0.1983	1.4399	0.2729
A110b	M120s	2.7933	0.0270	2.6876	0.1983	1.4399	0.2729
A110b	P112b	0.7056	0.0100	0.7135	0.0096	0.6980	0.0169
A110b	P112s	0.7056	0.0100	0.7135	0.0096	0.6980	0.0169
A110b	P119b	2.6946	0.0682	2.5398	0.2621	1.3794	0.1333
A110b	P119s	2.6946	0.0682	2.5398	0.2621	1.3794	0.1333
A110b	Q116b	1.9668	0.0173	1.9792	0.0220	1.9170	0.0566
A110b	Q116s	1.9668	0.0173	1.9792	0.0220	1.9170	0.0566
A110b	T111b	0.3851	0.0039	0.3900	0.0032	0.3864	0.0051
A110b	T111s	0.3851	0.0039	0.3900	0.0032	0.3864	0.0051
A110s	A117b	2.2149	0.0410	2.2114	0.0502	1.7865	0.0902
A110s	A117s	2.2149	0.0410	2.2114	0.0502	1.7865	0.0902
A110s	L113b	1.0101	0.0103	1.0192	0.0015	1.0173	0.0142
A110s	L113s	1.0101	0.0103	1.0192	0.0015	1.0173	0.0142
A110s	L114b	1.3512	0.0102	1.3762	0.0069	1.3723	0.0113
A110s	L114s	1.3512	0.0102	1.3762	0.0069	1.3723	0.0113
A110s	L118b	2.5105	0.0268	2.4465	0.1424	1.6548	0.0191
A110s	L118s	2.5105	0.0268	2.4465	0.1424	1.6548	0.0191
A110s	M115b	1.6291	0.0152	1.6483	0.0187	1.6429	0.0363
A110s	M115s	1.6291	0.0152	1.6483	0.0187	1.6429	0.0363
A110s	M120b	2.7933	0.0270	2.6876	0.1983	1.4399	0.2729
A110s	M120s	2.7933	0.0270	2.6876	0.1983	1.4399	0.2729
A110s	P112b	0.7056	0.0100	0.7135	0.0096	0.6980	0.0169
A110s	P112s	0.7056	0.0100	0.7135	0.0096	0.6980	0.0169
A110s	P119b	2.6946	0.0682	2.5398	0.2621	1.3794	0.1333
A110s	P119s	2.6946	0.0682	2.5398	0.2621	1.3794	0.1333
A110s	Q116b	1.9668	0.0173	1.9792	0.0220	1.9170	0.0566
A110s	Q116s	1.9668	0.0173	1.9792	0.0220	1.9170	0.0566
A110s	T111b	0.3851	0.0039	0.3900	0.0032	0.3864	0.0051
A110s	T111s	0.3851	0.0039	0.3900	0.0032	0.3864	0.0051
A117b	L118b	0.3880	0.0030	0.3850	0.0030	0.3853	0.0022
A117b	L118s	0.3880	0.0030	0.3850	0.0030	0.3853	0.0022
A117b	M120b	0.9074	0.0098	0.9334	0.0323	0.9069	0.0516
A117b	M120s	0.9074	0.0098	0.9334	0.0323	0.9069	0.0516
A117b	P119b	0.6679	0.0222	0.6691	0.0197	0.6668	0.0151
A117b	P119s	0.6679	0.0222	0.6691	0.0197	0.6668	0.0151
A117s	L118b	0.3880	0.0030	0.3850	0.0030	0.3853	0.0022
A117s	L118s	0.3880	0.0030	0.3850	0.0030	0.3853	0.0022
A117s	M120b	0.9074	0.0098	0.9334	0.0323	0.9069	0.0516
A117s	M120s	0.9074	0.0098	0.9334	0.0323	0.9069	0.0516
A117s	P119b	0.6679	0.0222	0.6691	0.0197	0.6668	0.0151
A117s	P119s	0.6679	0.0222	0.6691	0.0197	0.6668	0.0151
K102b	A110b	2.4129	0.0966	2.4277	0.1288	2.3932	0.0694
K102b	A110s	2.4129	0.0966	2.4277	0.1288	2.3932	0.0694
K102b	A117b	4.4439	0.0767	4.4302	0.1397	3.9302	0.0950
K102b	A117s	4.4439	0.0767	4.4302	0.1397	3.9302	0.0950
K102b	K106b	1.1377	0.0861	1.1533	0.0527	1.0931	0.0850
K102b	K106s	1.1377	0.0861	1.1533	0.0527	1.0931	0.0850
K102b	L113b	3.3340	0.0896	3.3312	0.1282	3.2502	0.0579
K102b	L113s	3.3340	0.0896	3.3312	0.1282	3.2502	0.0579
K102b	L114b	3.5939	0.0793	3.6077	0.1163	3.5187	0.0264
K102b	L114s	3.5939	0.0793	3.6077	0.1163	3.5187	0.0264
K102b	L118b	4.7684	0.1134	4.7023	0.2009	3.7667	0.0452
K102b	L118s	4.7684	0.1134	4.7023	0.2009	3.7667	0.0452
K102b	M109b	2.0379	0.0925	2.0589	0.1105	2.0216	0.0668
K102b	M109s	2.0379	0.0925	2.0589	0.1105	2.0216	0.0668
K102b	M115b	3.9221	0.0738	3.9347	0.1263	3.8595	0.0365
K102b	M115s	3.9221	0.0738	3.9347	0.1263	3.8595	0.0365
K102b	M120b	4.9999	0.0663	4.8044	0.1846	3.3308	0.1328
K102b	M120s	4.9999	0.0663	4.8044	0.1846	3.3308	0.1328
K102b	P103b	0.3853	0.0027	0.3895	0.0022	0.3887	0.0025
K102b	P103s	0.3853	0.0027	0.3895	0.0022	0.3887	0.0025
K102b	P112b	2.9995	0.0891	2.9957	0.1103	2.9208	0.0648
K102b	P112s	2.9995	0.0891	2.9957	0.1103	2.9208	0.0648
K102b	P119b	4.9435	0.1516	4.7511	0.2637	3.4539	0.0198
K102b	P119s	4.9435	0.1516	4.7511	0.2637	3.4539	0.0198
K102b	Q116b	4.2666	0.0881	4.2684	0.1239	4.1423	0.0631
K102b	Q116s	4.2666	0.0881	4.2684	0.1239	4.1423	0.0631
K102b	R108b	1.7465	0.1061	1.7498	0.1296	1.7114	0.0821
K102b	R108s	1.7465	0.1061	1.7498	0.1296	1.7114	0.0821
K102b	S105b	0.9170	0.0818	0.9101	0.0582	0.9121	0.0733
K102b	S105s	0.9170	0.0818	0.9101	0.0582	0.9121	0.0733
K102b	T111b	2.6457	0.0987	2.6636	0.1119	2.5941	0.0690
K102b	T111s	2.6457	0.0987	2.6636	0.1119	2.5941	0.0690
K102b	V104b	0.6576	0.0223	0.6521	0.0121	0.6576	0.0262
K102b	V104s	0.6576	0.0223	0.6521	0.0121	0.6576	0.0262
K102b	W107b	1.3872	0.1035	1.3992	0.1055	1.3732	0.0744
K102b	W107s	1.3872	0.1035	1.3992	0.1055	1.3732	0.0744
K102s	A110b	2.4129	0.0966	2.4277	0.1288	2.3932	0.0694
K102s	A110s	2.4129	0.0966	2.4277	0.1288	2.3932	0.0694
K102s	A117b	4.4439	0.0767	4.4302	0.1397	3.9302	0.0950
K102s	A117s	4.4439	0.0767	4.4302	0.1397	3.9302	0.0950
K102s	K106b	1.1377	0.0861	1.1533	0.0527	1.0931	0.0850
K102s	K106s	1.1377	0.0861	1.1533	0.0527	1.0931	0.0850
K102s	L113b	3.3340	0.0896	3.3312	0.1282	3.2502	0.0579
K102s	L113s	3.3340	0.0896	3.3312	0.1282	3.2502	0.0579
K102s	L114b	3.5939	0.0793	3.6077	0.1163	3.5187	0.0264
K102s	L114s	3.5939	0.0793	3.6077	0.1163	3.5187	0.0264
K102s	L118b	4.7684	0.1134	4.7023	0.2009	3.7667	0.0452
K102s	L118s	4.7684	0.1134	4.7023	0.2009	3.7667	0.0452
K102s	M109b	2.0379	0.0925	2.0589	0.1105	2.0216	0.0668
K102s	M109s	2.0379	0.0925	2.0589	0.1105	2.0216	0.0668
K102s	M115b	3.9221	0.0738	3.9347	0.1263	3.8595	0.0365
K102s	M115s	3.9221	0.0738	3.9347	0.1263	3.8595	0.0365
K102s	M120b	4.9999	0.0663	4.8044	0.1846	3.3308	0.1328
K102s	M120s	4.9999	0.0663	4.8044	0.1846	3.3308	0.1328
K102s	P103b	0.3853	0.0027	0.3895	0.0022	0.3887	0.0025
K102s	P103s	0.3853	0.0027	0.3895	0.0022	0.3887	0.0025
K102s	P112b	2.9995	0.0891	2.9957	0.1103	2.9208	0.0648
K102s	P112s	2.9995	0.0891	2.9957	0.1103	2.9208	0.0648
K102s	P119b	4.9435	0.1516	4.7511	0.2637	3.4539	0.0198
K102s	P119s	4.9435	0.1516	4.7511	0.2637	3.4539	0.0198
K102s	Q116b	4.2666	0.0881	4.2684	0.1239	4.1423	0.0631
K102s	Q116s	4.2666	0.0881	4.2684	0.1239	4.1423	0.0631
K102s	R108b	1.7465	0.1061	1.7498	0.1296	1.7114	0.0821
K102s	R108s	1.7465	0.1061	1.7498	0.1296	1.7114	0.0821
K102s	S105b	0.9170	0.0818	0.9101	0.0582	0.9121	0.0733
K102s	S105s	0.9170	0.0818	0.9101	0.0582	0.9121	0.0733
K102s	T111b	2.6457	0.0987	2.6636	0.1119	2.5941	0.0690
K102s	T111s	2.6457	0.0987	2.6636	0.1119	2.5941	0.0690
K102s	V104b	0.6576	0.0223	0.6521	0.0121	0.6576	0.0262
K102s	V104s	0.6576	0.0223	0.6521	0.0121	0.6576	0.0262
K102s	W107b	1.3872	0.1035	1.3992	0.1055	1.3732	0.0744
K102s	W107s	1.3872	0.1035	1.3992	0.1055	1.3732	0.0744
K106b	A110b	1.3551	0.0345	1.3875	0.0216	1.3787	0.0083
K106b	A110s	1.3551	0.0345	1.3875	0.0216	1.3787	0.0083
K106b	A117b	3.4731	0.0293	3.4443	0.0672	2.9963	0.0833
K106b	A117s	3.4731	0.0293	3.4443	0.0672	2.9963	0.0833
K106b	L113b	2.3012	0.0507	2.3034	0.0397	2.2934	0.0376
K106b	L113s	2.3012	0.0507	2.3034	0.0397	2.2934	0.0376
K106b	L114b	2.6009	0.0461	2.6071	0.0361	2.6039	0.0300
K106b	L114s	2.6009	0.0461	2.6071	0.0361	2.6039	0.0300
K106b	L118b	3.7856	0.0630	3.6969	0.1492	2.8140	0.0683
K106b	L118s	3.7856	0.0630	3.6969	0.1492	2.8140	0.0683
K106b	M109b	0.9995	0.0295	1.0302	0.0196	1.0226	0.0055
K106b	M109s	0.9995	0.0295	1.0302	0.0196	1.0226	0.0055
K106b	M115b	2.9261	0.0371	2.9399	0.0449	2.9344	0.0426
K106b	M115s	2.9261	0.0371	2.9399	0.0449	2.9344	0.0426
K106b	M120b	4.0749	0.0660	3.9514	0.2782	2.4144	0.1683
K106b	M120s	4.0749	0.0660	3.9514	0.2782	2.4144	0.1683
K106b	P112b	1.9936	0.0519	1.9886	0.0265	1.9752	0.0226
K106b	P112s	1.9936	0.0519	1.9886	0.0265	1.9752	0.0226
K106b	P119b	3.9698	0.1183	3.8036	0.2986	2.5060	0.0268
K106b	P119s	3.9698	0.1183	3.8036	0.2986	2.5060	0.0268
K106b	Q116b	3.2568	0.0461	3.2620	0.0353	3.2007	0.0689
K106b	Q116s	3.2568	0.0461	3.2620	0.0353	3.2007	0.0689
K106b	R108b	0.6555	0.0253	0.6829	0.0241	0.6646	0.0078
K106b	R108s	0.6555	0.0253	0.6829	0.0241	0.6646	0.0078
K106b	T111b	1.6181	0.0534	1.6251	0.0277	1.6150	0.0159
K106b	T111s	1.6181	0.0534	1.6251	0.0277	1.6150	0.0159
K106b	W107b	0.3832	0.0026	0.3850	0.0032	0.3836	0.0047
K106b	W107s	0.3832	0.0026	0.3850	0.0032	0.3836	0.0047
K106s	A110b	1.3551	0.0345	1.3875	0.0216	1.3787	0.0083
K106s	A110s	1.3551	0.0345	1.3875	0.0216	1.3787	0.0083
K106s	A117b	3.4731	0.0293	3.4443	0.0672	2.9963	0.0833
K106s	A117s	3.4731	0.0293	3.4443	0.0672	2.9963	0.0833
K106s	L113b	2.3012	0.0507	2.3034	0.0397	2.2934	0.0376
K106s	L113s	2.3012	0.0507	2.3034	0.0397	2.2934	0.0376
K106s	L114b	2.6009	0.0461	2.6071	0.0361	2.6039	0.0300
K106s	L114s	2.6009	0.0461	2.6071	0.0361	2.6039	0.0300
K106s	L118b	3.7856	0.0630	3.6969	0.1492	2.8140	0.0683
K106s	L118s	3.7856	0.0630	3.6969	0.1492	2.8140	0.0683
K106s	M109b	0.9995	0.0295	1.0302	0.0196	1.0226	0.0055
K106s	M109s	0.9995	0.0295	1.0302	0.0196	1.0226	0.0055
K106s	M115b	2.9261	0.0371	2.9399	0.0449	2.9344	0.0426
K106s	M115s	2.9261	0.0371	2.9399	0.0449	2.9344	0.0426
K106s	M120b	4.0749	0.0660	3.9514	0.2782	2.4144	0.1683
K106s	M120s	4.0749	0.0660	3.9514	0.2782	2.4144	0.1683
K106s	P112b	1.9936	0.0519	1.9886	0.0265	1.9752	0.0226
K106s	P112s	1.9936	0.0519	1.9886	0.0265	1.9752	0.0226
K106s	P119b	3.9698	0.1183	3.8036	0.2986	2.5060	0.0268
K106s	P119s	3.9698	0.1183	3.8036	0.2986	2.5060	0.0268
K106s	Q116b	3.2568	0.0461	3.2620	0.0353	3.2007	0.0689
K106s	Q116s	3.2568	0.0461	3.2620	0.0353	3.2007	0.0689
K106s	R108b	0.6555	0.0253	0.6829	0.0241	0.6646	0.0078
K106s	R108s	0.6555	0.0253	0.6829	0.0241	0.6646	0.0078
K106s	T111b	1.6181	0.0534	1.6251	0.0277	1.6150	0.0159
K106s	T111s	1.6181	0.0534	1.6251	0.0277	1.6150	0.0159
K106s	W107b	0.3832	0.0026	0.3850	0.0032	0.3836	0.0047
K106s	W107s	0.3832	0.0026	0.3850	0.0032	0.3836	0.0047
L113b	A117b	1.2244	0.0425	1.2078	0.0492	0.8043	0.0676
L113b	A117s	1.2244	0.0425	1.2078	0.0492	0.8043	0.0676
L113b	L114b	0.3848	0.0054	0.3866	0.0050	0.3833	0.0036
L113b	L114s	0.3848	0.0054	0.3866	0.0050	0.3833	0.0036
L113b	L118b	1.5130	0.0362	1.4549	0.1114	0.7981	0.0404
L113b	L118s	1.5130	0.0362	1.4549	0.1114	0.7981	0.0404
L113b	M115b	0.6560	0.0126	0.6630	0.0161	0.6656	0.0126
L113b	M115s	0.6560	0.0126	0.6630	0.0161	0.6656	0.0126
L113b	M120b	1.8476	0.0386	1.7716	0.1382	0.9209	0.1530
L113b	M120s	1.8476	0.0386	1.7716	0.1382	0.9209	0.1530
L113b	P119b	1.7171	0.0829	1.5874	0.2117	0.6816	0.0684
L113b	P119s	1.7171	0.0829	1.5874	0.2117	0.6816	0.0684
L113b	Q116b	0.9691	0.0164	0.9740	0.0177	0.9214	0.0278
L113b	Q116s	0.9691	0.0164	0.9740	0.0177	0.9214	0.0278
L113s	A117b	1.2244	0.0425	1.2078	0.0492	0.8043	0.0676
L113s	A117s	1.2244	0.0425	1.2078	0.0492	0.8043	0.0676
L113s	L114b	0.3848	0.0054	0.3866	0.0050	0.3833	0.0036
L113s	L114s	0.3848	0.0054	0.3866	0.0050	0.3833	0.0036
L113s	L118b	1.5130	0.0362	1.4549	0.1114	0.7981	0.0404
L113s	L118s	1.5130	0.0362	1.4549	0.1114	0.7981	0.0404
L113s	M115b	0.6560	0.0126	0.6630	0.0161	0.6656	0.0126
L113s	M115s	0.6560	0.0126	0.6630	0.0161	0.6656	0.0126
L113s	M120b	1.8476	0.0386	1.7716	0.1382	0.9209	0.1530
L113s	M120s	1.8476	0.0386	1.7716	0.1382	0.9209	0.1530
L113s	P119b	1.7171	0.0829	1.5874	0.2117	0.6816	0.0684
L113s	P119s	1.7171	0.0829	1.5874	0.2117	0.6816	0.0684
L113s	Q116b	0.9691	0.0164	0.9740	0.0177	0.9214	0.0278
L113s	Q116s	0.9691	0.0164	0.9740	0.0177	0.9214	0.0278
L114b	A117b	0.8793	0.0444	0.8581	0.0386	0.5720	0.0276
L114b	A117s	0.8793	0.0444	0.8581	0.0386	0.5720	0.0276
L114b	L118b	1.1938	0.0462	1.1469	0.0739	0.7217	0.1043
L114b	L118s	1.1938	0.0462	1.1469	0.0739	0.7217	0.1043
L114b	M115b	0.3843	0.0029	0.3851	0.0012	0.3881	0.0023
L114b	M115s	0.3843	0.0029	0.3851	0.0012	0.3881	0.0023
L114b	M120b	1.5704	0.0474	1.5227	0.1306	0.9970	0.0862
L114b	M120s	1.5704	0.0474	1.5227	0.1306	0.9970	0.0862
L114b	P119b	1.4103	0.0940	1.3123	0.1732	0.7336	0.1259
L114b	P119s	1.4103	0.0940	1.3123	0.1732	0.7336	0.1259
L114b	Q116b	0.6876	0.0086	0.6786	0.0221	0.6575	0.0029
L114b	Q116s	0.6876	0.0086	0.6786	0.0221	0.6575	0.0029
L114s	A117b	0.8793	0.0444	0.8581	0.0386	0.5720	0.0276
L114s	A117s	0.8793	0.0444	0.8581	0.0386	0.5720	0.0276
L114s	L118b	1.1938	0.0462	1.1469	0.0739	0.7217	0.1043
L114s	L118s	1.1938	0.0462	1.1469	0.0739	0.7217	0.1043
L114s	M115b	0.3843	0.0029	0.3851	0.0012	0.3881	0.0023
L114s	M115s	0.3843	0.0029	0.3851	0.0012	0.3881	0.0023
L114s	M120b	1.5704	0.0474	1.5227	0.1306	0.9970	0.0862
L114s	M120s	1.5704	0.0474	1.5227	0.1306	0.9970	0.0862
L114s	P119b	1.4103	0.0940	1.3123	0.1732	0.7336	0.1259
L114s	P119s	1.4103	0.0940	1.3123	0.1732	0.7336	0.1259
L114s	Q116b	0.6876	0.0086	0.6786	0.0221	0.6575	0.0029
L114s	Q116s	0.6876	0.0086	0.6786	0.0221	0.6575	0.0029
L118b	M120b	0.6327	0.0342	0.6474	0.0122	0.6196	0.0416
L118b	M120s	0.6327	0.0342	0.6474	0.0122	0.6196	0.0416
L118b	P119b	0.3888	0.0001	0.3860	0.0017	0.3890	0.0034
L118b	P119s	0.3888	0.0001	0.3860	0.0017	0.3890	0.0034
L118s	M120b	0.6327	0.0342	0.6474	0.0122	0.6196	0.0416
L118s	M120s	0.6327	0.0342	0.6474	0.0122	0.6196	0.0416
L118s	P119b	0.3888	0.0001	0.3860	0.0017	0.3890	0.0034
L118s	P119s	0.3888	0.0001	0.3860	0.0017	0.3890	0.0034
M109b	A110b	0.3811	0.0030	0.3812	0.0058	0.3793	0.0038
M109b	A110s	0.3811	0.0030	0.3812	0.0058	0.3793	0.0038
M109b	A117b	2.5295	0.0342	2.5103	0.0572	2.0931	0.0753
M109b	A117s	2.5295	0.0342	2.5103	0.0572	2.0931	0.0753
M109b	L113b	1.3467	0.0112	1.3368	0.0146	1.3313	0.0146
M109b	L113s	1.3467	0.0112	1.3368	0.0146	1.3313	0.0146
M109b	L114b	1.6600	0.0073	1.6663	0.0167	1.6615	0.0058
M109b	L114s	1.6600	0.0073	1.6663	0.0167	1.6615	0.0058
M109b	L118b	2.8378	0.0365	2.7611	0.1483	1.9567	0.0267
M109b	L118s	2.8378	0.0365	2.7611	0.1483	1.9567	0.0267
M109b	M115b	1.9584	0.0034	1.9636	0.0275	1.9595	0.0316
M109b	M115s	1.9584	0.0034	1.9636	0.0275	1.9595	0.0316
M109b	M120b	3.1240	0.0221	3.0122	0.2351	1.6773	0.2048
M109b	M120s	3.1240	0.0221	3.0122	0.2351	1.6773	0.2048
M109b	P112b	1.0173	0.0175	1.0024	0.0132	0.9893	0.0154
M109b	P112s	1.0173	0.0175	1.0024	0.0132	0.9893	0.0154
M109b	P119b	3.0213	0.0790	2.8583	0.2805	1.6669	0.0618
M109b	P119s	3.0213	0.0790	2.8583	0.2805	1.6669	0.0618
M109b	Q116b	2.3023	0.0026	2.3014	0.0312	2.2450	0.0510
M109b	Q116s	2.3023	0.0026	2.3014	0.0312	2.2450	0.0510
M109b	T111b	0.6626	0.0202	0.6569	0.0085	0.6522	0.0020
M109b	T111s	0.6626	0.0202	0.6569	0.0085	0.6522	0.0020
M109s	A110b	0.3811	0.0030	0.3812	0.0058	0.3793	0.0038
M109s	A110s	0.3811	0.0030	0.3812	0.0058	0.3793	0.0038
M109s	A117b	2.5295	0.0342	2.5103	0.0572	2.0931	0.0753
M109s	A117s	2.5295	0.0342	2.5103	0.0572	2.0931	0.0753
M109s	L113b	1.3467	0.0112	1.3368	0.0146	1.3313	0.0146
M109s	L113s	1.3467	0.0112	1.3368	0.0146	1.3313	0.0146
M109s	L114b	1.6600	0.0073	1.6663	0.0167	1.6615	0.0058
M109s	L114s	1.6600	0.0073	1.6663	0.0167	1.6615	0.0058
M109s	L118b	2.8378	0.0365	2.7611	0.1483	1.9567	0.0267
M109s	L118s	2.8378	0.0365	2.7611	0.1483	1.9567	0.0267
M109s	M115b	1.9584	0.0034	1.9636	0.0275	1.9595	0.0316
M109s	M115s	1.9584	0.0034	1.9636	0.0275	1.9595	0.0316
M109s	M120b	3.1240	0.0221	3.0122	0.2351	1.6773	0.2048
M109s	M120s	3.1240	0.0221	3.0122	0.2351	1.6773	0.2048
M109s	P112b	1.0173	0.0175	1.0024	0.0132	0.9893	0.0154
M109s	P112s	1.0173	0.0175	1.0024	0.0132	0.9893	0.0154
M109s	P119b	3.0213	0.0790	2.8583	0.2805	1.6669	0.0618
M109s	P119s	3.0213	0.0790	2.8583	0.2805	1.6669	0.0618
M109s	Q116b	2.3023	0.0026	2.3014	0.0312	2.2450	0.0510
M109s	Q116s	2.3023	0.0026	2.3014	0.0312	2.2450	0.0510
M109s	T111b	0.6626	0.0202	0.6569	0.0085	0.6522	0.0020
M109s	T111s	0.6626	0.0202	0.6569	0.0085	0.6522	0.0020
M115b	A117b	0.6233	0.0211	0.6313	0.0283	0.5549	0.0124
M115b	A117s	0.6233	0.0211	0.6313	0.0283	0.5549	0.0124
M115b	L118b	0.9060	0.0389	0.9111	0.0065	0.8209	0.0373
M115b	L118s	0.9060	0.0389	0.9111	0.0065	0.8209	0.0373
M115b	M120b	1.2574	0.0696	1.2746	0.0476	1.2371	0.0467
M115b	M120s	1.2574	0.0696	1.2746	0.0476	1.2371	0.0467
M115b	P119b	1.1118	0.0854	1.0671	0.0465	0.9315	0.0293
M115b	P119s	1.1118	0.0854	1.0671	0.0465	0.9315	0.0293
M115b	Q116b	0.3826	0.0015	0.3852	0.0039	0.3880	0.0019
M115b	Q116s	0.3826	0.0015	0.3852	0.0039	0.3880	0.0019
M115s	A117b	0.6233	0.0211	0.6313	0.0283	0.5549	0.0124
M115s	A117s	0.6233	0.0211	0.6313	0.0283	0.5549	0.0124
M115s	L118b	0.9060	0.0389	0.9111	0.0065	0.8209	0.0373
M115s	L118s	0.9060	0.0389	0.9111	0.0065	0.8209	0.0373
M115s	M120b	1.2574	0.0696	1.2746	0.0476	1.2371	0.0467
M115s	M120s	1.2574	0.0696	1.2746	0.0476	1.2371	0.0467
M115s	P119b	1.1118	0.0854	1.0671	0.0465	0.9315	0.0293
M115s	P119s	1.1118	0.0854	1.0671	0.0465	0.9315	0.0293
M115s	Q116b	0.3826	0.0015	0.3852	0.0039	0.3880	0.0019
M115s	Q116s	0.3826	0.0015	0.3852	0.0039	0.3880	0.0019
MHCII	A110b	2.9433	0.0093	2.9322	0.0171	2.9325	0.0186
MHCII	A110s	2.9433	0.0093	2.9322	0.0171	2.9325	0.0186
MHCII	A117b	3.7629	0.0358	3.7599	0.0290	3.6767	0.0229
MHCII	A117s	3.7629	0.0358	3.7599	0.0290	3.6767	0.0229
MHCII	K102b	3.4806	0.0076	3.5153	0.0704	3.5352	0.0998
MHCII	K102s	3.4806	0.0076	3.5153	0.0704	3.5352	0.0998
MHCII	K106b	3.1977	0.0233	3.2338	0.0125	3.2038	0.0233
MHCII	K106s	3.1977	0.0233	3.2338	0.0125	3.2038	0.0233
MHCII	L113b	3.2540	0.0087	3.2339	0.0150	3.2422	0.0106
MHCII	L113s	3.2540	0.0087	3.2339	0.0150	3.2422	0.0106
MHCII	L114b	3.3689	0.0086	3.3606	0.0117	3.3622	0.0088
MHCII	L114s	3.3689	0.0086	3.3606	0.0117	3.3622	0.0088
MHCII	L118b	3.9342	0.0336	3.9155	0.0206	3.6974	0.0301
MHCII	L118s	3.9342	0.0336	3.9155	0.0206	3.6974	0.0301
MHCII	M109b	2.9069	0.0047	2.9049	0.0228	2.9003	0.0183
MHCII	M109s	2.9069	0.0047	2.9049	0.0228	2.9003	0.0183
MHCII	M115b	3.4262	0.0205	3.4170	0.0198	3.4279	0.0109
MHCII	M115s	3.4262	0.0205	3.4170	0.0198	3.4279	0.0109
MHCII	M120b	4.0507	0.0715	4.0599	0.0474	3.6931	0.0678
MHCII	M120s	4.0507	0.0715	4.0599	0.0474	3.6931	0.0678
MHCII	MHCII	3.0728	0.0024	3.0842	0.0130	3.0791	0.0123
MHCII	P103b	3.3600	0.0363	3.4149	0.0817	3.4066	0.0615
MHCII	P103s	3.3600	0.0363	3.4149	0.0817	3.4066	0.0615
MHCII	P112b	3.0475	0.0109	3.0404	0.0242	3.0444	0.0098
MHCII	P112s	3.0475	0.0109	3.0404	0.0242	3.0444	0.0098
MHCII	P119b	4.0126	0.0524	3.9556	0.0620	3.5779	0.0322
MHCII	P119s	4.0126	0.0524	3.9556	0.0620	3.5779	0.0322
MHCII	Q116b	3.6519	0.0240	3.6435	0.0185	3.6502	0.0094
MHCII	Q116s	3.6519	0.0240	3.6435	0.0185	3.6502	0.0094
MHCII	R108b	3.0010	0.0003	3.0167	0.0208	3.0037	0.0074
MHCII	R108s	3.0010	0.0003	3.0167	0.0208	3.0037	0.0074
MHCII	S105b	3.2930	0.0126	3.3423	0.0056	3.3046	0.0417
MHCII	S105s	3.2930	0.0126	3.3423	0.0056	3.3046	0.0417
MHCII	T111b	3.0383	0.0042	3.0404	0.0266	3.0498	0.0259
MHCII	T111s	3.0383	0.0042	3.0404	0.0266	3.0498	0.0259
MHCII	V104b	3.4719	0.0163	3.4874	0.0257	3.5069	0.0325
MHCII	V104s	3.4719	0.0163	3.4874	0.0257	3.5069	0.0325
MHCII	W107b	2.9662	0.0059	3.0051	0.0196	2.9744	0.0120
MHCII	W107s	2.9662	0.0059	3.0051	0.0196	2.9744	0.0120
P103b	A110b	2.0859	0.0625	2.1562	0.0434	2.0608	0.0541
P103b	A110s	2.0859	0.0625	2.1562	0.0434	2.0608	0.0541
P103b	A117b	4.1453	0.0667	4.1942	0.0902	3.6285	0.0930
P103b	A117s	4.1453	0.0667	4.1942	0.0902	3.6285	0.0930
P103b	K106b	0.7957	0.0417	0.8502	0.0548	0.7444	0.0461
P103b	K106s	0.7957	0.0417	0.8502	0.0548	0.7444	0.0461
P103b	L113b	3.0161	0.0743	3.0780	0.0449	2.9377	0.0540
P103b	L113s	3.0161	0.0743	3.0780	0.0449	2.9377	0.0540
P103b	L114b	3.2870	0.0714	3.3655	0.0597	3.2195	0.0289
P103b	L114s	3.2870	0.0714	3.3655	0.0597	3.2195	0.0289
P103b	L118b	4.4658	0.1043	4.4611	0.2038	3.4604	0.0295
P103b	L118s	4.4658	0.1043	4.4611	0.2038	3.4604	0.0295
P103b	M109b	1.7132	0.0568	1.7876	0.0397	1.6902	0.0491
P103b	M109s	1.7132	0.0568	1.7876	0.0397	1.6902	0.0491
P103b	M115b	3.6130	0.0634	3.6920	0.0571	3.5592	0.0397
P103b	M115s	3.6130	0.0634	3.6920	0.0571	3.5592	0.0397
P103b	M120b	4.7411	0.1101	4.6633	0.3318	3.0342	0.1455
P103b	M120s	4.7411	0.1101	4.6633	0.3318	3.0342	0.1455
P103b	P112b	2.6865	0.0718	2.7430	0.0502	2.6091	0.0610
P103b	P112s	2.6865	0.0718	2.7430	0.0502	2.6091	0.0610
P103b	P119b	4.6412	0.1506	4.5658	0.3662	3.1489	0.0049
P103b	P119s	4.6412	0.1506	4.5658	0.3662	3.1489	0.0049
P103b	Q116b	3.9533	0.0808	4.0247	0.0732	3.8388	0.0607
P103b	Q116s	3.9533	0.0808	4.0247	0.0732	3.8388	0.0607
P103b	R108b	1.4110	0.0617	1.4682	0.0355	1.3687	0.0571
P103b	R108s	1.4110	0.0617	1.4682	0.0355	1.3687	0.0571
P103b	S105b	0.5937	0.0138	0.6065	0.0176	0.5889	0.0050
P103b	S105s	0.5937	0.0138	0.6065	0.0176	0.5889	0.0050
P103b	T111b	2.3280	0.0773	2.4016	0.0403	2.2721	0.0616
P103b	T111s	2.3280	0.0773	2.4016	0.0403	2.2721	0.0616
P103b	V104b	0.3850	0.0035	0.3874	0.0009	0.3871	0.0024
P103b	V104s	0.3850	0.0035	0.3874	0.0009	0.3871	0.0024
P103b	W107b	1.0572	0.0504	1.1090	0.0414	1.0358	0.0331
P103b	W107s	1.0572	0.0504	1.1090	0.0414	1.0358	0.0331
P103s	A110b	2.0859	0.0625	2.1562	0.0434	2.0608	0.0541
P103s	A110s	2.0859	0.0625	2.1562	0.0434	2.0608	0.0541
P103s	A117b	4.1453	0.0667	4.1942	0.0902	3.6285	0.0930
P103s	A117s	4.1453	0.0667	4.1942	0.0902	3.6285	0.0930
P103s	K106b	0.7957	0.0417	0.8502	0.0548	0.7444	0.0461
P103s	K106s	0.7957	0.0417	0.8502	0.0548	0.7444	0.0461
P103s	L113b	3.0161	0.0743	3.0780	0.0449	2.9377	0.0540
P103s	L113s	3.0161	0.0743	3.0780	0.0449	2.9377	0.0540
P103s	L114b	3.2870	0.0714	3.3655	0.0597	3.2195	0.0289
P103s	L114s	3.2870	0.0714	3.3655	0.0597	3.2195	0.0289
P103s	L118b	4.4658	0.1043	4.4611	0.2038	3.4604	0.0295
P103s	L118s	4.4658	0.1043	4.4611	0.2038	3.4604	0.0295
P103s	M109b	1.7132	0.0568	1.7876	0.0397	1.6902	0.0491
P103s	M109s	1.7132	0.0568	1.7876	0.0397	1.6902	0.0491
P103s	M115b	3.6130	0.0634	3.6920	0.0571	3.5592	0.0397
P103s	M115s	3.6130	0.0634	3.6920	0.0571	3.5592	0.0397
P103s	M120b	4.7411	0.1101	4.6633	0.3318	3.0342	0.1455
P103s	M120s	4.7411	0.1101	4.6633	0.3318	3.0342	0.1455
P103s	P112b	2.6865	0.0718	2.7430	0.0502	2.6091	0.0610
P103s	P112s	2.6865	0.0718	2.7430	0.0502	2.6091	0.0610
P103s	P119b	4.6412	0.1506	4.5658	0.3662	3.1489	0.0049
P103s	P119s	4.6412	0.1506	4.5658	0.3662	3.1489	0.0049
P103s	Q116b	3.9533	0.0808	4.0247	0.0732	3.8388	0.0607
P103s	Q116s	3.9533	0.0808	4.0247	0.0732	3.8388	0.0607
P103s	R108b	1.4110	0.0617	1.4682	0.0355	1.3687	0.0571
P103s	R108s	1.4110	0.0617	1.4682	0.0355	1.3687	0.0571
P103s	S105b	0.5937	0.0138	0.6065	0.0176	0.5889	0.0050
P103s	S105s	0.5937	0.0138	0.6065	0.0176	0.5889	0.0050
P103s	T111b	2.3280	0.0773	2.4016	0.0403	2.2721	0.0616
P103s	T111s	2.3280	0.0773	2.4016	0.0403	2.2721	0.0616
P103s	V104b	0.3850	0.0035	0.3874	0.0009	0.3871	0.0024
P103s	V104s	0.3850	0.0035	0.3874	0.0009	0.3871	0.0024
P103s	W107b	1.0572	0.0504	1.1090	0.0414	1.0358	0.0331
P103s	W107s	1.0572	0.0504	1.1090	0.0414	1.0358	0.0331
P112b	A117b	1.5229	0.0498	1.5196	0.0382	1.1786	0.0626
P112b	A117s	1.5229	0.0498	1.5196	0.0382	1.1786	0.0626
P112b	L113b	0.3847	0.0016	0.3832	0.0016	0.3858	0.0028
P112b	L113s	0.3847	0.0016	0.3832	0.0016	0.3858	0.0028
P112b	L114b	0.6689	0.0107	0.6849	0.0042	0.6940	0.0023
P112b	L114s	0.6689	0.0107	0.6849	0.0042	0.6940	0.0023
P112b	L118b	1.8298	0.0384	1.7831	0.1144	1.1498	0.0456
P112b	L118s	1.8298	0.0384	1.7831	0.1144	1.1498	0.0456
P112b	M115b	0.9432	0.0200	0.9639	0.0157	0.9754	0.0246
P112b	M115s	0.9432	0.0200	0.9639	0.0157	0.9754	0.0246
P112b	M120b	2.1391	0.0470	2.0787	0.1739	1.1195	0.1639
P112b	M120s	2.1391	0.0470	2.0787	0.1739	1.1195	0.1639
P112b	P119b	2.0192	0.0736	1.8963	0.2302	0.9514	0.0578
P112b	P119s	2.0192	0.0736	1.8963	0.2302	0.9514	0.0578
P112b	Q116b	1.2959	0.0179	1.3109	0.0164	1.2802	0.0347
P112b	Q116s	1.2959	0.0179	1.3109	0.0164	1.2802	0.0347
P112s	A117b	1.5229	0.0498	1.5196	0.0382	1.1786	0.0626
P112s	A117s	1.5229	0.0498	1.5196	0.0382	1.1786	0.0626
P112s	L113b	0.3847	0.0016	0.3832	0.0016	0.3858	0.0028
P112s	L113s	0.3847	0.0016	0.3832	0.0016	0.3858	0.0028
P112s	L114b	0.6689	0.0107	0.6849	0.0042	0.6940	0.0023
P112s	L114s	0.6689	0.0107	0.6849	0.0042	0.6940	0.0023
P112s	L118b	1.8298	0.0384	1.7831	0.1144	1.1498	0.0456
P112s	L118s	1.8298	0.0384	1.7831	0.1144	1.1498	0.0456
P112s	M115b	0.9432	0.0200	0.9639	0.0157	0.9754	0.0246
P112s	M115s	0.9432	0.0200	0.9639	0.0157	0.9754	0.0246
P112s	M120b	2.1391	0.0470	2.0787	0.1739	1.1195	0.1639
P112s	M120s	2.1391	0.0470	2.0787	0.1739	1.1195	0.1639
P112s	P119b	2.0192	0.0736	1.8963	0.2302	0.9514	0.0578
P112s	P119s	2.0192	0.0736	1.8963	0.2302	0.9514	0.0578
P112s	Q116b	1.2959	0.0179	1.3109	0.0164	1.2802	0.0347
P112s	Q116s	1.2959	0.0179	1.3109	0.0164	1.2802	0.0347
P119b	M120b	0.3866	0.0015	0.3831	0.0027	0.3870	0.0025
P119b	M120s	0.3866	0.0015	0.3831	0.0027	0.3870	0.0025
P119s	M120b	0.3866	0.0015	0.3831	0.0027	0.3870	0.0025
P119s	M120s	0.3866	0.0015	0.3831	0.0027	0.3870	0.0025
Q116b	A117b	0.3823	0.0000	0.3842	0.0058	0.3897	0.0007
Q116b	A117s	0.3823	0.0000	0.3842	0.0058	0.3897	0.0007
Q116b	L118b	0.5903	0.0181	0.6053	0.0661	0.7085	0.0264
Q116b	L118s	0.5903	0.0181	0.6053	0.0661	0.7085	0.0264
Q116b	M120b	0.9935	0.0729	1.0068	0.1301	1.2440	0.0217
Q116b	M120s	0.9935	0.0729	1.0068	0.1301	1.2440	0.0217
Q116b	P119b	0.8263	0.0637	0.8030	0.0636	0.9533	0.0467
Q116b	P119s	0.8263	0.0637	0.8030	0.0636	0.9533	0.0467
Q116s	A117b	0.3823	0.0000	0.3842	0.0058	0.3897	0.0007
Q116s	A117s	0.3823	0.0000	0.3842	0.0058	0.3897	0.0007
Q116s	L118b	0.5903	0.0181	0.6053	0.0661	0.7085	0.0264
Q116s	L118s	0.5903	0.0181	0.6053	0.0661	0.7085	0.0264
Q116s	M120b	0.9935	0.0729	1.0068	0.1301	1.2440	0.0217
Q116s	M120s	0.9935	0.0729	1.0068	0.1301	1.2440	0.0217
Q116s	P119b	0.8263	0.0637	0.8030	0.0636	0.9533	0.0467
Q116s	P119s	0.8263	0.0637	0.8030	0.0636	0.9533	0.0467
R108b	A110b	0.7125	0.0098	0.7185	0.0075	0.7196	0.0081
R108b	A110s	0.7125	0.0098	0.7185	0.0075	0.7196	0.0081
R108b	A117b	2.8920	0.0285	2.8585	0.0659	2.4105	0.0836
R108b	A117s	2.8920	0.0285	2.8585	0.0659	2.4105	0.0836
R108b	L113b	1.6940	0.0176	1.6813	0.0168	1.6767	0.0268
R108b	L113s	1.6940	0.0176	1.6813	0.0168	1.6767	0.0268
R108b	L114b	2.0181	0.0121	2.0134	0.0206	2.0098	0.0168
R108b	L114s	2.0181	0.0121	2.0134	0.0206	2.0098	0.0168
R108b	L118b	3.1951	0.0289	3.1016	0.1637	2.2411	0.0336
R108b	L118s	3.1951	0.0289	3.1016	0.1637	2.2411	0.0336
R108b	M109b	0.3880	0.0069	0.3863	0.0025	0.3847	0.0017
R108b	M109s	0.3880	0.0069	0.3863	0.0025	0.3847	0.0017
R108b	M115b	2.3225	0.0079	2.3235	0.0298	2.3191	0.0411
R108b	M115s	2.3225	0.0079	2.3235	0.0298	2.3191	0.0411
R108b	M120b	3.4783	0.0125	3.3444	0.2636	1.9020	0.2182
R108b	M120s	3.4783	0.0125	3.3444	0.2636	1.9020	0.2182
R108b	P112b	1.3871	0.0231	1.3678	0.0157	1.3546	0.0193
R108b	P112s	1.3871	0.0231	1.3678	0.0157	1.3546	0.0193
R108b	P119b	3.3788	0.0791	3.2000	0.3039	1.9404	0.0622
R108b	P119s	3.3788	0.0791	3.2000	0.3039	1.9404	0.0622
R108b	Q116b	2.6564	0.0052	2.6506	0.0349	2.5873	0.0658
R108b	Q116s	2.6564	0.0052	2.6506	0.0349	2.5873	0.0658
R108b	T111b	1.0186	0.0229	1.0000	0.0140	0.9933	0.0124
R108b	T111s	1.0186	0.0229	1.0000	0.0140	0.9933	0.0124
R108s	A110b	0.7125	0.0098	0.7185	0.0075	0.7196	0.0081
R108s	A110s	0.7125	0.0098	0.7185	0.0075	0.7196	0.0081
R108s	A117b	2.8920	0.0285	2.8585	0.0659	2.4105	0.0836
R108s	A117s	2.8920	0.0285	2.8585	0.0659	2.4105	0.0836
R108s	L113b	1.6940	0.0176	1.6813	0.0168	1.6767	0.0268
R108s	L113s	1.6940	0.0176	1.6813	0.0168	1.6767	0.0268
R108s	L114b	2.0181	0.0121	2.0134	0.0206	2.0098	0.0168
R108s	L114s	2.0181	0.0121	2.0134	0.0206	2.0098	0.0168
R108s	L118b	3.1951	0.0289	3.1016	0.1637	2.2411	0.0336
R108s	L118s	3.1951	0.0289	3.1016	0.1637	2.2411	0.0336
R108s	M109b	0.3880	0.0069	0.3863	0.0025	0.3847	0.0017
R108s	M109s	0.3880	0.0069	0.3863	0.0025	0.3847	0.0017
R108s	M115b	2.3225	0.0079	2.3235	0.0298	2.3191	0.0411
R108s	M115s	2.3225	0.0079	2.3235	0.0298	2.3191	0.0411
R108s	M120b	3.4783	0.0125	3.3444	0.2636	1.9020	0.2182
R108s	M120s	3.4783	0.0125	3.3444	0.2636	1.9020	0.2182
R108s	P112b	1.3871	0.0231	1.3678	0.0157	1.3546	0.0193
R108s	P112s	1.3871	0.0231	1.3678	0.0157	1.3546	0.0193
R108s	P119b	3.3788	0.0791	3.2000	0.3039	1.9404	0.0622
R108s	P119s	3.3788	0.0791	3.2000	0.3039	1.9404	0.0622
R108s	Q116b	2.6564	0.0052	2.6506	0.0349	2.5873	0.0658
R108s	Q116s	2.6564	0.0052	2.6506	0.0349	2.5873	0.0658
R108s	T111b	1.0186	0.0229	1.0000	0.0140	0.9933	0.0124
R108s	T111s	1.0186	0.0229	1.0000	0.0140	0.9933	0.0124
S105b	A110b	1.6880	0.0702	1.7215	0.0310	1.7130	0.0274
S105b	A110s	1.6880	0.0702	1.7215	0.0310	1.7130	0.0274
S105b	A117b	3.8394	0.0351	3.8194	0.0709	3.3635	0.0898
S105b	A117s	3.8394	0.0351	3.8194	0.0709	3.3635	0.0898
S105b	K106b	0.3889	0.0047	0.3881	0.0013	0.3890	0.0029
S105b	K106s	0.3889	0.0047	0.3881	0.0013	0.3890	0.0029
S105b	L113b	2.6570	0.0756	2.6679	0.0457	2.6574	0.0371
S105b	L113s	2.6570	0.0756	2.6679	0.0457	2.6574	0.0371
S105b	L114b	2.9660	0.0664	2.9806	0.0411	2.9762	0.0224
S105b	L114s	2.9660	0.0664	2.9806	0.0411	2.9762	0.0224
S105b	L118b	4.1473	0.0758	4.0676	0.1527	3.1703	0.0538
S105b	L118s	4.1473	0.0758	4.0676	0.1527	3.1703	0.0538
S105b	M109b	1.3421	0.0599	1.3713	0.0267	1.3659	0.0236
S105b	M109s	1.3421	0.0599	1.3713	0.0267	1.3659	0.0236
S105b	M115b	3.2839	0.0615	3.3078	0.0517	3.2997	0.0433
S105b	M115s	3.2839	0.0615	3.3078	0.0517	3.2997	0.0433
S105b	M120b	4.4240	0.0876	4.3124	0.2748	2.7609	0.1894
S105b	M120s	4.4240	0.0876	4.3124	0.2748	2.7609	0.1894
S105b	P112b	2.3483	0.0779	2.3523	0.0328	2.3377	0.0349
S105b	P112s	2.3483	0.0779	2.3523	0.0328	2.3377	0.0349
S105b	P119b	4.3269	0.1334	4.1710	0.2978	2.8567	0.0420
S105b	P119s	4.3269	0.1334	4.1710	0.2978	2.8567	0.0420
S105b	Q116b	3.6153	0.0679	3.6308	0.0434	3.5650	0.0712
S105b	Q116s	3.6153	0.0679	3.6308	0.0434	3.5650	0.0712
S105b	R108b	0.9793	0.0622	1.0084	0.0330	0.9983	0.0218
S105b	R108s	0.9793	0.0622	1.0084	0.0330	0.9983	0.0218
S105b	T111b	1.9759	0.0777	1.9864	0.0349	1.9772	0.0279
S105b	T111s	1.9759	0.0777	1.9864	0.0349	1.9772	0.0279
S105b	W107b	0.6654	0.0560	0.6815	0.0171	0.6819	0.0272
S105b	W107s	0.6654	0.0560	0.6815	0.0171	0.6819	0.0272
S105s	A110b	1.6880	0.0702	1.7215	0.0310	1.7130	0.0274
S105s	A110s	1.6880	0.0702	1.7215	0.0310	1.7130	0.0274
S105s	A117b	3.8394	0.0351	3.8194	0.0709	3.3635	0.0898
S105s	A117s	3.8394	0.0351	3.8194	0.0709	3.3635	0.0898
S105s	K106b	0.3889	0.0047	0.3881	0.0013	0.3890	0.0029
S105s	K106s	0.3889	0.0047	0.3881	0.0013	0.3890	0.0029
S105s	L113b	2.6570	0.0756	2.6679	0.0457	2.6574	0.0371
S105s	L113s	2.6570	0.0756	2.6679	0.0457	2.6574	0.0371
S105s	L114b	2.9660	0.0664	2.9806	0.0411	2.9762	0.0224
S105s	L114s	2.9660	0.0664	2.9806	0.0411	2.9762	0.0224
S105s	L118b	4.1473	0.0758	4.0676	0.1527	3.1703	0.0538
S105s	L118s	4.1473	0.0758	4.0676	0.1527	3.1703	0.0538
S105s	M109b	1.3421	0.0599	1.3713	0.0267	1.3659	0.0236
S105s	M109s	1.3421	0.0599	1.3713	0.0267	1.3659	0.0236
S105s	M115b	3.2839	0.0615	3.3078	0.0517	3.2997	0.0433
S105s	M115s	3.2839	0.0615	3.3078	0.0517	3.2997	0.0433
S105s	M120b	4.4240	0.0876	4.3124	0.2748	2.7609	0.1894
S105s	M120s	4.4240	0.0876	4.3124	0.2748	2.7609	0.1894
S105s	P112b	2.3483	0.0779	2.3523	0.0328	2.3377	0.0349
S105s	P112s	2.3483	0.0779	2.3523	0.0328	2.3377	0.0349
S105s	P119b	4.3269	0.1334	4.1710	0.2978	2.8567	0.0420
S105s	P119s	4.3269	0.1334	4.1710	0.2978	2.8567	0.0420
S105s	Q116b	3.6153	0.0679	3.6308	0.0434	3.5650	0.0712
S105s	Q116s	3.6153	0.0679	3.6308	0.0434	3.5650	0.0712
S105s	R108b	0.9793	0.0622	1.0084	0.0330	0.9983	0.0218
S105s	R108s	0.9793	0.0622	1.0084	0.0330	0.9983	0.0218
S105s	T111b	1.9759	0.0777	1.9864	0.0349	1.9772	0.0279
S105s	T111s	1.9759	0.0777	1.9864	0.0349	1.9772	0.0279
S105s	W107b	0.6654	0.0560	0.6815	0.0171	0.6819	0.0272
S105s	W107s	0.6654	0.0560	0.6815	0.0171	0.6819	0.0272
T111b	A117b	1.8774	0.0521	1.8638	0.0500	1.4472	0.0749
T111b	A117s	1.8774	0.0521	1.8638	0.0500	1.4472	0.0749
T111b	L113b	0.6963	0.0105	0.6879	0.0074	0.6903	0.0190
T111b	L113s	0.6963	0.0105	0.6879	0.0074	0.6903	0.0190
T111b	L114b	1.0034	0.0151	1.0205	0.0058	1.0261	0.0075
T111b	L114s	1.0034	0.0151	1.0205	0.0058	1.0261	0.0075
T111b	L118b	2.1833	0.0385	2.1114	0.1459	1.3364	0.0267
T111b	L118s	2.1833	0.0385	2.1114	0.1459	1.3364	0.0267
T111b	M115b	1.3143	0.0199	1.3272	0.0187	1.3334	0.0341
T111b	M115s	1.3143	0.0199	1.3272	0.0187	1.3334	0.0341
T111b	M120b	2.4951	0.0335	2.3850	0.2278	1.1465	0.2172
T111b	M120s	2.4951	0.0335	2.3850	0.2278	1.1465	0.2172
T111b	P112b	0.3916	0.0017	0.3881	0.0041	0.3893	0.0036
T111b	P112s	0.3916	0.0017	0.3881	0.0041	0.3893	0.0036
T111b	P119b	2.3764	0.0778	2.2195	0.2818	1.0801	0.0652
T111b	P119s	2.3764	0.0778	2.2195	0.2818	1.0801	0.0652
T111b	Q116b	1.6529	0.0207	1.6536	0.0224	1.6031	0.0512
T111b	Q116s	1.6529	0.0207	1.6536	0.0224	1.6031	0.0512
T111s	A117b	1.8774	0.0521	1.8638	0.0500	1.4472	0.0749
T111s	A117s	1.8774	0.0521	1.8638	0.0500	1.4472	0.0749
T111s	L113b	0.6963	0.0105	0.6879	0.0074	0.6903	0.0190
T111s	L113s	0.6963	0.0105	0.6879	0.0074	0.6903	0.0190
T111s	L114b	1.0034	0.0151	1.0205	0.0058	1.0261	0.0075
T111s	L114s	1.0034	0.0151	1.0205	0.0058	1.0261	0.0075
T111s	L118b	2.1833	0.0385	2.1114	0.1459	1.3364	0.0267
T111s	L118s	2.1833	0.0385	2.1114	0.1459	1.3364	0.0267
T111s	M115b	1.3143	0.0199	1.3272	0.0187	1.3334	0.0341
T111s	M115s	1.3143	0.0199	1.3272	0.0187	1.3334	0.0341
T111s	M120b	2.4951	0.0335	2.3850	0.2278	1.1465	0.2172
T111s	M120s	2.4951	0.0335	2.3850	0.2278	1.1465	0.2172
T111s	P112b	0.3916	0.0017	0.3881	0.0041	0.3893	0.0036
T111s	P112s	0.3916	0.0017	0.3881	0.0041	0.3893	0.0036
T111s	P119b	2.3764	0.0778	2.2195	0.2818	1.0801	0.0652
T111s	P119s	2.3764	0.0778	2.2195	0.2818	1.0801	0.0652
T111s	Q116b	1.6529	0.0207	1.6536	0.0224	1.6031	0.0512
T111s	Q116s	1.6529	0.0207	1.6536	0.0224	1.6031	0.0512
V104b	A110b	2.0343	0.0802	2.0641	0.0331	2.0484	0.0512
V104b	A110s	2.0343	0.0802	2.0641	0.0331	2.0484	0.0512
V104b	A117b	4.1477	0.0628	4.1145	0.0516	3.6466	0.0766
V104b	A117s	4.1477	0.0628	4.1145	0.0516	3.6466	0.0766
V104b	K106b	0.7041	0.0348	0.6932	0.0024	0.6874	0.0281
V104b	K106s	0.7041	0.0348	0.6932	0.0024	0.6874	0.0281
V104b	L113b	2.9822	0.0916	2.9873	0.0414	2.9612	0.0370
V104b	L113s	2.9822	0.0916	2.9873	0.0414	2.9612	0.0370
V104b	L114b	3.2773	0.0847	3.2832	0.0319	3.2666	0.0151
V104b	L114s	3.2773	0.0847	3.2832	0.0319	3.2666	0.0151
V104b	L118b	4.4577	0.1057	4.3719	0.1412	3.4503	0.0300
V104b	L118s	4.4577	0.1057	4.3719	0.1412	3.4503	0.0300
V104b	M109b	1.6819	0.0698	1.7022	0.0327	1.6950	0.0451
V104b	M109s	1.6819	0.0698	1.7022	0.0327	1.6950	0.0451
V104b	M115b	3.6038	0.0797	3.6180	0.0427	3.6026	0.0303
V104b	M115s	3.6038	0.0797	3.6180	0.0427	3.6026	0.0303
V104b	M120b	4.7320	0.1287	4.5843	0.2648	3.0148	0.1604
V104b	M120s	4.7320	0.1287	4.5843	0.2648	3.0148	0.1604
V104b	P112b	2.6737	0.0910	2.6662	0.0320	2.6462	0.0521
V104b	P112s	2.6737	0.0910	2.6662	0.0320	2.6462	0.0521
V104b	P119b	4.6348	0.1672	4.4810	0.2996	3.1359	0.0247
V104b	P119s	4.6348	0.1672	4.4810	0.2996	3.1359	0.0247
V104b	Q116b	3.9334	0.0914	3.9411	0.0258	3.8647	0.0489
V104b	Q116s	3.9334	0.0914	3.9411	0.0258	3.8647	0.0489
V104b	R108b	1.3338	0.0733	1.3561	0.0365	1.3339	0.0490
V104b	R108s	1.3338	0.0733	1.3561	0.0365	1.3339	0.0490
V104b	S105b	0.3891	0.0037	0.3868	0.0048	0.3873	0.0044
V104b	S105s	0.3891	0.0037	0.3868	0.0048	0.3873	0.0044
V104b	T111b	2.3006	0.0922	2.3081	0.0329	2.2871	0.0505
V104b	T111s	2.3006	0.0922	2.3081	0.0329	2.2871	0.0505
V104b	W107b	1.0144	0.0616	1.0103	0.0319	1.0202	0.0335
V104b	W107s	1.0144	0.0616	1.0103	0.0319	1.0202	0.0335
V104s	A110b	2.0343	0.0802	2.0641	0.0331	2.0484	0.0512
V104s	A110s	2.0343	0.0802	2.0641	0.0331	2.0484	0.0512
V104s	A117b	4.1477	0.0628	4.1145	0.0516	3.6466	0.0766
V104s	A117s	4.1477	0.0628	4.1145	0.0516	3.6466	0.0766
V104s	K106b	0.7041	0.0348	0.6932	0.0024	0.6874	0.0281
V104s	K106s	0.7041	0.0348	0.6932	0.0024	0.6874	0.0281
V104s	L113b	2.9822	0.0916	2.9873	0.0414	2.9612	0.0370
V104s	L113s	2.9822	0.0916	2.9873	0.0414	2.9612	0.0370
V104s	L114b	3.2773	0.0847	3.2832	0.0319	3.2666	0.0151
V104s	L114s	3.2773	0.0847	3.2832	0.0319	3.2666	0.0151
V104s	L118b	4.4577	0.1057	4.3719	0.1412	3.4503	0.0300
V104s	L118s	4.4577	0.1057	4.3719	0.1412	3.4503	0.0300
V104s	M109b	1.6819	0.0698	1.7022	0.0327	1.6950	0.0451
V104s	M109s	1.6819	0.0698	1.7022	0.0327	1.6950	0.0451
V104s	M115b	3.6038	0.0797	3.6180	0.0427	3.6026	0.0303
V104s	M115s	3.6038	0.0797	3.6180	0.0427	3.6026	0.0303
V104s	M120b	4.7320	0.1287	4.5843	0.2648	3.0148	0.1604
V104s	M120s	4.7320	0.1287	4.5843	0.2648	3.0148	0.1604
V104s	P112b	2.6737	0.0910	2.6662	0.0320	2.6462	0.0521
V104s	P112s	2.6737	0.0910	2.6662	0.0320	2.6462	0.0521
V104s	P119b	4.6348	0.1672	4.4810	0.2996	3.1359	0.0247
V104s	P119s	4.6348	0.1672	4.4810	0.2996	3.1359	0.0247
V104s	Q116b	3.9334	0.0914	3.9411	0.0258	3.8647	0.0489
V104s	Q116s	3.9334	0.0914	3.9411	0.0258	3.8647	0.0489
V104s	R108b	1.3338	0.0733	1.3561	0.0365	1.3339	0.0490
V104s	R108s	1.3338	0.0733	1.3561	0.0365	1.3339	0.0490
V104s	S105b	0.3891	0.0037	0.3868	0.0048	0.3873	0.0044
V104s	S105s	0.3891	0.0037	0.3868	0.0048	0.3873	0.0044
V104s	T111b	2.3006	0.0922	2.3081	0.0329	2.2871	0.0505
V104s	T111s	2.3006	0.0922	2.3081	0.0329	2.2871	0.0505
V104s	W107b	1.0144	0.0616	1.0103	0.0319	1.0202	0.0335
V104s	W107s	1.0144	0.0616	1.0103	0.0319	1.0202	0.0335
W107b	A110b	1.0634	0.0085	1.0705	0.0011	1.0679	0.0048
W107b	A110s	1.0634	0.0085	1.0705	0.0011	1.0679	0.0048
W107b	A117b	3.2251	0.0371	3.1899	0.0566	2.7651	0.0717
W107b	A117s	3.2251	0.0371	3.1899	0.0566	2.7651	0.0717
W107b	L113b	2.0466	0.0126	2.0308	0.0149	2.0242	0.0220
W107b	L113s	2.0466	0.0126	2.0308	0.0149	2.0242	0.0220
W107b	L114b	2.3555	0.0056	2.3479	0.0169	2.3431	0.0181
W107b	L114s	2.3555	0.0056	2.3479	0.0169	2.3431	0.0181
W107b	L118b	3.5362	0.0369	3.4431	0.1538	2.6045	0.0512
W107b	L118s	3.5362	0.0369	3.4431	0.1538	2.6045	0.0512
W107b	M109b	0.7042	0.0019	0.7075	0.0079	0.7058	0.0042
W107b	M109s	0.7042	0.0019	0.7075	0.0079	0.7058	0.0042
W107b	M115b	2.6589	0.0032	2.6600	0.0255	2.6538	0.0310
W107b	M115s	2.6589	0.0032	2.6600	0.0255	2.6538	0.0310
W107b	M120b	3.8125	0.0183	3.6897	0.2694	2.2505	0.1746
W107b	M120s	3.8125	0.0183	3.6897	0.2694	2.2505	0.1746
W107b	P112b	1.7180	0.0164	1.6980	0.0092	1.6847	0.0120
W107b	P112s	1.7180	0.0164	1.6980	0.0092	1.6847	0.0120
W107b	P119b	3.7154	0.0779	3.5410	0.2973	2.2972	0.0238
W107b	P119s	3.7154	0.0779	3.5410	0.2973	2.2972	0.0238
W107b	Q116b	3.0018	0.0038	2.9950	0.0283	2.9378	0.0560
W107b	Q116s	3.0018	0.0038	2.9950	0.0283	2.9378	0.0560
W107b	R108b	0.3873	0.0011	0.3873	0.0032	0.3837	0.0009
W107b	R108s	0.3873	0.0011	0.3873	0.0032	0.3837	0.0009
W107b	T111b	1.3597	0.0182	1.3455	0.0068	1.3413	0.0069
W107b	T111s	1.3597	0.0182	1.3455	0.0068	1.3413	0.0069
W107s	A110b	1.0634	0.0085	1.0705	0.0011	1.0679	0.0048
W107s	A110s	1.0634	0.0085	1.0705	0.0011	1.0679	0.0048
W107s	A117b	3.2251	0.0371	3.1899	0.0566	2.7651	0.0717
W107s	A117s	3.2251	0.0371	3.1899	0.0566	2.7651	0.0717
W107s	L113b	2.0466	0.0126	2.0308	0.0149	2.0242	0.0220
W107s	L113s	2.0466	0.0126	2.0308	0.0149	2.0242	0.0220
W107s	L114b	2.3555	0.0056	2.3479	0.0169	2.3431	0.0181
W107s	L114s	2.3555	0.0056	2.3479	0.0169	2.3431	0.0181
W107s	L118b	3.5362	0.0369	3.4431	0.1538	2.6045	0.0512
W107s	L118s	3.5362	0.0369	3.4431	0.1538	2.6045	0.0512
W107s	M109b	0.7042	0.0019	0.7075	0.0079	0.7058	0.0042
W107s	M109s	0.7042	0.0019	0.7075	0.0079	0.7058	0.0042
W107s	M115b	2.6589	0.0032	2.6600	0.0255	2.6538	0.0310
W107s	M115s	2.6589	0.0032	2.6600	0.0255	2.6538	0.0310
W107s	M120b	3.8125	0.0183	3.6897	0.2694	2.2505	0.1746
W107s	M120s	3.8125	0.0183	3.6897	0.2694	2.2505	0.1746
W107s	P112b	1.7180	0.0164	1.6980	0.0092	1.6847	0.0120
W107s	P112s	1.7180	0.0164	1.6980	0.0092	1.6847	0.0120
W107s	P119b	3.7154	0.0779	3.5410	0.2973	2.2972	0.0238
W107s	P119s	3.7154	0.0779	3.5410	0.2973	2.2972	0.0238
W107s	Q116b	3.0018	0.0038	2.9950	0.0283	2.9378	0.0560
W107s	Q116s	3.0018	0.0038	2.9950	0.0283	2.9378	0.0560
W107s	R108b	0.3873	0.0011	0.3873	0.0032	0.3837	0.0009
W107s	R108s	0.3873	0.0011	0.3873	0.0032	0.3837	0.0009
W107s	T111b	1.3597	0.0182	1.3455	0.0068	1.3413	0.0069
W107s	T111s	1.3597	0.0182	1.3455	0.0068	1.3413	0.0069
