seg	res	rnm	aT41A.pcca1	aT41A.pcca1	bN82A.pcca2	bN82A.pcca2	lsdm	sdiff	score	pval
			mf	sf	mf	sf				
A	25	ASH	1.0173	0.1343	3.0051	0.0586	1	-1.6948	-13.5662	0.0000
A	29	ASH	0.9531	0.0241	-0.9696	0.0632	1	1.7874	28.4095	0.0000
A	48	PHE	3.0051	0.0503	0.2622	1.1378	1	0.4650	2.4082	0.0160
A	124	ASN	-0.9767	0.0592	1.0142	0.0446	1	-1.8428	-26.8763	0.0000
A	133	SER	1.6595	1.1590	-1.6546	1.0948	1	0.1254	2.0786	0.0377
A	147	LYS	3.0131	0.0534	0.9667	0.0638	1	1.8800	24.5967	0.0000
B	9	TRP	3.0405	0.0449	-1.0208	2.0189	1	0.0225	2.0111	0.0443
B	14	GLU	-0.9700	0.0261	0.9966	0.0193	1	-1.9018	-60.6714	0.0000
B	25	ARG	-2.9777	0.0169	-0.2898	1.1517	1	-0.3842	-2.3336	0.0196
B	44	VAL	-1.0023	0.0674	1.0066	0.0262	1	-1.8644	-27.8007	0.0000
B	56	PRO	-0.3376	1.1514	-3.0570	0.0580	1	0.4138	2.3589	0.0183
B	77	THR	-2.1785	1.0602	2.9346	0.0748	1	-2.9874	-4.8108	0.0000
B	79	CYX	2.9974	0.0522	-0.9197	1.9185	1	0.0786	2.0410	0.0413
B	118	SER	-1.5858	1.1053	1.6815	1.1369	1	-0.0961	-2.0606	0.0393
B	140	ALA	-2.3018	1.1658	1.0314	0.0416	1	-1.0002	-2.8574	0.0043
B	141	GLY	-1.0036	0.0638	1.7378	1.1369	1	-0.4641	-2.4076	0.0161
B	154	THR	0.9910	0.0100	-1.6709	1.1523	1	0.3571	2.3099	0.0209
B	171	TYR	1.0325	0.0059	-0.9711	0.0320	1	1.9386	61.6310	0.0000
