seg	res	rnm	bN82A.pcca2	bN82A.pcca2	WT.pcca2	WT.pcca2	lsdm	sdiff	score	pval
			mf	sf	mf	sf				
A	29	ASH	-0.9696	0.0632	0.9776	0.0388	1	-1.7988	-26.2465	0.0000
A	95	SER	-0.3627	1.1250	2.9846	0.0775	1	-1.0919	-2.9683	0.0030
A	107	CYX	-0.3387	1.1706	-3.0304	0.0396	1	0.3491	2.2980	0.0216
A	118	ASN	-0.2899	1.1366	-2.9492	0.0697	1	0.3817	2.3352	0.0195
A	131	GLY	-0.9796	0.0467	-3.0015	0.1215	1	1.7616	15.5290	0.0000
A	147	LYS	0.9667	0.0638	3.0199	0.0861	1	-1.8389	-19.1573	0.0000
A	175	LEU	2.9824	0.1269	0.2344	1.1942	1	0.3462	2.2883	0.0221
B	31	ILE	-0.3955	1.1501	2.9637	0.0939	1	-1.0512	-2.9110	0.0036
B	56	PRO	-3.0570	0.0580	1.6927	2.3192	1	-0.1099	-2.0474	0.0406
B	77	THR	2.9346	0.0748	0.3424	1.2045	1	0.1786	2.1480	0.0317
B	119	VAL	-1.0099	0.0589	-2.9086	0.0294	1	1.7671	28.8427	0.0000
B	162	GLU	-1.6768	1.1715	1.6807	1.1585	1	-0.0624	-2.0379	0.0416
B	169	GLU	0.3174	1.2348	2.9671	0.0478	1	-0.1783	-2.1443	0.0320
B	171	TYR	-0.9711	0.0320	1.6760	1.1548	1	-0.3367	-2.2914	0.0219
B	176	GLU	-0.9429	0.0161	-2.9268	0.1432	1	1.6957	13.7674	0.0000
B	180	VAL	-3.0270	0.0398	-0.9598	0.0853	1	-1.8789	-21.9574	0.0000
B	184	LEU	-0.2983	1.2295	-2.9646	0.0293	1	0.2066	2.1680	0.0302
C	104	VAL	1.0371	0.0179	-2.9807	0.0422	1	3.9262	87.7074	0.0000
C	107	TRP	1.0405	1.9789	-2.9739	0.0651	1	0.0546	2.0276	0.0426
