seg	res	rnm	WT.pcca2	WT.pcca2	bN82A.pcca2	bN82A.pcca2	aT41A.pcca1	aT41A.pcca1
			mf	sf	mf	sf	mf	sf
A	4	GLU	2.2450	1.2271	2.3382	1.1963	-0.4156	2.3481
A	5	HIP	-0.9996	1.9828	0.3655	3.0829	-0.2939	1.2520
A	6	VAL	2.8033	0.1484	2.8828	0.0655	2.2323	1.1474
A	7	ILE	-1.0081	2.0210	-2.3010	1.1676	-1.6020	1.1357
A	8	ILE	2.8283	0.0220	2.7992	0.1112	2.8646	0.0372
A	9	GLN	-1.0225	2.0569	-0.9942	2.0206	1.7256	1.1656
A	10	ALA	-0.9819	2.0745	1.0181	0.0356	1.7188	2.2994
A	11	GLH	0.3267	1.1864	1.0298	2.0035	-0.3372	1.1492
A	12	PHE	2.2454	1.1457	2.8786	0.0662	2.8527	0.0203
A	13	TYR	-0.9472	2.1059	-0.9377	0.0280	-1.6748	2.3488
A	14	LEU	1.6517	1.1705	1.6377	2.3424	0.3195	1.2072
A	15	ASN	0.1864	0.0782	0.0353	0.0175	-0.0270	0.1604
A	16	PRO	-1.6066	1.1176	-0.9328	1.9646	-1.6534	1.2196
A	17	ASP	-0.9803	2.0182	-0.9936	2.0772	-0.3107	1.2256
A	18	GLN	-1.6382	1.1391	-0.2739	1.1079	-0.2537	1.1281
A	19	SER	-1.6372	1.2625	1.0115	2.0447	-1.0469	1.9860
A	20	GLY	0.3837	2.3006	-0.9961	2.0079	-1.6422	1.1939
A	21	GLH	1.6516	1.1457	2.2767	1.1842	0.3095	1.1135
A	22	PHE	0.3826	2.3692	0.3316	1.1139	0.3549	1.1422
A	23	MET	1.6560	2.3721	2.9349	0.0631	2.8108	0.0501
A	24	PHE	-1.6446	1.1543	-2.3244	1.1640	-0.2843	1.1810
A	25	ASH	2.3514	1.1530	3.0051	0.0586	1.0173	0.1343
A	26	PHE	-0.3135	3.1337	1.6708	1.1388	-1.0303	2.0533
A	27	ASP	2.3245	1.1598	-0.3169	3.1516	2.3644	1.2334
A	28	GLY	3.0184	0.0479	0.9565	1.9653	0.9793	2.0494
A	29	ASH	0.9776	0.0388	-0.9696	0.0632	0.9531	0.0241
A	30	GLU	2.8759	0.0549	2.8947	0.0404	2.8812	0.0452
A	31	ILE	3.0434	0.0991	2.2411	1.1845	2.2512	1.1250
A	32	PHE	0.8937	1.8871	2.9714	0.0440	2.9393	0.0906
A	33	HIP	2.2361	1.1362	2.2973	1.1812	1.5950	1.1153
A	34	VAL	1.6762	1.1484	0.3140	2.2346	1.0031	1.9876
A	35	ASP	-1.6242	2.3238	-1.6388	1.1615	-0.2827	2.2780
A	36	MET	0.2760	2.3257	2.3391	1.1358	0.3100	1.1620
A	37	ALA	0.2039	3.0648	-0.3233	1.1384	0.3157	2.3300
A	38	LYS	0.3398	3.0786	-0.4054	1.1411	1.6718	1.1840
A	39	LYS	-2.3243	1.1028	-0.2678	1.1261	-1.6580	1.1979
A	40	GLU	0.9544	1.9937	0.3337	2.3570	2.9934	0.0481
A	41	MTS	2.3752	1.1665	-0.3872	1.1991	-0.3461	1.2142
A	42	VAL	-0.9793	3.5370	-1.6564	2.3195	-1.6372	1.1129
A	43	TRP	2.3279	1.1413	2.2702	1.1916	0.9496	1.9884
A	44	ARG	1.5369	1.1702	1.5973	1.0225	0.9126	1.9696
A	45	LEU	-1.6396	1.1632	-1.5818	1.1124	-2.9240	0.0825
A	46	GLU	0.3596	1.1527	1.6456	1.2108	0.9586	0.0411
A	47	GLU	0.9345	2.0175	2.2950	1.1204	2.2780	1.0922
A	48	PHE	2.2605	1.2126	0.2622	1.1378	3.0051	0.0503
A	49	GLY	2.2319	1.1566	2.9558	0.0092	1.5915	1.0865
A	50	ARG	-0.3308	1.1603	0.9502	0.0787	-0.3927	1.1804
A	51	PHE	1.6693	1.2560	-0.3712	2.3318	-0.3035	2.3501
A	52	ALA	1.0149	0.0630	2.3471	1.1668	2.3261	1.1143
A	53	SER	0.9763	3.5125	0.9830	2.0256	0.9430	2.0093
A	54	PHE	-1.7006	2.3059	-0.9604	2.0167	1.6869	1.1751
A	55	GLU	0.3600	1.1509	-0.9761	2.0224	0.3588	3.1099
A	56	ALA	0.3409	3.1186	-0.3219	2.2544	1.6754	1.1865
A	57	GLN	2.3524	1.1332	2.9860	0.0798	2.9691	0.0939
A	58	GLY	1.6181	1.2288	0.9255	2.0502	1.6894	2.3139
A	59	ALA	0.9472	2.0123	1.6472	1.1928	3.0321	0.0456
A	60	LEU	2.9601	0.0624	0.9571	2.0679	2.2879	1.1632
A	61	ALA	1.6630	1.0978	2.2760	1.2040	2.3151	1.1395
A	62	ASN	-0.9866	0.0295	-1.6905	1.1366	-1.6927	1.1861
A	63	ILE	2.2851	1.1565	2.9453	0.0790	2.2579	1.2171
A	64	ALA	2.3539	1.1518	0.9499	2.0071	2.2990	1.2277
A	65	VAL	2.9807	0.0947	1.5849	1.2240	2.3013	1.1028
A	66	ASP	2.2968	1.1208	2.2917	1.1528	2.9978	0.0319
A	67	LYS	2.3856	1.1614	1.6736	1.1420	0.9876	2.0257
A	68	ALA	1.6397	1.2006	2.3529	1.1380	0.3389	1.2555
A	69	ASN	2.9703	0.0235	0.9508	2.0039	2.2856	1.1697
A	70	LEU	0.9988	2.0835	0.9707	2.0200	0.9968	0.0301
A	71	GLU	2.3234	1.1033	0.9216	1.9807	1.5985	1.1476
A	72	ILE	-2.3405	1.1585	-0.2774	2.3055	-0.9807	0.0623
A	73	MET	2.2677	1.0622	2.2850	1.1386	2.9417	0.0462
A	74	THR	2.3588	1.2377	2.3375	1.1179	1.0208	3.5635
A	75	LYS	1.0011	0.0149	0.9986	3.5071	1.7016	1.1688
A	76	ARG	2.3027	1.1507	1.6566	2.2931	0.3034	2.3661
A	77	SER	-0.9861	2.0609	-0.9670	0.0133	-1.6052	1.1552
A	78	ASN	-2.3794	1.1584	-0.9969	0.0621	-0.3461	1.1755
A	79	TYR	2.2299	1.1461	2.2647	1.2122	2.1762	1.1907
A	80	THR	-2.3676	1.2459	-0.2644	1.0781	-2.3401	1.1770
A	81	PRO	0.9626	3.4296	1.5859	2.2722	0.3207	3.0297
A	82	ILE	2.8998	0.0739	2.9101	0.0177	1.6066	1.0952
A	83	THR	0.4361	3.0354	-0.2977	2.3821	-0.3196	2.3171
A	84	ASN	-1.0062	2.0645	0.3141	1.0863	1.0038	3.5327
A	85	VAL	-1.0717	0.0834	-2.2977	1.1924	-0.9740	2.0663
A	86	PRO	-1.6081	1.1819	0.9906	2.0610	-0.9377	0.0535
A	87	PRO	2.7478	0.0665	2.7964	0.0775	2.7809	0.0480
A	88	GLU	-2.9536	0.0391	-1.6554	1.1607	-1.6124	1.1762
A	89	VAL	1.6951	1.1912	1.6511	2.3266	0.2473	2.2786
A	90	THR	3.0187	0.0424	1.6467	1.2032	0.9658	0.0395
A	91	VAL	-0.3421	1.1802	-1.0017	0.0600	-0.2958	1.1311
A	92	LEU	-0.3653	2.3480	0.9445	1.9617	0.9242	0.0752
A	93	THR	-1.0092	2.0322	1.0146	2.0403	0.3894	1.0870
A	94	ASN	0.9383	1.9699	2.3363	1.1673	-0.3448	2.3384
A	95	SER	2.9846	0.0775	-0.3627	1.1250	0.8319	0.1053
A	96	PRO	-2.9016	0.0819	-2.1860	1.1931	-1.5951	1.1299
A	97	VAL	1.6531	2.3696	0.9206	2.0132	2.3231	1.1579
A	98	GLU	-0.3437	1.1767	-0.9591	2.0443	-2.3497	1.1418
A	99	LEU	1.0397	0.0546	-0.2958	3.0828	-1.0342	2.0585
A	100	ARG	1.5972	2.2827	2.9206	0.0651	2.1611	1.0703
A	101	GLU	-0.9563	2.0496	-1.6669	1.1482	-0.9536	0.0507
A	102	PRO	-2.3079	1.2159	-0.9730	2.0193	-0.9399	0.0499
A	103	ASN	0.3311	3.0857	1.6441	1.1552	0.9797	0.1114
A	104	VAL	2.2698	1.1738	2.2744	1.2176	2.9584	0.0795
A	105	LEU	-0.3044	2.2497	-0.9859	1.9824	-1.0236	1.9943
A	106	ILE	2.9277	0.0545	2.9075	0.0454	2.1901	1.0904
A	107	CYX	-3.0304	0.0396	-0.3387	1.1706	-0.3704	1.1705
A	108	PHE	1.0351	2.0488	0.3551	1.1803	1.0154	2.0477
A	109	ILE	-2.1907	1.1655	-2.9622	0.0442	-2.9876	0.0665
A	110	ASP	2.9998	0.0361	2.9935	0.0572	1.6505	1.1537
A	111	LYS	1.6744	2.3801	1.0083	0.0380	1.0462	2.0016
A	112	PHE	2.8145	0.0511	2.7809	0.0824	2.8813	0.1322
A	113	THR	-0.1235	0.0539	-0.0852	0.0141	-0.1536	0.0396
A	114	PRO	-0.9983	1.9599	0.3240	3.0763	-0.3483	1.2161
A	115	PRO	-2.9993	0.0553	-1.7134	1.1361	-1.0497	1.9929
A	116	VAL	-2.3200	1.1326	-0.9189	0.0937	-0.9595	1.9150
A	117	VAL	0.9579	2.0171	1.0108	3.4739	0.9401	2.0151
A	118	ASN	-2.9492	0.0697	-0.2899	1.1366	-2.2781	1.1195
A	119	VAL	-1.0327	2.0598	-0.3125	1.1463	-1.0074	1.9721
A	120	THR	0.2571	1.0771	0.3294	1.1289	0.9824	2.0595
A	121	TRP	2.2937	1.2084	2.3382	1.2254	2.3128	1.1083
A	122	LEU	0.9350	1.9344	2.9867	0.0319	2.9748	0.0739
A	123	ARG	-0.9942	2.0468	-2.3120	1.1817	0.3731	1.1774
A	124	ASN	-1.0168	2.0453	1.0142	0.0446	-0.9767	0.0592
A	125	GLY	0.9910	2.0218	0.3049	1.1487	-0.3040	1.1587
A	126	LYS	0.3360	1.2030	0.3017	3.0662	0.3659	2.3478
A	127	PRO	-0.3235	3.0881	-0.3417	1.1389	-0.3781	1.1981
A	128	VAL	0.2857	2.2760	0.3633	1.1310	-1.0153	0.0552
A	129	THR	0.2811	3.0759	-0.3757	1.2285	-0.3574	3.0634
A	130	THR	0.3344	1.2467	0.3380	3.1168	1.6859	1.1606
A	131	GLY	-3.0015	0.1215	-0.9796	0.0467	-1.6460	1.1081
A	132	VAL	-1.6424	1.1545	0.9972	1.9497	0.3241	1.1377
A	133	SER	1.0242	2.0591	-1.6546	1.0948	1.6595	1.1590
A	134	GLU	-1.0528	2.0026	0.2424	1.1494	0.3442	2.3646
A	135	THR	-1.0281	1.9992	1.5765	2.2805	-2.3264	1.1153
A	136	VAL	0.2830	2.3250	0.3564	1.1434	1.6931	1.1881
A	137	PHE	0.3407	1.1519	0.3075	2.3184	-0.3244	2.3161
A	138	LEU	0.3625	3.1084	-0.3358	2.3319	0.3170	1.1656
A	139	PRO	2.3120	1.1799	2.3397	1.1537	1.6401	1.1584
A	140	ARG	0.3500	2.3154	0.3414	1.1433	-0.3626	1.1446
A	141	GLU	2.8975	0.1364	2.1465	1.0937	0.9524	0.0682
A	142	ASP	0.9922	2.0232	0.3054	3.0241	1.6921	1.2039
A	143	HIE	2.8725	0.0961	2.1541	1.1164	2.2198	1.1076
A	144	LEU	-1.0375	2.0359	-0.9892	2.0433	-1.6923	1.1860
A	145	PHE	-0.4240	2.2437	0.9545	1.9821	3.0111	0.0325
A	146	ARG	0.2846	3.0925	1.6625	1.1947	0.9762	1.9589
A	147	LYS	3.0199	0.0861	0.9667	0.0638	3.0131	0.0534
A	148	PHE	0.9309	2.0519	0.9508	2.0372	2.2865	1.1581
A	149	HIE	-2.8955	0.0321	-2.7992	0.0536	-2.8743	0.0748
A	150	TYR	1.6134	2.3004	0.9460	2.0442	1.6431	1.1990
A	151	LEU	2.8570	0.0849	2.2439	1.1555	2.9477	0.0560
A	152	PRO	-2.2160	1.0650	-0.9689	0.0455	-2.3436	1.1858
A	153	PHE	1.6153	1.2283	1.5537	1.1160	-0.4200	1.0669
A	154	LEU	-1.0056	2.0083	-1.6612	1.1479	-1.6298	2.3141
A	155	PRO	0.9934	1.9275	0.3723	1.1105	0.9731	1.9523
A	156	SER	1.5882	2.3209	1.6466	1.1929	-0.3400	1.1912
A	157	THR	-0.9815	2.0139	1.0471	1.9659	-0.9717	1.9941
A	158	GLU	0.4216	1.0937	0.9730	2.0516	0.3402	3.0622
A	159	ASP	1.6276	1.0893	0.3144	1.1463	1.0437	1.9982
A	160	VAL	-2.9849	0.0506	-2.9134	0.0822	-2.2689	1.1150
A	161	TYR	2.2753	1.1636	1.5501	1.0786	0.2310	1.1197
A	162	ASP	2.8199	0.0542	2.9302	0.0291	2.9078	0.0548
A	163	CYX	0.3607	3.0760	-0.3492	3.1351	0.3857	3.0310
A	164	ARG	-1.6218	1.1847	-0.2659	3.0429	-1.6479	2.3246
A	165	VAL	0.3104	3.0831	1.6379	1.1895	1.0097	0.0316
A	166	GLU	-0.3451	1.0840	-1.6434	1.0701	0.3275	1.1462
A	167	HIE	-0.3720	1.1513	1.0258	2.0013	2.3219	1.1338
A	168	TRP	1.6750	1.1657	-0.3346	2.3492	1.6624	2.3180
A	169	GLY	1.6742	2.2855	0.9399	1.9560	2.2649	1.1390
A	170	LEU	-0.2530	2.4513	-1.7065	2.3721	0.3380	1.1542
A	171	ASP	0.3405	1.1608	1.0270	2.0051	0.3621	3.0366
A	172	GLU	0.3046	3.0507	0.3561	2.3424	2.3011	1.1389
A	173	PRO	1.6286	1.1522	2.3489	1.1834	0.2288	1.1547
A	174	LEU	-0.9518	1.9823	-0.2966	1.1479	0.3468	1.1413
A	175	LEU	0.2344	1.1942	2.9824	0.1269	2.9245	0.0893
A	176	LYS	-2.8877	0.1000	-1.5520	1.0832	-1.6256	1.2338
A	177	HIP	2.8486	0.0379	2.9687	0.0758	2.9230	0.0542
A	178	TRP	2.9761	0.0632	2.2770	1.2237	1.7102	1.1895
A	179	GLU	0.9700	0.0461	0.3277	1.1679	-1.0170	1.9930
A	180	PHE	-1.5977	1.2010	0.3055	2.3459	-0.3518	2.3177
A	181	ASP	-1.6511	1.2342	0.3522	1.1643	1.0087	1.9968
A	182	ALA	1.6694	1.1821	0.3420	1.1370	1.6084	1.2351
A	183	PRO	0.3594	1.1636	0.3351	1.1099	-2.3301	1.1124
B	4	ARG	-0.3507	1.1343	-0.9890	1.9562	-1.0352	2.0356
B	5	PRO	-0.9562	2.0084	0.3023	2.2660	-0.3276	1.1823
B	6	ARG	-1.0184	0.0316	0.3087	1.1999	0.3471	1.1462
B	7	PHE	-2.9178	0.0851	-2.9965	0.0502	-2.9682	0.0178
B	8	LEU	2.8690	0.1094	2.9718	0.0843	2.2768	1.1614
B	9	TRP	2.2721	1.1547	-1.0208	2.0189	3.0405	0.0449
B	10	GLN	1.6050	1.1950	0.2978	1.1561	1.6094	2.3693
B	11	LEU	1.0045	0.0374	1.6807	1.1656	1.7094	1.2101
B	12	LYS	2.2316	1.0462	0.9189	2.0151	1.5912	1.1108
B	13	PHE	-1.5795	2.2755	-1.6564	1.1889	-2.2372	1.2004
B	14	GLU	0.3564	1.1188	0.9966	0.0193	-0.9700	0.0261
B	15	CYX	1.7336	2.3236	0.3203	2.3155	1.0498	2.0733
B	16	HIP	-0.2635	2.2966	0.3321	1.2458	-2.3865	1.1543
B	17	PHE	0.9156	1.9665	1.6113	1.1463	2.3318	1.1802
B	18	PHE	0.2840	1.1083	-0.2951	1.2219	-0.3608	1.2135
B	19	ASN	1.0172	3.4804	-0.3294	1.1761	-1.0445	1.9837
B	20	GLY	0.3892	1.1766	0.2866	1.1940	1.6758	1.1468
B	21	THR	-0.9938	1.9420	-2.2786	1.2150	-1.0099	0.0101
B	22	GLU	-0.9606	2.0308	-0.2871	2.2303	-1.7310	1.2114
B	23	ARG	1.6042	2.2578	-0.3638	3.1484	-0.3846	1.2028
B	24	VAL	1.7067	1.2290	1.0256	0.0371	0.3142	3.0909
B	25	ARG	0.3355	3.0372	-0.2898	1.1517	-2.9777	0.0169
B	26	LEU	2.8600	0.0705	2.2876	1.1602	0.9469	1.9172
B	27	LEU	2.3793	1.1580	2.9462	0.0166	2.2927	1.1910
B	28	GLU	-2.8437	0.0160	-0.9850	2.0053	0.3218	1.1760
B	29	ARG	1.0176	0.0216	2.3333	1.1594	1.6042	1.1004
B	30	CYS	-0.9410	2.0016	-2.3137	1.1474	-2.8677	0.0773
B	31	ILE	2.9637	0.0939	-0.3955	1.1501	2.3167	1.1180
B	32	TYR	-1.6936	2.3007	-2.3668	1.1984	-0.3069	3.0773
B	33	ASN	-2.3634	1.1195	-1.6521	1.2045	-1.7094	2.3941
B	34	GLN	1.0298	2.0050	0.9792	2.0569	1.0107	2.0275
B	35	GLU	0.2879	1.1064	-1.7105	2.3867	0.9787	0.0976
B	36	GLU	-1.6855	1.1956	-0.9666	0.0644	-1.7258	1.1850
B	37	SER	-1.6809	1.1804	-1.6564	1.1919	0.3550	2.3846
B	38	VAL	1.0169	0.0236	0.2875	1.1779	2.3780	1.2078
B	39	ARG	2.8322	0.1730	2.9143	0.0334	2.2407	1.1554
B	40	PHE	-0.9968	2.0288	0.3098	3.0815	3.0261	0.0171
B	41	ASP	1.7261	2.3533	-0.3174	1.1766	0.3914	1.1932
B	42	SER	0.9343	2.0314	1.6192	2.2516	2.3128	1.1772
B	43	ASP	0.2682	3.0416	2.3087	1.1840	1.6337	2.3063
B	44	VAL	1.0234	1.9365	1.0066	0.0262	-1.0023	0.0674
B	45	GLY	-0.2979	1.1581	0.3937	1.1828	-1.6890	2.2850
B	46	GLU	2.9955	0.0134	1.6335	2.3087	1.5653	2.3221
B	47	TYR	2.3347	1.2131	-0.3759	2.2312	-0.3835	1.1272
B	48	ARG	2.3091	1.1380	0.9633	2.0569	0.9880	0.1025
B	49	ALA	0.2996	1.3047	1.7120	1.2025	2.2807	1.1971
B	50	VAL	2.1840	1.0616	2.8694	0.0569	0.9885	2.0089
B	51	THR	0.3851	2.2966	0.2842	1.1837	0.9969	2.0103
B	52	GLU	0.2590	1.1371	2.3560	1.2286	1.6468	1.1747
B	53	LEU	0.9232	1.9932	0.3194	1.2212	1.6895	1.1799
B	54	GLY	1.7021	1.0471	-0.9861	2.0807	-0.3263	1.1884
B	55	ARG	0.2992	3.0694	-0.3552	3.0884	0.3354	2.3281
B	56	PRO	1.6927	2.3192	-3.0570	0.0580	-0.3376	1.1514
B	57	ASP	1.6711	1.1353	0.9745	2.0143	1.6387	1.0917
B	58	ALA	0.9381	1.9497	1.6296	1.2118	2.9833	0.0845
B	59	GLU	1.0555	2.0331	0.3171	1.1208	0.9557	1.9782
B	60	TYR	-1.0160	2.0621	2.3348	1.1458	0.3530	2.3635
B	61	TRP	1.6369	1.1303	1.6617	2.3305	0.9644	1.9945
B	62	ASN	2.3183	1.2117	0.3482	1.1770	-0.3343	2.9971
B	63	SER	0.3524	2.9710	0.9941	0.0478	1.6344	1.2643
B	64	GLN	-2.2790	1.1480	-2.2278	1.1515	-0.9700	1.9642
B	65	LYS	2.3534	1.1929	2.3360	1.1431	0.9509	1.9901
B	66	ASP	0.9954	2.0407	2.3286	1.1883	2.2990	1.2058
B	67	LEU	1.6741	1.1465	-0.3720	2.3464	2.3492	1.1327
B	68	LEU	-0.3699	1.1930	2.3367	1.1352	1.6244	2.2881
B	69	GLU	1.6521	1.2216	2.9403	0.0240	2.2705	1.2073
B	70	GLN	3.0074	0.0812	2.3453	1.1821	2.3348	1.1740
B	71	ARG	2.3293	1.1225	2.2747	1.2020	1.6544	2.3259
B	72	ARG	0.9853	2.1013	1.6764	1.1628	2.3349	1.1944
B	73	ALA	-0.3512	1.2266	-1.0233	1.9885	0.2978	3.1214
B	74	ALA	2.9946	0.0884	2.9405	0.0295	1.6806	1.1509
B	75	VAL	1.6610	2.3547	1.6866	1.1559	1.0111	1.9979
B	76	ASP	-1.5970	1.2818	-0.3452	1.0730	-2.2943	1.1471
B	77	THR	0.3424	1.2045	2.9346	0.0748	-2.1785	1.0602
B	78	TYR	-1.6467	1.1425	-2.8166	0.0292	-0.3067	2.3308
B	79	CYX	-0.3660	3.0846	-0.9197	1.9185	2.9974	0.0522
B	80	ARG	1.6116	1.1043	0.2881	3.0444	3.0002	0.0460
B	81	HIP	-0.3113	3.0854	-1.0408	0.0708	-0.9757	0.0227
B	82	MTS	1.5957	1.0994	0.3371	2.2928	-0.3514	2.9849
B	83	TYR	1.0035	2.0737	-0.9795	3.5499	-1.0080	1.9913
B	84	GLY	0.2861	2.3444	2.2950	1.1374	1.6458	1.1934
B	85	VAL	0.3720	1.1950	0.4107	2.3086	0.9773	1.9303
B	86	GLY	0.3906	1.2148	-0.9470	1.9587	-0.9733	2.0313
B	87	GLU	-0.3538	2.3548	0.3393	1.1862	1.6710	2.3646
B	88	SER	0.3348	1.1629	-1.0275	2.0288	-0.3242	1.1676
B	89	PHE	-2.2774	1.1983	-0.2949	1.1127	-0.2627	2.2994
B	90	THR	-0.4021	1.1166	-0.9724	2.0597	-0.9403	0.0250
B	91	VAL	0.3522	1.2276	1.0548	0.0408	1.6469	1.2281
B	92	GLN	0.3539	1.1152	2.3095	1.1347	2.3516	1.2067
B	93	ARG	-0.9375	3.5235	0.9831	1.9956	0.2724	1.1578
B	94	ARG	0.9747	3.5120	1.5899	1.2013	0.9858	1.9758
B	95	VAL	-2.9630	0.0690	-2.2661	1.2246	-2.2820	1.1565
B	96	GLU	0.9773	2.0739	0.9876	2.0297	1.6982	1.1780
B	97	PRO	2.8460	0.1176	2.8418	0.1037	2.1881	1.1252
B	98	LYS	-1.6307	2.1823	-1.6142	1.2469	-2.2325	1.0806
B	99	VAL	1.6541	2.3017	1.6007	1.1851	2.2022	1.1426
B	100	THR	0.2779	1.1370	-0.3364	1.1407	1.6406	1.1120
B	101	VAL	-0.3255	2.2431	0.3955	1.1490	-0.9574	2.0200
B	102	TYR	1.6795	2.3569	2.9435	0.0185	3.0086	0.0707
B	103	PRO	-0.3387	3.1209	1.6646	1.1906	-0.9803	2.0291
B	104	SER	0.9824	0.0538	-0.9819	1.9631	0.3488	1.1380
B	105	LYS	-1.0128	1.9788	-0.3637	2.3172	0.9598	2.0705
B	106	THR	0.3367	2.3612	0.3167	1.1171	0.9283	1.9401
B	107	GLN	0.3331	1.0804	0.2669	2.9915	0.9845	1.9708
B	108	PRO	1.0489	2.0850	-0.9596	0.0161	0.3356	1.1778
B	109	LEU	-0.4056	3.0363	1.0226	0.0788	-1.0017	3.4444
B	110	GLN	0.2332	3.0297	0.9670	2.0186	2.3045	1.1295
B	111	HIP	1.0353	1.9182	-0.3929	1.2333	-0.3778	2.2537
B	112	HIE	-0.3748	2.3836	0.3489	2.3648	2.3279	1.2130
B	113	ASN	-0.2510	1.0946	-0.9806	2.0079	-0.9586	1.9473
B	114	LEU	2.3205	1.1056	1.6474	1.0865	-1.0348	2.0579
B	115	LEU	-2.3196	1.1215	-1.6993	1.1645	-0.9265	1.9801
B	116	VAL	0.2577	3.0371	2.8576	0.0468	2.3211	1.1153
B	117	CYX	-0.9153	1.9655	-0.3301	1.1612	-1.5899	1.0855
B	118	SER	-0.2851	1.1802	1.6815	1.1369	-1.5858	1.1053
B	119	VAL	-2.9086	0.0294	-1.0099	0.0589	-1.0410	1.9972
B	120	SER	2.8228	0.0981	2.9356	0.0963	2.9193	0.0439
B	121	GLY	-1.6256	2.3143	-2.9824	0.0569	-0.9733	1.9900
B	122	PHE	2.2499	1.1705	2.9346	0.0806	1.6513	2.3151
B	123	TYR	-0.0703	0.0866	-0.0592	0.0937	-0.0409	0.0802
B	124	PRO	-0.9770	1.9464	-1.0196	0.0351	0.3438	1.1653
B	125	GLY	0.3469	1.1706	0.9693	0.0336	-1.0172	3.4457
B	126	SER	-1.6850	1.2119	-1.6754	1.2093	-0.9901	0.0215
B	127	ILE	2.8323	0.0361	2.2036	1.2298	2.8192	0.0267
B	128	GLU	-0.3698	1.1308	-0.9518	2.0206	0.3554	1.0867
B	129	VAL	-0.9617	2.0329	-0.2939	1.1398	-0.9727	0.0652
B	130	ARG	1.5926	2.2477	0.9812	2.0141	1.0296	0.0235
B	131	TRP	3.0159	0.0111	2.3049	1.1410	1.6574	1.1325
B	132	PHE	1.6140	1.0961	0.9537	1.9662	1.6090	1.1978
B	133	ARG	0.3184	2.3425	-0.2734	1.1283	-1.6877	1.1337
B	134	ASN	-0.3568	1.1894	-0.2914	1.1556	-0.3587	1.1810
B	135	GLY	0.9516	2.0463	-0.4206	2.2565	-0.9676	2.0038
B	136	GLN	1.0162	1.9468	-1.0172	3.5177	-1.6446	1.1306
B	137	GLU	1.6643	1.1522	0.2555	1.1520	0.3174	1.2480
B	138	GLU	-0.3692	1.1431	-0.3627	3.0449	-0.3467	1.1529
B	139	LYS	1.6695	1.1485	1.6542	2.3592	-0.3023	1.2192
B	140	ALA	0.2784	3.0772	1.0314	0.0416	-2.3018	1.1658
B	141	GLY	-0.2924	3.1009	1.7378	1.1369	-1.0036	0.0638
B	142	VAL	0.9845	0.0511	0.9468	1.9353	0.2970	3.0914
B	143	VAL	-0.9641	2.0492	0.3253	2.3416	1.6904	1.1440
B	144	SER	1.6640	2.3681	0.2826	2.2858	-0.3353	2.8903
B	145	THR	-2.3437	1.2146	0.9238	2.0105	-0.9958	2.0467
B	146	GLY	0.3376	1.1928	0.3549	2.3164	-0.3343	3.0885
B	147	LEU	-0.3541	3.0489	2.3291	1.1245	1.0029	2.0057
B	148	ILE	0.2446	1.1479	1.6556	1.1032	2.3343	1.1910
B	149	GLN	0.2973	3.1135	0.3736	2.3341	-0.3270	1.0563
B	150	ASN	-2.2908	1.1604	-2.9230	0.0258	-2.3504	1.1417
B	151	GLY	0.3174	2.3133	-0.9449	1.9303	-2.2772	1.0894
B	152	ASP	1.6413	1.1415	-0.4302	2.9838	1.6614	1.1412
B	153	TRP	1.5484	2.2265	2.2919	1.2287	2.8182	0.0475
B	154	THR	0.3309	2.3061	-1.6709	1.1523	0.9910	0.0100
B	155	PHE	2.2788	1.1294	1.6576	1.1282	0.3074	1.1658
B	156	GLN	2.2231	1.1635	2.3116	1.1662	2.9847	0.0859
B	157	THR	1.6642	1.1579	-0.9826	2.0251	-0.3300	2.3787
B	158	LEU	-0.9728	1.9831	1.0143	1.9765	0.3565	1.1566
B	159	VAL	-2.3226	1.1208	1.0720	2.0351	0.3552	3.1190
B	160	MET	0.3232	3.1272	-0.3481	1.1661	0.3308	1.1594
B	161	LEU	2.3175	1.1841	0.9875	2.0094	2.9920	0.1115
B	162	GLU	1.6807	1.1585	-1.6768	1.1715	0.4377	1.2033
B	163	THR	2.3066	1.1719	1.0027	1.9536	2.9947	0.0484
B	164	VAL	-2.3475	1.2456	0.3332	1.0864	-0.2846	2.3140
B	165	PRO	-0.3257	1.1683	1.7003	1.1597	-1.0539	2.0749
B	166	ARG	0.9106	1.9324	0.3088	2.2732	0.9734	2.0229
B	167	SER	0.3239	1.1811	-0.3044	1.1248	-0.3100	2.3724
B	168	GLY	-0.3306	1.1944	0.2842	1.1529	-0.2879	1.1943
B	169	GLU	2.9671	0.0478	0.3174	1.2348	2.3180	1.1543
B	170	VAL	1.6826	1.2105	0.9940	0.0577	0.3220	3.1106
B	171	TYR	1.6760	1.1548	-0.9711	0.0320	1.0325	0.0059
B	172	THR	2.2455	1.2285	1.5530	1.1441	2.9296	0.0397
B	173	CYX	0.3446	2.3574	-0.3579	1.1913	-1.6584	1.2192
B	174	GLN	0.9190	2.0284	0.9886	2.0073	-0.3246	1.1450
B	175	VAL	0.3146	3.0668	2.2955	1.1146	0.9522	0.0912
B	176	GLU	-2.9268	0.1432	-0.9429	0.0161	-2.3011	1.1332
B	177	HIE	-1.6786	2.3749	-0.3590	1.1489	1.0434	0.0257
B	178	PRO	0.3067	1.1642	2.3781	1.2035	1.6950	1.2209
B	179	SER	-0.2775	1.1556	-0.3785	1.1721	-0.3631	1.0980
B	180	VAL	-0.9598	0.0853	-3.0270	0.0398	-0.9819	1.9424
B	181	THR	0.9656	1.9182	-0.3637	1.1463	2.2868	1.0388
B	182	SER	-0.3467	3.0748	1.0402	2.0043	-0.3093	1.1246
B	183	PRO	-0.3342	2.2751	0.2979	1.1019	1.6445	1.1649
B	184	LEU	-2.9646	0.0293	-0.2983	1.2295	-1.5771	1.1294
B	185	THR	0.8946	0.0676	2.3159	1.1237	2.2551	1.1755
B	186	VAL	-2.2126	1.1283	-2.9363	0.0922	-2.9217	0.0904
B	187	GLU	1.6004	2.3346	1.6228	1.2000	0.9382	1.9387
B	188	TRP	0.3561	3.0639	-1.6535	2.3559	-0.9420	0.0454
B	189	ARG	1.6751	2.3279	-1.6820	1.2032	-1.6957	1.2095
C	102	LYS	-0.9825	1.8764	0.2623	1.1090	-1.6688	2.3499
C	103	PRO	-0.3718	1.1923	-1.0281	0.0348	0.3072	3.0258
C	104	VAL	-2.9807	0.0422	1.0371	0.0179	0.2106	2.2798
C	105	SER	1.0089	1.9237	-0.3645	1.1787	1.6469	2.3636
C	106	LYS	1.6306	2.3204	0.3294	1.1642	0.3322	1.1661
C	107	TRP	-2.9739	0.0651	1.0405	1.9789	-2.2313	1.1186
C	108	ARG	0.3589	1.1911	-0.9874	0.0110	-1.6559	1.1270
C	109	MET	2.8826	0.0319	2.8722	0.0654	2.1644	1.2197
C	110	ALA	-3.0233	0.0342	-2.9221	0.0518	-1.6018	2.2399
C	111	THR	1.6769	1.1644	1.0324	0.0603	1.6872	1.1384
C	112	PRO	2.9200	0.0377	2.9897	0.0630	1.6563	1.1855
C	113	LEU	1.0069	0.0158	0.3442	1.1213	0.3128	1.1934
C	114	LEU	-1.7407	1.1667	-0.2732	1.1176	2.3815	1.1939
C	115	MET	1.6505	1.2324	0.3271	3.0694	-0.2956	3.0169
C	116	GLN	-0.2501	2.3644	-1.0305	2.0383	0.9839	2.0314
C	117	ALA	2.3288	1.1032	-1.0279	2.0296	-0.2678	2.9888
C	118	LEU	0.2794	1.1373	1.6787	2.2820	-0.2861	1.1465
C	119	PRO	-0.3736	2.9527	-0.3087	1.1725	0.9906	1.9518
