seg1	res1	rnm1	bb1	seg2	res2	rnm2	bb2	bN82A.pcca2	bN82A.pcca2	WT.pcca2	WT.pcca2	lsdm	sdiff	score	pval
								mf	sf	mf	sf				
A	7	ILE	0	A	31	ILE	0	0.3333	0.0000	0.0000	0.0000	1	0.3333	inf	0.0000
A	9	GLN	0	A	23	MET	1	0.4444	0.1925	0.0000	0.0000	1	0.0595	2.3094	0.0209
A	9	GLN	0	B	78	TYR	0	0.1111	0.1925	1.0000	0.0000	1	-0.5040	-4.6188	0.0000
A	14	LEU	1	A	17	ASP	0	0.3333	0.0000	0.0000	0.0000	1	0.3333	inf	0.0000
A	14	LEU	1	A	18	GLN	0	0.4444	0.1925	0.0000	0.0000	1	0.0595	2.3094	0.0209
A	15	ASN	1	A	70	LEU	0	0.6667	0.0000	0.2222	0.1925	1	0.0595	2.3094	0.0209
A	23	MET	0	A	30	GLU	0	0.4444	0.1925	0.0000	0.0000	1	0.0595	2.3094	0.0209
A	24	PHE	0	B	82	MTS	0	0.0000	0.0000	0.4444	0.1925	1	-0.0595	-2.3094	0.0209
A	26	PHE	0	B	123	TYR	0	0.4444	0.1925	0.0000	0.0000	1	0.0595	2.3094	0.0209
A	26	PHE	0	C	107	TRP	0	0.0000	0.0000	0.3333	0.0000	1	-0.3333	-inf	0.0000
A	26	PHE	1	X	2	WAT	0	0.6667	0.0000	1.0000	0.0000	1	-0.3333	-inf	0.0000
A	36	MET	0	A	59	ALA	1	0.4444	0.1925	0.0000	0.0000	1	0.0595	2.3094	0.0209
A	44	ARG	0	A	135	THR	0	0.6667	0.0000	0.2222	0.1925	1	0.0595	2.3094	0.0209
A	45	LEU	0	B	89	PHE	1	0.3333	0.0000	0.0000	0.0000	1	0.3333	inf	0.0000
A	50	ARG	1	C	102	LYS	1	0.2222	0.1925	0.8889	0.1925	1	-0.1223	-2.4495	0.0143
A	50	ARG	1	C	103	PRO	1	0.3333	0.0000	0.7778	0.1925	1	-0.0595	-2.3094	0.0209
A	56	ALA	1	A	60	LEU	0	0.6667	0.0000	1.0000	0.0000	1	-0.3333	-inf	0.0000
A	57	GLN	1	A	60	LEU	1	1.0000	0.0000	0.5556	0.1925	1	0.0595	2.3094	0.0209
A	62	ASN	1	X	2	WAT	0	0.0000	0.0000	0.3333	0.0000	1	-0.3333	-inf	0.0000
A	64	ALA	1	A	68	ALA	0	1.0000	0.0000	0.4444	0.1925	1	0.1707	2.8868	0.0039
A	65	VAL	0	C	113	LEU	1	0.8889	0.1925	0.2222	0.1925	1	0.1223	2.4495	0.0143
A	72	ILE	0	C	116	GLN	1	0.8889	0.1925	0.2222	0.1925	1	0.1223	2.4495	0.0143
A	73	MET	0	X	2	WAT	0	0.6667	0.0000	1.0000	0.0000	1	-0.3333	-inf	0.0000
A	83	THR	1	B	34	GLN	0	0.0000	0.0000	0.3333	0.0000	1	-0.3333	-inf	0.0000
A	84	ASN	0	A	114	PRO	0	0.2222	0.1925	0.6667	0.0000	1	-0.0595	-2.3094	0.0209
A	84	ASN	1	A	113	THR	1	0.5556	0.1925	1.0000	0.0000	1	-0.0595	-2.3094	0.0209
A	85	VAL	1	A	112	PHE	0	0.6667	0.0000	1.0000	0.0000	1	-0.3333	-inf	0.0000
A	86	PRO	1	A	112	PHE	0	0.4444	0.1925	0.0000	0.0000	1	0.0595	2.3094	0.0209
A	87	PRO	1	A	174	LEU	0	0.2222	0.1925	0.7778	0.1925	1	-0.0112	-2.0412	0.0412
A	93	THR	0	A	95	SER	1	0.6667	0.0000	1.0000	0.0000	1	-0.3333	-inf	0.0000
A	95	SER	0	B	120	SER	0	0.3333	0.0000	0.0000	0.0000	1	0.3333	inf	0.0000
A	100	ARG	1	A	102	PRO	1	0.3333	0.0000	0.0000	0.0000	1	0.3333	inf	0.0000
A	104	VAL	0	A	151	LEU	1	0.7778	0.1925	0.1111	0.1925	1	0.1223	2.4495	0.0143
A	107	CYX	0	A	119	VAL	0	0.0000	0.0000	0.3333	0.0000	1	-0.3333	-inf	0.0000
A	108	PHE	1	X	2	WAT	0	0.6667	0.0000	1.0000	0.0000	1	-0.3333	-inf	0.0000
A	111	LYS	0	A	144	LEU	0	0.3333	0.0000	0.8889	0.1925	1	-0.1707	-2.8868	0.0039
A	122	LEU	0	A	175	LEU	0	0.4444	0.1925	0.0000	0.0000	1	0.0595	2.3094	0.0209
A	123	ARG	0	A	160	VAL	1	0.3333	0.0000	0.0000	0.0000	1	0.3333	inf	0.0000
A	131	GLY	1	A	133	SER	1	0.0000	0.0000	0.3333	0.0000	1	-0.3333	-inf	0.0000
A	132	VAL	0	A	149	HIE	0	0.4444	0.1925	0.0000	0.0000	1	0.0595	2.3094	0.0209
A	132	VAL	0	A	150	TYR	1	0.5556	0.1925	0.0000	0.0000	1	0.1707	2.8868	0.0039
A	143	HIE	1	B	34	GLN	0	0.5556	0.1925	0.0000	0.0000	1	0.1707	2.8868	0.0039
A	166	GLU	0	A	173	PRO	0	0.2222	0.1925	0.7778	0.1925	1	-0.0112	-2.0412	0.0412
B	9	TRP	0	B	31	ILE	1	0.1111	0.1925	0.6667	0.0000	1	-0.1707	-2.8868	0.0039
B	11	LEU	0	B	29	ARG	1	0.6667	0.0000	1.0000	0.0000	1	-0.3333	-inf	0.0000
B	11	LEU	0	X	2	WAT	0	1.0000	0.0000	0.5556	0.1925	1	0.0595	2.3094	0.0209
B	12	LYS	1	B	29	ARG	0	0.3333	0.0000	0.0000	0.0000	1	0.3333	inf	0.0000
B	13	PHE	0	B	78	TYR	0	0.0000	0.0000	1.0000	0.0000	1	-1.0000	-inf	0.0000
B	14	GLU	0	B	27	LEU	1	0.1111	0.1925	0.7778	0.1925	1	-0.1223	-2.4495	0.0143
B	14	GLU	1	B	16	HIP	0	0.1111	0.1925	0.7778	0.1925	1	-0.1223	-2.4495	0.0143
B	14	GLU	1	X	2	WAT	0	0.7778	0.1925	0.1111	0.1925	1	0.1223	2.4495	0.0143
B	15	CYX	1	X	2	WAT	0	0.8889	0.1925	0.1111	0.1925	1	0.2334	2.8577	0.0043
B	28	GLU	1	X	2	WAT	0	0.6667	0.0000	0.0000	0.0000	1	0.6667	inf	0.0000
B	29	ARG	1	X	2	WAT	0	0.3333	0.0000	0.0000	0.0000	1	0.3333	inf	0.0000
B	32	TYR	0	B	53	LEU	0	0.4444	0.1925	0.0000	0.0000	1	0.0595	2.3094	0.0209
B	32	TYR	1	B	35	GLU	0	0.8889	0.1925	0.2222	0.1925	1	0.1223	2.4495	0.0143
B	35	GLU	0	B	51	THR	0	0.0000	0.0000	0.5556	0.1925	1	-0.1707	-2.8868	0.0039
B	36	GLU	1	B	51	THR	1	0.3333	0.0000	0.6667	0.0000	1	-0.3333	-inf	0.0000
B	37	SER	1	B	51	THR	1	0.4444	0.1925	1.0000	0.0000	1	-0.1707	-2.8868	0.0039
B	38	VAL	0	B	61	TRP	0	0.2222	0.1925	0.6667	0.0000	1	-0.0595	-2.3094	0.0209
B	38	VAL	1	B	50	VAL	0	0.0000	0.0000	0.4444	0.1925	1	-0.0595	-2.3094	0.0209
B	40	PHE	0	B	46	GLU	1	1.0000	0.0000	0.6667	0.0000	1	0.3333	inf	0.0000
B	47	TYR	0	X	2	WAT	0	0.5556	0.1925	0.0000	0.0000	1	0.1707	2.8868	0.0039
B	51	THR	0	B	53	LEU	1	0.4444	0.1925	0.0000	0.0000	1	0.0595	2.3094	0.0209
B	68	LEU	0	X	2	WAT	0	0.8889	0.1925	0.2222	0.1925	1	0.1223	2.4495	0.0143
B	74	ALA	1	B	79	CYX	0	0.0000	0.0000	0.4444	0.1925	1	-0.0595	-2.3094	0.0209
B	76	ASP	0	B	80	ARG	0	0.6667	0.0000	1.0000	0.0000	1	-0.3333	-inf	0.0000
B	76	ASP	1	B	80	ARG	1	0.2222	0.1925	1.0000	0.0000	1	-0.3929	-4.0415	0.0001
B	78	TYR	0	C	110	ALA	1	0.3333	0.0000	0.8889	0.1925	1	-0.1707	-2.8868	0.0039
B	78	TYR	1	C	108	ARG	0	0.3333	0.0000	0.0000	0.0000	1	0.3333	inf	0.0000
B	81	HIP	0	B	82	MTS	0	0.0000	0.0000	0.3333	0.0000	1	-0.3333	-inf	0.0000
B	82	MTS	0	B	82	MTS	0	0.0000	0.0000	1.0000	0.0000	1	-1.0000	-inf	0.0000
B	82	MTS	0	C	108	ARG	1	0.1111	0.1925	1.0000	0.0000	1	-0.5040	-4.6188	0.0000
B	83	TYR	0	B	87	GLU	0	0.2222	0.1925	0.7778	0.1925	1	-0.0112	-2.0412	0.0412
B	83	TYR	1	X	2	WAT	0	0.8889	0.1925	0.1111	0.1925	1	0.2334	2.8577	0.0043
B	97	PRO	1	B	120	SER	1	0.5556	0.1925	1.0000	0.0000	1	-0.0595	-2.3094	0.0209
B	98	LYS	1	B	119	VAL	0	1.0000	0.0000	0.1111	0.1925	1	0.5040	4.6188	0.0000
B	100	THR	0	B	102	TYR	0	0.4444	0.1925	0.0000	0.0000	1	0.0595	2.3094	0.0209
B	102	TYR	0	B	158	LEU	0	0.3333	0.0000	0.0000	0.0000	1	0.3333	inf	0.0000
B	107	GLN	1	X	2	WAT	0	0.6667	0.0000	1.0000	0.0000	1	-0.3333	-inf	0.0000
B	113	ASN	1	B	162	GLU	1	0.1111	0.1925	0.6667	0.0000	1	-0.1707	-2.8868	0.0039
B	113	ASN	1	B	163	THR	1	0.4444	0.1925	1.0000	0.0000	1	-0.1707	-2.8868	0.0039
B	113	ASN	1	X	2	WAT	0	1.0000	0.0000	0.5556	0.1925	1	0.0595	2.3094	0.0209
B	124	PRO	0	B	177	HIE	0	0.5556	0.1925	0.0000	0.0000	1	0.1707	2.8868	0.0039
B	128	GLU	1	B	176	GLU	0	0.0000	0.0000	0.3333	0.0000	1	-0.3333	-inf	0.0000
B	164	VAL	1	B	171	TYR	0	0.7778	0.1925	0.3333	0.0000	1	0.0595	2.3094	0.0209
B	174	GLN	0	B	176	GLU	0	0.4444	0.1925	0.0000	0.0000	1	0.0595	2.3094	0.0209
B	174	GLN	1	X	2	WAT	0	0.6667	0.0000	0.2222	0.1925	1	0.0595	2.3094	0.0209
C	110	ALA	1	X	2	WAT	0	0.5556	0.1925	1.0000	0.0000	1	-0.0595	-2.3094	0.0209
