seg1	res1	rnm1	bb1	seg2	res2	rnm2	bb2	aT41A.pcca1	aT41A.pcca1	bN82A.pcca2	bN82A.pcca2	lsdm	sdiff	score	pval
								mf	sf	mf	sf				
A	7	ILE	0	A	25	ASH	1	0.6667	0.0000	1.0000	0.0000	1	-0.3333	-inf	0.0000
A	7	ILE	0	B	15	CYX	0	0.0000	0.0000	0.5556	0.1925	1	-0.1707	-2.8868	0.0039
A	7	ILE	0	X	2	WAT	0	0.8889	0.1925	0.1111	0.1925	1	0.2334	2.8577	0.0043
A	15	ASN	1	A	70	LEU	0	0.1111	0.1925	0.6667	0.0000	1	-0.1707	-2.8868	0.0039
A	18	GLN	0	A	19	SER	1	0.5556	0.1925	1.0000	0.0000	1	-0.0595	-2.3094	0.0209
A	22	PHE	0	A	54	PHE	0	1.0000	0.0000	0.5556	0.1925	1	0.0595	2.3094	0.0209
A	24	PHE	0	B	78	TYR	0	0.0000	0.0000	0.7778	0.1925	1	-0.3929	-4.0415	0.0001
A	24	PHE	0	X	2	WAT	0	0.4444	0.1925	0.0000	0.0000	1	0.0595	2.3094	0.0209
A	36	MET	0	A	59	ALA	1	0.0000	0.0000	0.4444	0.1925	1	-0.0595	-2.3094	0.0209
A	41	MTS	0	A	41	MTS	0	0.0000	0.0000	1.0000	0.0000	1	-1.0000	-inf	0.0000
A	41	MTS	0	A	54	PHE	1	0.1111	0.1925	0.7778	0.1925	1	-0.1223	-2.4495	0.0143
A	41	MTS	0	A	56	ALA	1	0.0000	0.0000	0.4444	0.1925	1	-0.0595	-2.3094	0.0209
A	50	ARG	1	C	102	LYS	1	0.7778	0.1925	0.2222	0.1925	1	0.0112	2.0412	0.0412
A	54	PHE	0	A	56	ALA	1	0.4444	0.1925	0.0000	0.0000	1	0.0595	2.3094	0.0209
A	54	PHE	0	C	107	TRP	1	1.0000	0.0000	0.2222	0.1925	1	0.3929	4.0415	0.0001
A	62	ASN	1	A	66	ASP	0	0.1111	0.1925	0.7778	0.1925	1	-0.1223	-2.4495	0.0143
A	67	LYS	1	A	71	GLU	0	0.3333	0.3333	1.0000	0.0000	1	-0.0000	-2.0000	0.0455
A	72	ILE	0	C	116	GLN	1	0.0000	0.0000	0.8889	0.1925	1	-0.5040	-4.6188	0.0000
A	72	ILE	0	C	117	ALA	1	0.0000	0.0000	0.3333	0.0000	1	-0.3333	-inf	0.0000
A	73	MET	0	B	37	SER	0	0.6667	0.0000	0.3333	0.0000	1	0.3333	inf	0.0000
A	76	ARG	0	C	116	GLN	1	0.0000	0.0000	0.8889	0.1925	1	-0.5040	-4.6188	0.0000
A	85	VAL	0	A	86	PRO	0	0.0000	0.0000	0.3333	0.0000	1	-0.3333	-inf	0.0000
A	85	VAL	1	A	112	PHE	0	1.0000	0.0000	0.6667	0.0000	1	0.3333	inf	0.0000
A	88	GLU	0	A	111	LYS	0	0.5556	0.1925	1.0000	0.0000	1	-0.0595	-2.3094	0.0209
A	90	THR	0	A	92	LEU	0	0.3333	0.0000	0.0000	0.0000	1	0.3333	inf	0.0000
A	92	LEU	1	A	105	LEU	0	0.2222	0.1925	0.8889	0.1925	1	-0.1223	-2.4495	0.0143
A	95	SER	0	B	120	SER	0	0.0000	0.0000	0.3333	0.0000	1	-0.3333	-inf	0.0000
A	104	VAL	0	A	151	LEU	1	0.2222	0.1925	0.7778	0.1925	1	-0.0112	-2.0412	0.0412
A	108	PHE	1	X	2	WAT	0	1.0000	0.0000	0.6667	0.0000	1	0.3333	inf	0.0000
A	115	PRO	1	A	117	VAL	1	0.3333	0.0000	0.7778	0.1925	1	-0.0595	-2.3094	0.0209
A	121	TRP	1	A	162	ASP	1	0.6667	0.0000	1.0000	0.0000	1	-0.3333	-inf	0.0000
A	136	VAL	0	X	2	WAT	0	0.6667	0.0000	1.0000	0.0000	1	-0.3333	-inf	0.0000
B	11	LEU	0	B	29	ARG	1	1.0000	0.0000	0.6667	0.0000	1	0.3333	inf	0.0000
B	12	LYS	1	B	29	ARG	0	0.0000	0.0000	0.3333	0.0000	1	-0.3333	-inf	0.0000
B	13	PHE	0	B	78	TYR	0	0.5556	0.1925	0.0000	0.0000	1	0.1707	2.8868	0.0039
B	13	PHE	0	C	110	ALA	1	0.3333	0.0000	0.6667	0.0000	1	-0.3333	-inf	0.0000
B	14	GLU	1	B	26	LEU	0	0.2222	0.1925	0.7778	0.1925	1	-0.0112	-2.0412	0.0412
B	15	CYX	0	B	25	ARG	1	0.2222	0.1925	0.7778	0.1925	1	-0.0112	-2.0412	0.0412
B	15	CYX	0	B	26	LEU	0	1.0000	0.0000	0.4444	0.1925	1	0.1707	2.8868	0.0039
B	15	CYX	1	X	2	WAT	0	0.2222	0.1925	0.8889	0.1925	1	-0.1223	-2.4495	0.0143
B	18	PHE	0	B	23	ARG	0	0.0000	0.0000	0.4444	0.1925	1	-0.0595	-2.3094	0.0209
B	28	GLU	1	X	2	WAT	0	0.2222	0.1925	0.6667	0.0000	1	-0.0595	-2.3094	0.0209
B	30	CYS	1	B	37	SER	0	1.0000	0.0000	0.3333	0.3333	1	0.0000	2.0000	0.0455
B	32	TYR	1	B	35	GLU	0	0.2222	0.1925	0.8889	0.1925	1	-0.1223	-2.4495	0.0143
B	40	PHE	0	B	42	SER	0	0.4444	0.1925	0.0000	0.0000	1	0.0595	2.3094	0.0209
B	40	PHE	0	B	68	LEU	0	0.0000	0.0000	0.5556	0.1925	1	-0.1707	-2.8868	0.0039
B	47	TYR	1	B	62	ASN	0	0.5556	0.1925	1.0000	0.0000	1	-0.0595	-2.3094	0.0209
B	49	ALA	0	B	55	ARG	1	0.4444	0.1925	1.0000	0.0000	1	-0.1707	-2.8868	0.0039
B	60	TYR	0	C	116	GLN	1	0.8889	0.1925	0.2222	0.1925	1	0.1223	2.4495	0.0143
B	62	ASN	0	B	65	LYS	0	0.3333	0.0000	0.0000	0.0000	1	0.3333	inf	0.0000
B	67	LEU	0	C	113	LEU	0	0.0000	0.0000	0.4444	0.1925	1	-0.0595	-2.3094	0.0209
B	67	LEU	0	C	118	LEU	0	0.7778	0.1925	0.0000	0.0000	1	0.3929	4.0415	0.0001
B	72	ARG	1	B	76	ASP	0	0.8889	0.1925	0.0000	0.0000	1	0.5040	4.6188	0.0000
B	72	ARG	1	B	76	ASP	1	0.8889	0.1925	0.0000	0.0000	1	0.5040	4.6188	0.0000
B	75	VAL	1	B	78	TYR	0	0.8889	0.1925	0.0000	0.0000	1	0.5040	4.6188	0.0000
B	75	VAL	1	B	79	CYX	0	0.1111	0.1925	0.8889	0.1925	1	-0.2334	-2.8577	0.0043
B	75	VAL	1	B	79	CYX	1	0.1111	0.1925	0.8889	0.1925	1	-0.2334	-2.8577	0.0043
B	75	VAL	1	B	80	ARG	0	0.0000	0.0000	0.7778	0.1925	1	-0.3929	-4.0415	0.0001
B	75	VAL	1	B	80	ARG	1	0.1111	0.1925	0.8889	0.1925	1	-0.2334	-2.8577	0.0043
B	76	ASP	1	B	78	TYR	1	0.3333	0.0000	0.8889	0.1925	1	-0.1707	-2.8868	0.0039
B	76	ASP	1	B	81	HIP	0	0.0000	0.0000	0.5556	0.1925	1	-0.1707	-2.8868	0.0039
B	77	THR	1	B	79	CYX	1	0.8889	0.1925	0.1111	0.1925	1	0.2334	2.8577	0.0043
B	77	THR	1	B	80	ARG	0	0.7778	0.1925	0.0000	0.0000	1	0.3929	4.0415	0.0001
B	77	THR	1	B	80	ARG	1	0.8889	0.1925	0.0000	0.0000	1	0.5040	4.6188	0.0000
B	77	THR	1	B	81	HIP	0	1.0000	0.0000	0.2222	0.1925	1	0.3929	4.0415	0.0001
B	77	THR	1	C	108	ARG	0	0.1111	0.1925	1.0000	0.0000	1	-0.5040	-4.6188	0.0000
B	78	TYR	0	C	108	ARG	0	0.4444	0.1925	0.0000	0.0000	1	0.0595	2.3094	0.0209
B	78	TYR	0	C	110	ALA	1	0.8889	0.1925	0.3333	0.0000	1	0.1707	2.8868	0.0039
B	79	CYX	0	X	2	WAT	0	1.0000	0.0000	0.1111	0.1925	1	0.5040	4.6188	0.0000
B	79	CYX	1	X	2	WAT	0	1.0000	0.0000	0.3333	0.3333	1	0.0000	2.0000	0.0455
B	82	MTS	0	B	82	MTS	0	1.0000	0.0000	0.0000	0.0000	1	1.0000	inf	0.0000
B	82	MTS	0	C	107	TRP	1	0.5556	0.1925	0.0000	0.0000	1	0.1707	2.8868	0.0039
B	82	MTS	0	C	108	ARG	1	1.0000	0.0000	0.1111	0.1925	1	0.5040	4.6188	0.0000
B	82	MTS	0	X	2	WAT	0	1.0000	0.0000	0.3333	0.3333	1	0.0000	2.0000	0.0455
B	97	PRO	0	B	179	SER	0	0.0000	0.0000	0.3333	0.0000	1	-0.3333	-inf	0.0000
B	97	PRO	1	B	122	PHE	0	1.0000	0.0000	0.6667	0.0000	1	0.3333	inf	0.0000
B	105	LYS	1	B	107	GLN	1	0.3333	0.0000	0.6667	0.0000	1	-0.3333	-inf	0.0000
B	107	GLN	1	B	110	GLN	0	0.6667	0.0000	1.0000	0.0000	1	-0.3333	-inf	0.0000
B	113	ASN	1	B	162	GLU	0	0.3333	0.0000	0.0000	0.0000	1	0.3333	inf	0.0000
B	119	VAL	1	B	122	PHE	0	0.2222	0.1925	0.7778	0.1925	1	-0.0112	-2.0412	0.0412
B	119	VAL	1	B	156	GLN	0	1.0000	0.0000	0.4444	0.1925	1	0.1707	2.8868	0.0039
B	131	TRP	1	B	172	THR	1	0.6667	0.0000	1.0000	0.0000	1	-0.3333	-inf	0.0000
B	132	PHE	0	B	137	GLU	1	0.6667	0.0000	1.0000	0.0000	1	-0.3333	-inf	0.0000
B	167	SER	1	B	190	ALA	1	0.3333	0.0000	0.8889	0.1925	1	-0.1707	-2.8868	0.0039
B	174	GLN	0	B	176	GLU	0	0.0000	0.0000	0.4444	0.1925	1	-0.0595	-2.3094	0.0209
C	114	LEU	1	C	117	ALA	1	0.8889	0.1925	0.1111	0.1925	1	0.2334	2.8577	0.0043
C	118	LEU	1	C	120	MET	0	0.0000	0.0000	0.4444	0.1925	1	-0.0595	-2.3094	0.0209
