seg1	res1	rnm1	bb1	seg2	res2	rnm2	bb2	aT41A.pcca1	aT41A.pcca1	WT.pcca2	WT.pcca2	lsdm	sdiff	score	pval
								mf	sf	mf	sf				
A	4	GLU	0	B	17	PHE	1	0.4444	0.1925	1.0000	0.0000	1	-0.1707	-2.8868	0.0039
A	5	HIP	1	X	2	WAT	0	1.0000	0.0000	0.6667	0.0000	1	0.3333	inf	0.0000
A	9	GLN	0	B	78	TYR	0	0.3333	0.3333	1.0000	0.0000	1	-0.0000	-2.0000	0.0455
A	26	PHE	0	B	83	TYR	0	0.0000	0.0000	0.4444	0.1925	1	-0.0595	-2.3094	0.0209
A	26	PHE	0	B	123	TYR	0	0.3333	0.0000	0.0000	0.0000	1	0.3333	inf	0.0000
A	41	MTS	0	A	41	MTS	0	0.0000	0.0000	1.0000	0.0000	1	-1.0000	-inf	0.0000
A	47	GLU	1	A	51	PHE	1	0.4444	0.1925	0.0000	0.0000	1	0.0595	2.3094	0.0209
A	52	ALA	0	C	105	SER	0	0.3333	0.0000	0.0000	0.0000	1	0.3333	inf	0.0000
A	52	ALA	1	C	105	SER	0	0.4444	0.1925	0.0000	0.0000	1	0.0595	2.3094	0.0209
A	68	ALA	1	A	72	ILE	0	0.5556	0.1925	1.0000	0.0000	1	-0.0595	-2.3094	0.0209
A	83	THR	1	B	34	GLN	0	0.0000	0.0000	0.3333	0.0000	1	-0.3333	-inf	0.0000
A	88	GLU	0	A	111	LYS	0	0.5556	0.1925	1.0000	0.0000	1	-0.0595	-2.3094	0.0209
A	92	LEU	0	A	106	ILE	0	0.3333	0.0000	0.8889	0.1925	1	-0.1707	-2.8868	0.0039
A	92	LEU	1	A	105	LEU	0	0.2222	0.1925	0.8889	0.1925	1	-0.1223	-2.4495	0.0143
A	102	PRO	0	A	154	LEU	0	0.1111	0.1925	0.7778	0.1925	1	-0.1223	-2.4495	0.0143
A	107	CYX	0	A	119	VAL	0	0.0000	0.0000	0.3333	0.0000	1	-0.3333	-inf	0.0000
A	126	LYS	1	A	128	VAL	1	0.0000	0.0000	0.4444	0.1925	1	-0.0595	-2.3094	0.0209
A	136	VAL	0	X	2	WAT	0	0.6667	0.0000	1.0000	0.0000	1	-0.3333	-inf	0.0000
A	144	LEU	1	X	2	WAT	0	1.0000	0.0000	0.6667	0.0000	1	0.3333	inf	0.0000
A	151	LEU	0	X	2	WAT	0	0.2222	0.1925	0.7778	0.1925	1	-0.0112	-2.0412	0.0412
A	176	LYS	1	X	2	WAT	0	1.0000	0.0000	0.6667	0.0000	1	0.3333	inf	0.0000
B	9	TRP	0	B	31	ILE	1	0.1111	0.1925	0.6667	0.0000	1	-0.1707	-2.8868	0.0039
B	11	LEU	0	X	2	WAT	0	1.0000	0.0000	0.5556	0.1925	1	0.0595	2.3094	0.0209
B	13	PHE	0	B	78	TYR	0	0.5556	0.1925	1.0000	0.0000	1	-0.0595	-2.3094	0.0209
B	14	GLU	0	B	27	LEU	1	0.1111	0.1925	0.7778	0.1925	1	-0.1223	-2.4495	0.0143
B	14	GLU	1	B	16	HIP	0	0.0000	0.0000	0.7778	0.1925	1	-0.3929	-4.0415	0.0001
B	14	GLU	1	X	2	WAT	0	0.8889	0.1925	0.1111	0.1925	1	0.2334	2.8577	0.0043
B	15	CYX	0	B	26	LEU	0	1.0000	0.0000	0.3333	0.3333	1	0.0000	2.0000	0.0455
B	15	CYX	0	B	78	TYR	0	0.0000	0.0000	0.8889	0.1925	1	-0.5040	-4.6188	0.0000
B	16	HIP	0	B	25	ARG	0	0.4444	0.1925	0.0000	0.0000	1	0.0595	2.3094	0.0209
B	19	ASN	1	B	22	GLU	1	1.0000	0.0000	0.3333	0.3333	1	0.0000	2.0000	0.0455
B	24	VAL	0	B	83	TYR	0	0.7778	0.1925	0.0000	0.0000	1	0.3929	4.0415	0.0001
B	25	ARG	0	B	41	ASP	0	0.4444	0.1925	1.0000	0.0000	1	-0.1707	-2.8868	0.0039
B	26	LEU	0	B	75	VAL	1	0.4444	0.1925	0.0000	0.0000	1	0.0595	2.3094	0.0209
B	26	LEU	0	X	2	WAT	0	1.0000	0.0000	0.4444	0.1925	1	0.1707	2.8868	0.0039
B	27	LEU	1	X	2	WAT	0	0.8889	0.1925	0.1111	0.1925	1	0.2334	2.8577	0.0043
B	36	GLU	1	B	51	THR	1	0.1111	0.1925	0.6667	0.0000	1	-0.1707	-2.8868	0.0039
B	37	SER	1	B	51	THR	0	0.4444	0.1925	1.0000	0.0000	1	-0.1707	-2.8868	0.0039
B	40	PHE	0	B	71	ARG	1	0.0000	0.0000	0.5556	0.1925	1	-0.1707	-2.8868	0.0039
B	40	PHE	0	B	72	ARG	1	0.0000	0.0000	0.5556	0.1925	1	-0.1707	-2.8868	0.0039
B	47	TYR	0	X	2	WAT	0	0.7778	0.1925	0.0000	0.0000	1	0.3929	4.0415	0.0001
B	51	THR	1	B	55	ARG	0	0.4444	0.1925	0.0000	0.0000	1	0.0595	2.3094	0.0209
B	62	ASN	1	B	65	LYS	0	0.2222	0.1925	0.6667	0.0000	1	-0.0595	-2.3094	0.0209
B	62	ASN	1	B	68	LEU	0	0.2222	0.1925	0.7778	0.1925	1	-0.0112	-2.0412	0.0412
B	66	ASP	1	B	69	GLU	1	0.6667	0.0000	0.1111	0.1925	1	0.1707	2.8868	0.0039
B	66	ASP	1	B	70	GLN	1	0.7778	0.1925	0.1111	0.1925	1	0.1223	2.4495	0.0143
B	67	LEU	0	C	118	LEU	0	0.7778	0.1925	0.0000	0.0000	1	0.3929	4.0415	0.0001
B	68	LEU	0	X	2	WAT	0	0.8889	0.1925	0.2222	0.1925	1	0.1223	2.4495	0.0143
B	72	ARG	1	B	76	ASP	0	0.8889	0.1925	0.0000	0.0000	1	0.5040	4.6188	0.0000
B	72	ARG	1	B	76	ASP	1	0.8889	0.1925	0.0000	0.0000	1	0.5040	4.6188	0.0000
B	73	ALA	1	B	76	ASP	1	0.3333	0.3333	1.0000	0.0000	1	-0.0000	-2.0000	0.0455
B	74	ALA	0	X	2	WAT	0	0.6667	0.0000	1.0000	0.0000	1	-0.3333	-inf	0.0000
B	74	ALA	1	B	79	CYX	0	0.0000	0.0000	0.4444	0.1925	1	-0.0595	-2.3094	0.0209
B	74	ALA	1	X	2	WAT	0	1.0000	0.0000	0.5556	0.1925	1	0.0595	2.3094	0.0209
B	75	VAL	1	B	78	TYR	0	0.8889	0.1925	0.0000	0.0000	1	0.5040	4.6188	0.0000
B	75	VAL	1	B	79	CYX	0	0.1111	0.1925	1.0000	0.0000	1	-0.5040	-4.6188	0.0000
B	75	VAL	1	B	80	ARG	1	0.1111	0.1925	1.0000	0.0000	1	-0.5040	-4.6188	0.0000
B	75	VAL	1	X	2	WAT	0	1.0000	0.0000	0.6667	0.0000	1	0.3333	inf	0.0000
B	76	ASP	1	B	78	TYR	1	0.3333	0.0000	1.0000	0.0000	1	-0.6667	-inf	0.0000
B	76	ASP	1	B	80	ARG	1	0.0000	0.0000	1.0000	0.0000	1	-1.0000	-inf	0.0000
B	76	ASP	1	B	81	HIP	0	0.0000	0.0000	0.7778	0.3849	1	-0.0080	-2.0207	0.0433
B	76	ASP	1	B	81	HIP	1	0.1111	0.1925	1.0000	0.0000	1	-0.5040	-4.6188	0.0000
B	77	THR	1	B	80	ARG	0	0.7778	0.1925	0.0000	0.0000	1	0.3929	4.0415	0.0001
B	77	THR	1	B	80	ARG	1	0.8889	0.1925	0.0000	0.0000	1	0.5040	4.6188	0.0000
B	77	THR	1	C	108	ARG	0	0.1111	0.1925	1.0000	0.0000	1	-0.5040	-4.6188	0.0000
B	78	TYR	0	C	108	ARG	0	0.4444	0.1925	0.0000	0.0000	1	0.0595	2.3094	0.0209
B	78	TYR	1	C	108	ARG	0	0.4444	0.1925	0.0000	0.0000	1	0.0595	2.3094	0.0209
B	78	TYR	1	X	2	WAT	0	0.8889	0.1925	0.3333	0.0000	1	0.1707	2.8868	0.0039
B	79	CYX	0	X	2	WAT	0	1.0000	0.0000	0.0000	0.0000	1	1.0000	inf	0.0000
B	79	CYX	1	X	2	WAT	0	1.0000	0.0000	0.3333	0.0000	1	0.6667	inf	0.0000
B	80	ARG	1	X	2	WAT	0	1.0000	0.0000	0.5556	0.1925	1	0.0595	2.3094	0.0209
B	83	TYR	0	B	87	GLU	0	0.2222	0.1925	0.7778	0.1925	1	-0.0112	-2.0412	0.0412
B	87	GLU	1	B	92	GLN	0	0.7778	0.1925	0.2222	0.1925	1	0.0112	2.0412	0.0412
B	92	GLN	1	B	94	ARG	1	0.6667	0.0000	0.3333	0.0000	1	0.3333	inf	0.0000
B	98	LYS	1	B	119	VAL	0	0.8889	0.1925	0.1111	0.1925	1	0.2334	2.8577	0.0043
B	101	VAL	0	B	186	VAL	0	1.0000	0.0000	0.5556	0.1925	1	0.0595	2.3094	0.0209
B	103	PRO	1	B	114	LEU	1	0.5556	0.1925	1.0000	0.0000	1	-0.0595	-2.3094	0.0209
B	113	ASN	1	B	162	GLU	1	0.2222	0.1925	0.6667	0.0000	1	-0.0595	-2.3094	0.0209
B	113	ASN	1	B	163	THR	1	0.4444	0.1925	1.0000	0.0000	1	-0.1707	-2.8868	0.0039
B	113	ASN	1	X	2	WAT	0	1.0000	0.0000	0.5556	0.1925	1	0.0595	2.3094	0.0209
B	127	ILE	0	B	177	HIE	0	0.3333	0.0000	0.7778	0.1925	1	-0.0595	-2.3094	0.0209
B	130	ARG	0	B	132	PHE	0	1.0000	0.0000	0.5556	0.1925	1	0.0595	2.3094	0.0209
B	164	VAL	0	B	171	TYR	0	0.7778	0.1925	0.3333	0.0000	1	0.0595	2.3094	0.0209
B	164	VAL	1	B	171	TYR	0	1.0000	0.0000	0.3333	0.0000	1	0.6667	inf	0.0000
B	180	VAL	0	B	184	LEU	0	0.3333	0.0000	0.0000	0.0000	1	0.3333	inf	0.0000
C	114	LEU	1	C	117	ALA	1	0.8889	0.1925	0.1111	0.1925	1	0.2334	2.8577	0.0043
C	116	GLN	0	C	118	LEU	1	0.0000	0.0000	0.4444	0.1925	1	-0.0595	-2.3094	0.0209
C	116	GLN	1	C	118	LEU	1	0.0000	0.0000	0.7778	0.1925	1	-0.3929	-4.0415	0.0001
