rgn1	rgn2	WT.pcca2	WT.pcca2	WT.pcca2	WT.pcca2	bN82A.pcca2	bN82A.pcca2	bN82A.pcca2	bN82A.pcca2	aT41A.pcca1	aT41A.pcca1	aT41A.pcca1	aT41A.pcca1
		mf	sf	mf.2	sf.2	mf	sf	mf.2	sf.2	mf	sf	mf.2	sf.2
A110b	MHCII	1.7778	0.3849	-1.4815	0.8981	2.0000	0.0000	-2.0000	0.0000	2.0000	0.0000	-2.0000	0.0000
A110s	MHCII	1.7778	0.3849	-1.4815	0.8981	2.0000	0.0000	-2.0000	0.0000	2.0000	0.0000	-2.0000	0.0000
A117b	L114b	0.0000	0.0000	0.0000	0.0000	0.0000	0.0000	0.0000	0.0000	0.4444	0.1925	0.2222	0.0000
A117b	L114s	0.0000	0.0000	0.0000	0.0000	0.0000	0.0000	0.0000	0.0000	0.4444	0.1925	0.2222	0.0000
A117b	M115b	0.0000	0.0000	0.0000	0.0000	0.0000	0.0000	0.0000	0.0000	0.3333	0.3333	0.1481	0.1283
A117b	M115s	0.0000	0.0000	0.0000	0.0000	0.0000	0.0000	0.0000	0.0000	0.3333	0.3333	0.1481	0.1283
A117b	Q116b	0.1111	0.1925	0.0741	0.1283	0.0000	0.0000	0.0000	0.0000	0.0000	0.0000	0.0000	0.0000
A117b	Q116s	0.1111	0.1925	0.0741	0.1283	0.0000	0.0000	0.0000	0.0000	0.0000	0.0000	0.0000	0.0000
A117s	L114b	0.0000	0.0000	0.0000	0.0000	0.0000	0.0000	0.0000	0.0000	0.4444	0.1925	0.2222	0.0000
A117s	L114s	0.0000	0.0000	0.0000	0.0000	0.0000	0.0000	0.0000	0.0000	0.4444	0.1925	0.2222	0.0000
A117s	M115b	0.0000	0.0000	0.0000	0.0000	0.0000	0.0000	0.0000	0.0000	0.3333	0.3333	0.1481	0.1283
A117s	M115s	0.0000	0.0000	0.0000	0.0000	0.0000	0.0000	0.0000	0.0000	0.3333	0.3333	0.1481	0.1283
A117s	Q116b	0.1111	0.1925	0.0741	0.1283	0.0000	0.0000	0.0000	0.0000	0.0000	0.0000	0.0000	0.0000
A117s	Q116s	0.1111	0.1925	0.0741	0.1283	0.0000	0.0000	0.0000	0.0000	0.0000	0.0000	0.0000	0.0000
K102b	MHCII	0.4444	0.7698	-0.1481	0.2566	0.0000	0.0000	0.0000	0.0000	0.4444	0.3849	0.1481	0.1283
K102b	P103b	0.0000	0.0000	0.0000	0.0000	0.1111	0.1925	0.0741	0.1283	0.0000	0.0000	0.0000	0.0000
K102b	P103s	0.0000	0.0000	0.0000	0.0000	0.1111	0.1925	0.0741	0.1283	0.0000	0.0000	0.0000	0.0000
K102s	MHCII	0.4444	0.7698	-0.1481	0.2566	0.0000	0.0000	0.0000	0.0000	0.4444	0.3849	0.1481	0.1283
K102s	P103b	0.0000	0.0000	0.0000	0.0000	0.1111	0.1925	0.0741	0.1283	0.0000	0.0000	0.0000	0.0000
K102s	P103s	0.0000	0.0000	0.0000	0.0000	0.1111	0.1925	0.0741	0.1283	0.0000	0.0000	0.0000	0.0000
K106b	MHCII	0.6667	0.0000	0.2222	0.0000	0.4444	0.3849	0.1481	0.1283	1.1111	0.7698	-0.5185	1.2830
K106b	P103b	0.0000	0.0000	0.0000	0.0000	0.0000	0.0000	0.0000	0.0000	0.1111	0.1925	0.0741	0.1283
K106b	P103s	0.0000	0.0000	0.0000	0.0000	0.0000	0.0000	0.0000	0.0000	0.1111	0.1925	0.0741	0.1283
K106b	S105b	0.2222	0.3849	0.0741	0.1283	0.0000	0.0000	0.0000	0.0000	0.0000	0.0000	0.0000	0.0000
K106b	S105s	0.2222	0.3849	0.0741	0.1283	0.0000	0.0000	0.0000	0.0000	0.0000	0.0000	0.0000	0.0000
K106s	MHCII	0.6667	0.0000	0.2222	0.0000	0.4444	0.3849	0.1481	0.1283	1.1111	0.7698	-0.5185	1.2830
K106s	P103b	0.0000	0.0000	0.0000	0.0000	0.0000	0.0000	0.0000	0.0000	0.1111	0.1925	0.0741	0.1283
K106s	P103s	0.0000	0.0000	0.0000	0.0000	0.0000	0.0000	0.0000	0.0000	0.1111	0.1925	0.0741	0.1283
K106s	S105b	0.2222	0.3849	0.0741	0.1283	0.0000	0.0000	0.0000	0.0000	0.0000	0.0000	0.0000	0.0000
K106s	S105s	0.2222	0.3849	0.0741	0.1283	0.0000	0.0000	0.0000	0.0000	0.0000	0.0000	0.0000	0.0000
L118b	Q116b	0.5556	0.5092	0.0741	0.1283	0.2222	0.3849	0.0741	0.1283	0.0000	0.0000	0.0000	0.0000
L118b	Q116s	0.5556	0.5092	0.0741	0.1283	0.2222	0.3849	0.0741	0.1283	0.0000	0.0000	0.0000	0.0000
L118s	Q116b	0.5556	0.5092	0.0741	0.1283	0.2222	0.3849	0.0741	0.1283	0.0000	0.0000	0.0000	0.0000
L118s	Q116s	0.5556	0.5092	0.0741	0.1283	0.2222	0.3849	0.0741	0.1283	0.0000	0.0000	0.0000	0.0000
M115b	MHCII	2.0000	0.0000	-2.0000	0.0000	1.7778	0.3849	-1.4815	0.8981	1.7778	0.3849	-1.4815	0.8981
M115s	MHCII	2.0000	0.0000	-2.0000	0.0000	1.7778	0.3849	-1.4815	0.8981	1.7778	0.3849	-1.4815	0.8981
M120b	L118b	0.0000	0.0000	0.0000	0.0000	0.1111	0.1925	0.0741	0.1283	0.1111	0.1925	0.0741	0.1283
M120b	L118s	0.0000	0.0000	0.0000	0.0000	0.1111	0.1925	0.0741	0.1283	0.1111	0.1925	0.0741	0.1283
M120b	Q116b	0.0000	0.0000	0.0000	0.0000	0.1111	0.1925	0.0741	0.1283	0.0000	0.0000	0.0000	0.0000
M120b	Q116s	0.0000	0.0000	0.0000	0.0000	0.1111	0.1925	0.0741	0.1283	0.0000	0.0000	0.0000	0.0000
M120s	L118b	0.0000	0.0000	0.0000	0.0000	0.1111	0.1925	0.0741	0.1283	0.1111	0.1925	0.0741	0.1283
M120s	L118s	0.0000	0.0000	0.0000	0.0000	0.1111	0.1925	0.0741	0.1283	0.1111	0.1925	0.0741	0.1283
M120s	Q116b	0.0000	0.0000	0.0000	0.0000	0.1111	0.1925	0.0741	0.1283	0.0000	0.0000	0.0000	0.0000
M120s	Q116s	0.0000	0.0000	0.0000	0.0000	0.1111	0.1925	0.0741	0.1283	0.0000	0.0000	0.0000	0.0000
MHCII	A110b	3.3333	0.0000	-7.7778	0.0000	3.3333	0.6667	-8.0741	3.7865	3.3333	0.6667	-8.0741	3.7865
MHCII	A110s	3.3333	0.0000	-7.7778	0.0000	3.3333	0.6667	-8.0741	3.7865	3.3333	0.6667	-8.0741	3.7865
MHCII	K102b	0.2222	0.3849	0.0741	0.1283	0.0000	0.0000	0.0000	0.0000	0.0000	0.0000	0.0000	0.0000
MHCII	K102s	0.2222	0.3849	0.0741	0.1283	0.0000	0.0000	0.0000	0.0000	0.0000	0.0000	0.0000	0.0000
MHCII	K106b	0.8889	0.3849	0.0000	0.3849	0.0000	0.0000	0.0000	0.0000	0.6667	0.6667	-0.0741	0.3395
MHCII	K106s	0.8889	0.3849	0.0000	0.3849	0.0000	0.0000	0.0000	0.0000	0.6667	0.6667	-0.0741	0.3395
MHCII	L113b	2.0000	0.0000	-2.0000	0.0000	2.0000	0.0000	-2.0000	0.0000	1.7778	0.3849	-1.4815	0.8981
MHCII	L113s	2.0000	0.0000	-2.0000	0.0000	2.0000	0.0000	-2.0000	0.0000	1.7778	0.3849	-1.4815	0.8981
MHCII	L114b	1.5556	0.3849	-0.9630	0.8981	1.1111	1.0184	-0.8148	1.0502	1.3333	1.1547	-1.3333	1.1547
MHCII	L114s	1.5556	0.3849	-0.9630	0.8981	1.1111	1.0184	-0.8148	1.0502	1.3333	1.1547	-1.3333	1.1547
MHCII	MHCII	1210.2222	10.0074	-1463494.3704	24154.5391	1166.2222	26.4771	-1359375.4074	61366.5827	1162.2222	24.6697	-1350004.0000	57665.3924
MHCII	P119b	0.0000	0.0000	0.0000	0.0000	0.0000	0.0000	0.0000	0.0000	0.4444	0.7698	-0.1481	0.2566
MHCII	P119s	0.0000	0.0000	0.0000	0.0000	0.0000	0.0000	0.0000	0.0000	0.4444	0.7698	-0.1481	0.2566
MHCII	Q116b	1.3333	0.6667	-0.7407	1.1404	1.5556	0.3849	-0.9630	0.8981	0.0000	0.0000	0.0000	0.0000
MHCII	Q116s	1.3333	0.6667	-0.7407	1.1404	1.5556	0.3849	-0.9630	0.8981	0.0000	0.0000	0.0000	0.0000
MHCII	R108b	1.7778	0.3849	-1.4815	0.8981	0.0000	0.0000	0.0000	0.0000	2.2222	0.3849	-2.8148	1.4113
MHCII	R108s	1.7778	0.3849	-1.4815	0.8981	0.0000	0.0000	0.0000	0.0000	2.2222	0.3849	-2.8148	1.4113
MHCII	S105b	1.5556	1.3878	-2.1481	2.2259	1.7778	0.7698	-1.7778	2.3094	2.0000	0.6667	-2.2963	2.0164
MHCII	S105s	1.5556	1.3878	-2.1481	2.2259	1.7778	0.7698	-1.7778	2.3094	2.0000	0.6667	-2.2963	2.0164
MHCII	T111b	2.2222	0.3849	-2.8148	1.4113	2.4444	0.3849	-3.6296	1.4113	1.3333	1.1547	-1.3333	1.1547
MHCII	T111s	2.2222	0.3849	-2.8148	1.4113	2.4444	0.3849	-3.6296	1.4113	1.3333	1.1547	-1.3333	1.1547
Q116b	MHCII	2.2222	1.0184	-3.4074	3.8639	2.8889	1.0184	-6.1481	5.2132	3.5556	2.0367	-11.8519	11.3341
Q116s	MHCII	2.2222	1.0184	-3.4074	3.8639	2.8889	1.0184	-6.1481	5.2132	3.5556	2.0367	-11.8519	11.3341
R108b	K106b	0.0000	0.0000	0.0000	0.0000	0.1111	0.1925	0.0741	0.1283	0.4444	0.5092	0.0741	0.1283
R108b	K106s	0.0000	0.0000	0.0000	0.0000	0.1111	0.1925	0.0741	0.1283	0.4444	0.5092	0.0741	0.1283
R108b	M109b	0.2222	0.3849	0.0741	0.1283	0.0000	0.0000	0.0000	0.0000	0.0000	0.0000	0.0000	0.0000
R108b	M109s	0.2222	0.3849	0.0741	0.1283	0.0000	0.0000	0.0000	0.0000	0.0000	0.0000	0.0000	0.0000
R108b	MHCII	3.3333	1.1547	-8.6667	5.7735	1.5556	0.3849	-0.9630	0.8981	2.2222	0.3849	-2.8148	1.4113
R108s	K106b	0.0000	0.0000	0.0000	0.0000	0.1111	0.1925	0.0741	0.1283	0.4444	0.5092	0.0741	0.1283
R108s	K106s	0.0000	0.0000	0.0000	0.0000	0.1111	0.1925	0.0741	0.1283	0.4444	0.5092	0.0741	0.1283
R108s	M109b	0.2222	0.3849	0.0741	0.1283	0.0000	0.0000	0.0000	0.0000	0.0000	0.0000	0.0000	0.0000
R108s	M109s	0.2222	0.3849	0.0741	0.1283	0.0000	0.0000	0.0000	0.0000	0.0000	0.0000	0.0000	0.0000
R108s	MHCII	3.3333	1.1547	-8.6667	5.7735	1.5556	0.3849	-0.9630	0.8981	2.2222	0.3849	-2.8148	1.4113
S105b	K102b	0.0000	0.0000	0.0000	0.0000	0.0000	0.0000	0.0000	0.0000	0.1111	0.1925	0.0741	0.1283
S105b	K102s	0.0000	0.0000	0.0000	0.0000	0.0000	0.0000	0.0000	0.0000	0.1111	0.1925	0.0741	0.1283
S105b	MHCII	1.5556	0.3849	-0.9630	0.8981	1.7778	0.3849	-1.4815	0.8981	2.4444	0.3849	-3.6296	1.4113
S105b	P103b	0.0000	0.0000	0.0000	0.0000	0.1111	0.1925	0.0741	0.1283	0.0000	0.0000	0.0000	0.0000
S105b	P103s	0.0000	0.0000	0.0000	0.0000	0.1111	0.1925	0.0741	0.1283	0.0000	0.0000	0.0000	0.0000
S105s	K102b	0.0000	0.0000	0.0000	0.0000	0.0000	0.0000	0.0000	0.0000	0.1111	0.1925	0.0741	0.1283
S105s	K102s	0.0000	0.0000	0.0000	0.0000	0.0000	0.0000	0.0000	0.0000	0.1111	0.1925	0.0741	0.1283
S105s	MHCII	1.5556	0.3849	-0.9630	0.8981	1.7778	0.3849	-1.4815	0.8981	2.4444	0.3849	-3.6296	1.4113
S105s	P103b	0.0000	0.0000	0.0000	0.0000	0.1111	0.1925	0.0741	0.1283	0.0000	0.0000	0.0000	0.0000
S105s	P103s	0.0000	0.0000	0.0000	0.0000	0.1111	0.1925	0.0741	0.1283	0.0000	0.0000	0.0000	0.0000
T111b	MHCII	0.4444	0.3849	0.1481	0.1283	0.0000	0.0000	0.0000	0.0000	0.4444	0.7698	-0.1481	0.2566
T111b	T111b	0.0000	0.0000	0.0000	0.0000	0.0000	0.0000	0.0000	0.0000	0.1111	0.1925	0.0741	0.1283
T111b	T111s	0.0000	0.0000	0.0000	0.0000	0.0000	0.0000	0.0000	0.0000	0.1111	0.1925	0.0741	0.1283
T111s	MHCII	0.4444	0.3849	0.1481	0.1283	0.0000	0.0000	0.0000	0.0000	0.4444	0.7698	-0.1481	0.2566
T111s	T111b	0.0000	0.0000	0.0000	0.0000	0.0000	0.0000	0.0000	0.0000	0.1111	0.1925	0.0741	0.1283
T111s	T111s	0.0000	0.0000	0.0000	0.0000	0.0000	0.0000	0.0000	0.0000	0.1111	0.1925	0.0741	0.1283
V104b	MHCII	1.5556	0.3849	-0.9630	0.8981	1.3333	0.0000	-0.4444	0.0000	1.5556	0.3849	-0.9630	0.8981
V104s	MHCII	1.5556	0.3849	-0.9630	0.8981	1.3333	0.0000	-0.4444	0.0000	1.5556	0.3849	-0.9630	0.8981
W107b	MHCII	1.5556	0.7698	-1.2593	1.2830	1.5556	0.3849	-0.9630	0.8981	2.0000	0.0000	-2.0000	0.0000
W107s	MHCII	1.5556	0.7698	-1.2593	1.2830	1.5556	0.3849	-0.9630	0.8981	2.0000	0.0000	-2.0000	0.0000
