rgn1	rgn2	aT41A.pcca1	aT41A.pcca1	aT41A.pcca1	aT41A.pcca1	bN82A.pcca2	bN82A.pcca2	bN82A.pcca2	bN82A.pcca2	lsdm	sdiff	sdiff.2	score	pval	score.2	pval.2
		mf	sf	mf.2	sf.2	mf	sf	mf.2	sf.2							
A117b	L114b	0.4444	0.1925	0.2222	0.0000	0.0000	0.0000	0.0000	0.0000	1	0.0595	0.2222	2.3094	0.0209	inf	0.0000
A117b	L114s	0.4444	0.1925	0.2222	0.0000	0.0000	0.0000	0.0000	0.0000	1	0.0595	0.2222	2.3094	0.0209	inf	0.0000
A117s	L114b	0.4444	0.1925	0.2222	0.0000	0.0000	0.0000	0.0000	0.0000	1	0.0595	0.2222	2.3094	0.0209	inf	0.0000
A117s	L114s	0.4444	0.1925	0.2222	0.0000	0.0000	0.0000	0.0000	0.0000	1	0.0595	0.2222	2.3094	0.0209	inf	0.0000
MHCII	Q116b	0.0000	0.0000	0.0000	0.0000	1.5556	0.3849	-0.9630	0.8981	1	-0.7858		-4.0415	0.0001	1.0722	0.2836
MHCII	Q116s	0.0000	0.0000	0.0000	0.0000	1.5556	0.3849	-0.9630	0.8981	1	-0.7858		-4.0415	0.0001	1.0722	0.2836
MHCII	R108b	2.2222	0.3849	-2.8148	1.4113	0.0000	0.0000	0.0000	0.0000	1	1.4524		5.7735	0.0000	-1.9945	0.0461
MHCII	R108s	2.2222	0.3849	-2.8148	1.4113	0.0000	0.0000	0.0000	0.0000	1	1.4524		5.7735	0.0000	-1.9945	0.0461
