rgn1	rgn2	WT.pcca2	WT.pcca2	bN82A.pcca2	bN82A.pcca2	aT41A.pcca1	aT41A.pcca1
		mf	sf	mf	sf	mf	sf
A110b	MHCII	0.2222	0.3849	1.3333	0.6667	1.3333	0.6667
A110s	MHCII	0.2222	0.3849	1.3333	0.6667	1.3333	0.6667
K102b	MHCII	0.2222	0.3849	0.0000	0.0000	0.2222	0.3849
K102s	MHCII	0.2222	0.3849	0.0000	0.0000	0.2222	0.3849
K106b	MHCII	0.4444	0.3849	0.4444	0.3849	0.4444	0.7698
K106s	MHCII	0.4444	0.3849	0.4444	0.3849	0.4444	0.7698
M115b	MHCII	0.2222	0.3849	0.4444	0.3849	0.6667	0.0000
M115s	MHCII	0.2222	0.3849	0.4444	0.3849	0.6667	0.0000
MHCII	A110b	1.5556	0.7698	0.8889	0.3849	1.1111	0.3849
MHCII	A110s	1.5556	0.7698	0.8889	0.3849	1.1111	0.3849
MHCII	K106b	0.2222	0.3849	0.0000	0.0000	0.0000	0.0000
MHCII	K106s	0.2222	0.3849	0.0000	0.0000	0.0000	0.0000
MHCII	L113b	1.1111	0.3849	1.1111	0.3849	0.2222	0.3849
MHCII	L113s	1.1111	0.3849	1.1111	0.3849	0.2222	0.3849
MHCII	L114b	1.1111	0.3849	0.2222	0.3849	0.2222	0.3849
MHCII	L114s	1.1111	0.3849	0.2222	0.3849	0.2222	0.3849
MHCII	MHCII	379.5556	22.8749	329.7778	20.9267	334.2222	10.0958
MHCII	P119b	0.0000	0.0000	0.0000	0.0000	0.4444	0.7698
MHCII	P119s	0.0000	0.0000	0.0000	0.0000	0.4444	0.7698
MHCII	R108b	0.4444	0.3849	0.0000	0.0000	1.1111	0.3849
MHCII	R108s	0.4444	0.3849	0.0000	0.0000	1.1111	0.3849
MHCII	S105b	0.2222	0.3849	0.6667	0.0000	1.1111	0.3849
MHCII	S105s	0.2222	0.3849	0.6667	0.0000	1.1111	0.3849
MHCII	T111b	0.2222	0.3849	0.4444	0.3849	0.6667	0.6667
MHCII	T111s	0.2222	0.3849	0.4444	0.3849	0.6667	0.6667
Q116b	MHCII	0.4444	0.7698	1.1111	0.7698	1.1111	1.0184
Q116s	MHCII	0.4444	0.7698	1.1111	0.7698	1.1111	1.0184
R108b	K106b	0.0000	0.0000	0.1111	0.1925	0.1111	0.1925
R108b	K106s	0.0000	0.0000	0.1111	0.1925	0.1111	0.1925
R108b	MHCII	0.8889	0.7698	0.2222	0.3849	0.8889	0.3849
R108s	K106b	0.0000	0.0000	0.1111	0.1925	0.1111	0.1925
R108s	K106s	0.0000	0.0000	0.1111	0.1925	0.1111	0.1925
R108s	MHCII	0.8889	0.7698	0.2222	0.3849	0.8889	0.3849
S105b	MHCII	0.4444	0.7698	0.4444	0.3849	0.4444	0.7698
S105s	MHCII	0.4444	0.7698	0.4444	0.3849	0.4444	0.7698
T111b	MHCII	0.4444	0.3849	0.0000	0.0000	0.0000	0.0000
T111s	MHCII	0.4444	0.3849	0.0000	0.0000	0.0000	0.0000
V104b	MHCII	0.2222	0.3849	0.0000	0.0000	1.1111	0.3849
V104s	MHCII	0.2222	0.3849	0.0000	0.0000	1.1111	0.3849
W107b	MHCII	0.6667	0.0000	0.8889	0.3849	0.8889	1.0184
W107s	MHCII	0.6667	0.0000	0.8889	0.3849	0.8889	1.0184
