bspair1	bspair2	aT41A.pcca1	aT41A.pcca1	bN82A.pcca2	bN82A.pcca2	lsdm	sdiff	score	pval
		mf	sf	mf	sf				
A_101_1_A_98_1	A_59_1_A_56_1	0.3333	0.2887	-0.8333	0.2887	1	0.3502	2.8577	0.0043
A_101_1_A_98_1	A_75_1_A_72_1	0.1667	0.2887	-0.8333	0.2887	1	0.1835	2.4495	0.0143
A_101_1_A_98_1	B_130_0_B_128_0	-0.3333	0.2887	0.6667	0.2887	1	-0.1835	-2.4495	0.0143
A_101_1_A_98_1	B_44_1_B_41_1	-0.3333	0.2887	1.0000	0.0000	1	-0.7560	-4.6188	0.0000
A_101_1_A_98_1	B_51_0_B_36_1	0.0000	0.0000	-0.8333	0.2887	1	0.2560	2.8868	0.0039
A_101_1_A_98_1	B_76_1_B_73_1	0.0000	0.0000	0.8333	0.2887	1	-0.2560	-2.8868	0.0039
A_101_1_A_98_1	B_80_0_B_76_0	-0.1667	0.2887	0.6667	0.2887	1	-0.0168	-2.0412	0.0412
A_101_1_A_98_1	B_86_1_B_83_1	0.0000	0.0000	0.5000	0.0000	1	-0.5000	-inf	0.0000
A_118_0_A_166_0	A_118_0_A_166_0	1.0000	0.0000	0.0000	0.0000	1	1.0000	inf	0.0000
A_118_0_A_166_0	A_44_0_A_134_1	0.8333	0.2887	0.0000	0.0000	1	0.2560	2.8868	0.0039
A_118_0_A_166_0	A_44_0_A_30_0	0.8333	0.2887	0.0000	0.0000	1	0.2560	2.8868	0.0039
A_118_0_A_166_0	A_48_1_A_45_1	-0.8333	0.2887	0.0000	0.0000	1	-0.2560	-2.8868	0.0039
A_118_0_A_166_0	A_50_1_A_46_1	-0.5000	0.0000	0.0000	0.0000	1	-0.5000	-inf	0.0000
A_118_0_A_166_0	A_50_1_A_47_1	0.8333	0.2887	0.0000	0.0000	1	0.2560	2.8868	0.0039
A_118_0_A_166_0	A_59_1_A_56_1	-0.5000	0.0000	0.0000	0.0000	1	-0.5000	-inf	0.0000
A_118_0_A_166_0	A_5_0_A_27_0	0.5000	0.0000	0.0000	0.0000	1	0.5000	inf	0.0000
A_118_0_A_166_0	A_6_1_A_27_0	1.0000	0.0000	0.0000	0.0000	1	1.0000	inf	0.0000
A_118_0_A_166_0	B_145_1_B_158_1	0.5000	0.0000	0.0000	0.0000	1	0.5000	inf	0.0000
A_118_0_A_166_0	B_23_1_B_22_0	-0.6667	0.2887	0.0000	0.0000	1	-0.0893	-2.3094	0.0209
A_118_0_A_166_0	B_28_1_B_40_1	-0.6667	0.2887	0.0000	0.0000	1	-0.0893	-2.3094	0.0209
A_118_0_A_166_0	B_35_1_B_33_1	-0.5000	0.0000	0.0000	0.0000	1	-0.5000	-inf	0.0000
A_118_0_A_166_0	B_43_1_B_41_0	-1.0000	0.0000	0.0000	0.0000	1	-1.0000	-inf	0.0000
A_118_0_A_166_0	B_89_1_B_86_1	0.5000	0.0000	0.0000	0.0000	1	0.5000	inf	0.0000
A_118_0_A_166_0	C_105_0_A_51_1	-0.5000	0.0000	0.0000	0.0000	1	-0.5000	-inf	0.0000
A_119_1_A_118_0	A_5_0_A_27_0	0.1667	0.2887	-0.6667	0.2887	1	0.0168	2.0412	0.0412
A_119_1_A_118_0	A_68_1_A_64_1	0.0000	0.0000	0.5000	0.0000	1	-0.5000	-inf	0.0000
A_119_1_A_118_0	B_104_0_B_114_1	0.0000	0.0000	-0.5000	0.0000	1	0.5000	inf	0.0000
A_119_1_A_118_0	B_130_0_B_128_0	0.1667	0.2887	-0.8333	0.2887	1	0.1835	2.4495	0.0143
A_119_1_A_118_0	B_131_0_B_160_1	0.0000	0.0000	0.6667	0.2887	1	-0.0893	-2.3094	0.0209
A_119_1_A_118_0	B_63_1_B_59_1	0.0000	0.0000	-0.5000	0.0000	1	0.5000	inf	0.0000
A_119_1_A_118_0	B_89_1_B_86_1	0.1667	0.2887	1.0000	0.0000	1	-0.2560	-2.8868	0.0039
A_124_0_A_159_0	A_64_1_A_60_1	0.0000	0.0000	0.6667	0.2887	1	-0.0893	-2.3094	0.0209
A_124_0_A_159_0	A_95_1_A_103_0	0.1667	0.2887	-0.6667	0.2887	1	0.0168	2.0412	0.0412
A_124_0_A_159_0	B_106_1_B_110_0	-0.1667	0.2887	1.0000	0.0000	1	-0.5893	-4.0415	0.0001
A_124_0_A_159_0	B_106_1_B_113_0	0.1667	0.2887	-0.8333	0.2887	1	0.1835	2.4495	0.0143
A_124_0_A_159_0	B_107_1_B_110_0	0.0000	0.0000	1.0000	0.0000	1	-1.0000	-inf	0.0000
A_124_0_A_159_0	B_78_1_B_74_1	0.0000	0.0000	-0.5000	0.0000	1	0.5000	inf	0.0000
A_143_0_B_36_0	A_150_1_A_149_0	-0.8333	0.2887	0.1667	0.2887	1	-0.1835	-2.4495	0.0143
A_143_0_B_36_0	A_164_0_A_120_0	0.6667	0.2887	0.0000	0.0000	1	0.0893	2.3094	0.0209
A_143_0_B_36_0	A_30_1_A_29_0	-0.6667	0.2887	0.1667	0.2887	1	-0.0168	-2.0412	0.0412
A_143_0_B_36_0	A_68_1_A_65_1	0.5000	0.0000	-0.6667	0.5774	1	0.0120	2.0207	0.0433
A_143_0_B_36_0	B_28_1_B_40_1	0.5000	0.0000	-0.1667	0.2887	1	0.0893	2.3094	0.0209
A_143_0_B_36_0	B_51_1_B_37_1	-0.8333	0.2887	0.1667	0.2887	1	-0.1835	-2.4495	0.0143
A_143_0_B_36_0	B_80_0_B_76_1	0.6667	0.2887	0.0000	0.0000	1	0.0893	2.3094	0.0209
A_143_0_B_36_0	C_117_1_C_114_1	-0.6667	0.2887	0.0000	0.0000	1	-0.0893	-2.3094	0.0209
A_144_1_A_142_1	A_150_1_A_133_0	0.3333	0.2887	-0.5000	0.0000	1	0.2560	2.8868	0.0039
A_144_1_A_142_1	A_64_1_A_60_1	0.0000	0.0000	0.6667	0.2887	1	-0.0893	-2.3094	0.0209
A_144_1_A_142_1	B_58_1_B_54_1	0.1667	0.2887	-0.8333	0.2887	1	0.1835	2.4495	0.0143
A_150_1_A_133_0	A_144_1_A_142_1	0.3333	0.2887	-0.5000	0.0000	1	0.2560	2.8868	0.0039
A_150_1_A_133_0	B_131_0_B_160_1	0.0000	0.0000	0.6667	0.2887	1	-0.0893	-2.3094	0.0209
A_150_1_A_133_0	B_32_0_A_77_0	0.0000	0.0000	-0.6667	0.2887	1	0.0893	2.3094	0.0209
A_150_1_A_133_0	B_57_1_B_54_1	-0.3333	0.2887	0.6667	0.2887	1	-0.1835	-2.4495	0.0143
A_150_1_A_133_0	B_58_1_B_54_1	-0.1667	0.2887	0.6667	0.2887	1	-0.0168	-2.0412	0.0412
A_150_1_A_133_0	B_60_1_B_56_1	-0.5000	0.5000	0.8333	0.2887	1	-0.1786	-2.3094	0.0209
A_150_1_A_133_0	B_60_1_B_57_1	0.5000	0.5000	-0.8333	0.2887	1	0.1786	2.3094	0.0209
A_150_1_A_133_0	B_72_0_B_69_0	0.0000	0.0000	-0.6667	0.2887	1	0.0893	2.3094	0.0209
A_150_1_A_149_0	A_143_0_B_36_0	-0.8333	0.2887	0.1667	0.2887	1	-0.1835	-2.4495	0.0143
A_150_1_A_149_0	A_164_0_A_120_0	-0.5000	0.0000	0.0000	0.0000	1	-0.5000	-inf	0.0000
A_150_1_A_149_0	A_17_1_A_17_0	-0.5000	0.0000	0.1667	0.2887	1	-0.0893	-2.3094	0.0209
A_150_1_A_149_0	A_44_0_B_152_0	-0.8333	0.2887	0.1667	0.2887	1	-0.1835	-2.4495	0.0143
A_150_1_A_149_0	B_134_0_B_169_0	0.5000	0.0000	0.0000	0.0000	1	0.5000	inf	0.0000
A_150_1_A_149_0	B_142_1_B_139_1	-0.6667	0.2887	0.0000	0.0000	1	-0.0893	-2.3094	0.0209
A_150_1_A_149_0	B_28_1_B_40_1	-0.6667	0.2887	0.1667	0.2887	1	-0.0168	-2.0412	0.0412
A_150_1_A_149_0	B_51_1_B_37_1	1.0000	0.0000	-0.1667	0.2887	1	0.5893	4.0415	0.0001
A_150_1_A_149_0	C_117_1_C_114_1	0.8333	0.2887	0.0000	0.0000	1	0.2560	2.8868	0.0039
A_156_0_A_159_0	A_19_0_A_17_1	-0.1667	0.2887	0.8333	0.2887	1	-0.1835	-2.4495	0.0143
A_156_0_A_159_0	A_41_0_A_54_1	0.0000	0.0000	0.5000	0.0000	1	-0.5000	-inf	0.0000
A_156_0_A_159_0	A_50_1_A_46_1	0.6667	0.5774	-0.5000	0.0000	1	0.0120	2.0207	0.0433
A_156_0_A_159_0	A_50_1_A_47_1	-0.5000	0.5000	0.6667	0.2887	1	-0.0120	-2.0207	0.0433
A_156_0_A_159_0	A_95_1_A_103_0	-0.1667	0.2887	0.5000	0.0000	1	-0.0893	-2.3094	0.0209
A_156_0_A_159_0	B_71_0_B_47_0	-0.1667	0.2887	0.5000	0.0000	1	-0.0893	-2.3094	0.0209
A_156_0_A_159_0	B_76_1_B_73_1	0.0000	0.0000	0.5000	0.0000	1	-0.5000	-inf	0.0000
A_156_0_A_159_0	B_86_1_B_83_1	0.0000	0.0000	0.8333	0.2887	1	-0.2560	-2.8868	0.0039
A_156_0_A_159_0	B_91_1_B_87_1	0.0000	0.0000	1.0000	0.0000	1	-1.0000	-inf	0.0000
A_157_0_A_158_0	B_36_1_B_35_0	-0.5000	0.0000	0.0000	0.0000	1	-0.5000	-inf	0.0000
A_157_0_A_158_0	B_80_0_B_76_1	0.6667	0.2887	0.0000	0.0000	1	0.0893	2.3094	0.0209
A_157_0_A_158_0	C_117_1_C_114_1	-0.6667	0.2887	0.0000	0.0000	1	-0.0893	-2.3094	0.0209
A_158_1_A_156_0	A_57_0_A_55_0	-0.6667	0.2887	0.1667	0.2887	1	-0.0168	-2.0412	0.0412
A_158_1_A_156_0	B_12_0_A_140_1	0.3333	0.2887	-0.6667	0.2887	1	0.1835	2.4495	0.0143
A_158_1_A_156_0	B_16_0_A_4_0	0.0000	0.0000	-0.8333	0.2887	1	0.2560	2.8868	0.0039
A_158_1_A_156_0	B_32_0_A_77_0	0.0000	0.0000	0.6667	0.2887	1	-0.0893	-2.3094	0.0209
A_158_1_A_156_0	B_51_1_B_37_1	0.8333	0.2887	-0.5000	0.5000	1	0.1786	2.3094	0.0209
A_158_1_A_156_0	B_78_1_B_74_1	0.0000	0.0000	0.5000	0.0000	1	-0.5000	-inf	0.0000
A_158_1_A_156_0	C_117_1_C_114_1	0.6667	0.2887	0.0000	0.0000	1	0.0893	2.3094	0.0209
A_164_0_A_120_0	A_143_0_B_36_0	0.6667	0.2887	0.0000	0.0000	1	0.0893	2.3094	0.0209
A_164_0_A_120_0	A_150_1_A_149_0	-0.5000	0.0000	0.0000	0.0000	1	-0.5000	-inf	0.0000
A_164_0_A_120_0	A_164_0_A_166_0	-0.8333	0.2887	0.0000	0.0000	1	-0.2560	-2.8868	0.0039
A_164_0_A_120_0	A_30_1_A_29_0	-0.6667	0.2887	0.1667	0.2887	1	-0.0168	-2.0412	0.0412
A_164_0_A_120_0	A_59_1_A_55_1	-0.5000	0.0000	0.0000	0.0000	1	-0.5000	-inf	0.0000
A_164_0_A_120_0	B_127_1_B_125_1	-0.5000	0.0000	0.0000	0.0000	1	-0.5000	-inf	0.0000
A_164_0_A_120_0	B_130_0_B_128_0	0.5000	0.0000	-0.1667	0.2887	1	0.0893	2.3094	0.0209
A_164_0_A_120_0	B_36_1_B_35_0	-0.5000	0.0000	0.0000	0.0000	1	-0.5000	-inf	0.0000
A_164_0_A_120_0	B_69_1_B_66_1	-0.5000	0.0000	0.0000	0.0000	1	-0.5000	-inf	0.0000
A_164_0_A_120_0	B_90_0_B_86_1	-0.5000	0.0000	0.1667	0.2887	1	-0.0893	-2.3094	0.0209
A_164_0_A_166_0	A_164_0_A_120_0	-0.8333	0.2887	0.0000	0.0000	1	-0.2560	-2.8868	0.0039
A_164_0_A_166_0	A_57_0_A_55_0	-0.8333	0.2887	0.1667	0.2887	1	-0.1835	-2.4495	0.0143
A_164_0_A_166_0	B_69_1_B_66_1	0.6667	0.2887	0.0000	0.0000	1	0.0893	2.3094	0.0209
A_17_1_A_17_0	A_150_1_A_149_0	-0.5000	0.0000	0.1667	0.2887	1	-0.0893	-2.3094	0.0209
A_17_1_A_17_0	A_41_0_A_54_1	0.0000	0.0000	0.8333	0.2887	1	-0.2560	-2.8868	0.0039
A_17_1_A_17_0	A_57_0_A_55_0	1.0000	0.0000	-0.3333	0.5774	1	0.1786	2.3094	0.0209
A_17_1_A_17_0	A_59_1_A_55_1	-0.5000	0.0000	0.1667	0.2887	1	-0.0893	-2.3094	0.0209
A_17_1_A_17_0	A_68_1_A_64_1	0.6667	0.5774	-0.6667	0.2887	1	0.0423	2.0656	0.0389
A_17_1_A_17_0	B_106_1_B_110_0	-0.1667	0.2887	0.6667	0.2887	1	-0.0168	-2.0412	0.0412
A_17_1_A_17_0	B_107_1_B_110_0	0.0000	0.0000	0.6667	0.2887	1	-0.0893	-2.3094	0.0209
A_17_1_A_17_0	B_12_0_A_140_1	-0.5000	0.5000	0.6667	0.2887	1	-0.0120	-2.0207	0.0433
A_17_1_A_17_0	B_131_0_B_160_1	0.0000	0.0000	-0.5000	0.0000	1	0.5000	inf	0.0000
A_17_1_A_17_0	B_16_0_A_4_0	0.0000	0.0000	0.5000	0.0000	1	-0.5000	-inf	0.0000
A_17_1_A_17_0	B_29_0_A_141_0	0.0000	0.0000	0.5000	0.0000	1	-0.5000	-inf	0.0000
A_17_1_A_17_0	B_69_1_B_66_1	-0.5000	0.0000	0.0000	0.0000	1	-0.5000	-inf	0.0000
A_17_1_A_17_0	B_78_1_B_74_1	0.0000	0.0000	-0.8333	0.2887	1	0.2560	2.8868	0.0039
A_17_1_A_17_0	C_105_0_A_51_1	-0.5000	0.0000	0.1667	0.2887	1	-0.0893	-2.3094	0.0209
A_19_0_A_17_1	A_156_0_A_159_0	-0.1667	0.2887	0.8333	0.2887	1	-0.1835	-2.4495	0.0143
A_19_0_A_17_1	A_50_0_A_47_0	-0.1667	0.2887	0.6667	0.2887	1	-0.0168	-2.0412	0.0412
A_19_0_A_17_1	A_68_1_A_64_1	-0.1667	0.2887	0.6667	0.2887	1	-0.0168	-2.0412	0.0412
A_19_0_A_17_1	A_71_1_A_67_1	0.0000	0.0000	0.5000	0.0000	1	-0.5000	-inf	0.0000
A_19_0_A_17_1	A_95_1_A_103_0	0.0000	0.0000	0.6667	0.2887	1	-0.0893	-2.3094	0.0209
A_19_0_A_17_1	B_62_1_B_58_1	0.1667	0.2887	-0.8333	0.2887	1	0.1835	2.4495	0.0143
A_19_0_A_17_1	B_6_0_B_4_1	-0.1667	0.2887	0.6667	0.2887	1	-0.0168	-2.0412	0.0412
A_19_0_A_17_1	B_71_0_B_47_0	-0.1667	0.2887	0.6667	0.2887	1	-0.0168	-2.0412	0.0412
A_19_0_A_17_1	B_76_1_B_73_1	0.0000	0.0000	0.6667	0.2887	1	-0.0893	-2.3094	0.0209
A_19_0_A_17_1	B_86_1_B_83_1	0.0000	0.0000	1.0000	0.0000	1	-1.0000	-inf	0.0000
A_19_0_A_17_1	B_91_1_B_87_1	0.0000	0.0000	0.8333	0.2887	1	-0.2560	-2.8868	0.0039
A_19_1_A_14_1	B_16_0_A_4_0	0.0000	0.0000	0.5000	0.0000	1	-0.5000	-inf	0.0000
A_19_1_A_14_1	B_29_0_A_141_0	0.0000	0.0000	0.5000	0.0000	1	-0.5000	-inf	0.0000
A_19_1_A_14_1	B_32_0_A_77_0	0.0000	0.0000	-0.6667	0.2887	1	0.0893	2.3094	0.0209
A_19_1_A_14_1	B_60_1_B_56_1	-0.3333	0.2887	0.5000	0.0000	1	-0.2560	-2.8868	0.0039
A_19_1_A_14_1	B_60_1_B_57_1	0.3333	0.2887	-0.5000	0.0000	1	0.2560	2.8868	0.0039
A_19_1_A_14_1	B_74_1_B_70_1	0.0000	0.0000	0.6667	0.2887	1	-0.0893	-2.3094	0.0209
A_27_1_A_6_1	A_28_1_A_25_0	0.1667	0.2887	1.0000	0.0000	1	-0.2560	-2.8868	0.0039
A_27_1_A_6_1	A_46_1_A_44_1	0.0000	0.0000	0.8333	0.2887	1	-0.2560	-2.8868	0.0039
A_27_1_A_6_1	A_50_1_A_46_1	-0.6667	0.5774	0.5000	0.0000	1	-0.0120	-2.0207	0.0433
A_27_1_A_6_1	A_64_1_A_60_1	0.0000	0.0000	-0.6667	0.2887	1	0.0893	2.3094	0.0209
A_27_1_A_6_1	B_145_0_B_158_1	-0.1667	0.2887	0.8333	0.2887	1	-0.1835	-2.4495	0.0143
A_27_1_A_6_1	B_29_0_A_141_0	0.0000	0.0000	0.6667	0.2887	1	-0.0893	-2.3094	0.0209
A_27_1_A_6_1	B_51_0_B_36_1	-0.1667	0.2887	0.5000	0.0000	1	-0.0893	-2.3094	0.0209
A_27_1_A_6_1	B_63_1_B_59_1	-0.1667	0.2887	0.5000	0.0000	1	-0.0893	-2.3094	0.0209
A_27_1_A_6_1	B_74_1_B_70_1	-0.1667	0.2887	0.5000	0.0000	1	-0.0893	-2.3094	0.0209
A_28_1_A_25_0	A_27_1_A_6_1	0.1667	0.2887	1.0000	0.0000	1	-0.2560	-2.8868	0.0039
A_28_1_A_25_0	A_64_1_A_60_1	0.0000	0.0000	-0.6667	0.2887	1	0.0893	2.3094	0.0209
A_28_1_A_25_0	B_106_1_B_113_0	-0.1667	0.2887	0.5000	0.0000	1	-0.0893	-2.3094	0.0209
A_28_1_A_25_0	B_153_1_A_29_0	0.1667	0.2887	-0.5000	0.0000	1	0.0893	2.3094	0.0209
A_28_1_A_25_0	B_29_0_A_141_0	0.0000	0.0000	0.6667	0.2887	1	-0.0893	-2.3094	0.0209
A_28_1_A_25_0	B_74_1_B_70_1	0.0000	0.0000	0.5000	0.0000	1	-0.5000	-inf	0.0000
A_30_1_A_29_0	A_143_0_B_36_0	-0.6667	0.2887	0.1667	0.2887	1	-0.0168	-2.0412	0.0412
A_30_1_A_29_0	A_164_0_A_120_0	-0.6667	0.2887	0.1667	0.2887	1	-0.0168	-2.0412	0.0412
A_30_1_A_29_0	A_53_1_C_105_1	0.6667	0.2887	-0.6667	0.5774	1	0.0423	2.0656	0.0389
A_30_1_A_29_0	B_168_1_B_190_0	0.8333	0.2887	-0.5000	0.5000	1	0.1786	2.3094	0.0209
A_30_1_A_29_0	B_168_1_B_190_1	-0.6667	0.2887	0.1667	0.2887	1	-0.0168	-2.0412	0.0412
A_30_1_A_29_0	B_36_1_B_35_0	0.8333	0.2887	0.0000	0.0000	1	0.2560	2.8868	0.0039
A_30_1_A_29_0	B_74_1_B_71_1	-0.5000	0.0000	0.1667	0.2887	1	-0.0893	-2.3094	0.0209
A_30_1_A_29_0	B_80_0_B_76_1	-0.6667	0.2887	0.0000	0.0000	1	-0.0893	-2.3094	0.0209
A_30_1_A_29_0	B_90_0_B_86_1	0.8333	0.2887	-0.1667	0.2887	1	0.1835	2.4495	0.0143
A_38_1_A_35_1	A_50_0_A_47_0	0.6667	0.2887	-0.5000	0.5000	1	0.0120	2.0207	0.0433
A_38_1_A_35_1	A_50_1_A_47_1	0.8333	0.2887	-0.6667	0.5774	1	0.2090	2.3238	0.0201
A_38_1_A_35_1	A_99_1_A_98_0	-0.6667	0.2887	0.1667	0.2887	1	-0.0168	-2.0412	0.0412
A_38_1_A_35_1	B_26_1_B_42_0	-0.8333	0.2887	0.0000	0.0000	1	-0.2560	-2.8868	0.0039
A_38_1_A_35_1	B_69_1_B_66_1	-0.5000	0.0000	0.0000	0.0000	1	-0.5000	-inf	0.0000
A_38_1_A_35_1	B_93_0_A_47_0	-0.6667	0.2887	0.5000	0.5000	1	-0.0120	-2.0207	0.0433
A_41_0_A_54_1	A_156_0_A_159_0	0.0000	0.0000	0.5000	0.0000	1	-0.5000	-inf	0.0000
A_41_0_A_54_1	A_17_1_A_17_0	0.0000	0.0000	0.8333	0.2887	1	-0.2560	-2.8868	0.0039
A_41_0_A_54_1	A_41_0_A_54_1	0.0000	0.0000	1.0000	0.0000	1	-1.0000	-inf	0.0000
A_41_0_A_54_1	A_50_0_A_47_0	0.0000	0.0000	0.6667	0.2887	1	-0.0893	-2.3094	0.0209
A_41_0_A_54_1	A_50_1_A_46_1	0.0000	0.0000	0.5000	0.0000	1	-0.5000	-inf	0.0000
A_41_0_A_54_1	A_5_0_A_27_0	0.0000	0.0000	0.6667	0.2887	1	-0.0893	-2.3094	0.0209
A_41_0_A_54_1	A_68_1_A_64_1	0.0000	0.0000	-0.5000	0.0000	1	0.5000	inf	0.0000
A_41_0_A_54_1	A_6_1_A_27_0	0.0000	0.0000	0.5000	0.0000	1	-0.5000	-inf	0.0000
A_41_0_A_54_1	B_104_0_B_114_1	0.0000	0.0000	0.5000	0.0000	1	-0.5000	-inf	0.0000
A_41_0_A_54_1	B_12_0_A_140_1	0.0000	0.0000	0.5000	0.0000	1	-0.5000	-inf	0.0000
A_41_0_A_54_1	B_130_0_B_137_0	0.0000	0.0000	-0.5000	0.0000	1	0.5000	inf	0.0000
A_41_0_A_54_1	B_131_0_B_160_1	0.0000	0.0000	-0.6667	0.2887	1	0.0893	2.3094	0.0209
A_41_0_A_54_1	B_153_1_A_29_0	0.0000	0.0000	-0.5000	0.0000	1	0.5000	inf	0.0000
A_41_0_A_54_1	B_168_1_B_190_0	0.0000	0.0000	-0.6667	0.2887	1	0.0893	2.3094	0.0209
A_41_0_A_54_1	B_179_0_B_177_0	0.0000	0.0000	0.5000	0.0000	1	-0.5000	-inf	0.0000
A_41_0_A_54_1	B_29_0_A_141_0	0.0000	0.0000	0.6667	0.2887	1	-0.0893	-2.3094	0.0209
A_41_0_A_54_1	B_59_1_B_55_1	0.0000	0.0000	-0.6667	0.2887	1	0.0893	2.3094	0.0209
A_41_0_A_54_1	B_63_1_B_59_1	0.0000	0.0000	0.5000	0.0000	1	-0.5000	-inf	0.0000
A_41_0_A_54_1	B_74_1_B_70_1	0.0000	0.0000	0.5000	0.0000	1	-0.5000	-inf	0.0000
A_41_0_A_54_1	B_78_1_B_74_1	0.0000	0.0000	-0.6667	0.2887	1	0.0893	2.3094	0.0209
A_41_0_A_54_1	B_91_1_B_87_1	0.0000	0.0000	0.5000	0.0000	1	-0.5000	-inf	0.0000
A_41_0_A_54_1	C_104_1_A_51_1	0.0000	0.0000	1.0000	0.0000	1	-1.0000	-inf	0.0000
A_44_0_A_134_1	A_118_0_A_166_0	0.8333	0.2887	0.0000	0.0000	1	0.2560	2.8868	0.0039
A_44_0_A_134_1	A_44_0_A_30_0	1.0000	0.0000	0.0000	0.0000	1	1.0000	inf	0.0000
A_44_0_A_134_1	A_48_1_A_45_1	-1.0000	0.0000	0.0000	0.0000	1	-1.0000	-inf	0.0000
A_44_0_A_134_1	A_50_1_A_47_1	0.6667	0.2887	-0.1667	0.2887	1	0.0168	2.0412	0.0412
A_44_0_A_134_1	A_59_1_A_56_1	-0.6667	0.2887	0.1667	0.2887	1	-0.0168	-2.0412	0.0412
A_44_0_A_134_1	B_127_1_B_125_1	0.8333	0.2887	-0.1667	0.2887	1	0.1835	2.4495	0.0143
A_44_0_A_134_1	B_145_1_B_158_1	0.6667	0.2887	0.0000	0.0000	1	0.0893	2.3094	0.0209
A_44_0_A_134_1	B_23_1_B_22_0	-0.8333	0.2887	0.0000	0.0000	1	-0.2560	-2.8868	0.0039
A_44_0_A_134_1	B_89_1_B_86_1	0.6667	0.2887	-0.1667	0.2887	1	0.0168	2.0412	0.0412
A_44_0_A_30_0	A_118_0_A_166_0	0.8333	0.2887	0.0000	0.0000	1	0.2560	2.8868	0.0039
A_44_0_A_30_0	A_44_0_A_134_1	1.0000	0.0000	0.0000	0.0000	1	1.0000	inf	0.0000
A_44_0_A_30_0	A_48_1_A_45_1	-1.0000	0.0000	0.0000	0.0000	1	-1.0000	-inf	0.0000
A_44_0_A_30_0	B_127_1_B_125_1	0.8333	0.2887	-0.1667	0.2887	1	0.1835	2.4495	0.0143
A_44_0_A_30_0	B_23_1_B_22_0	-0.8333	0.2887	0.0000	0.0000	1	-0.2560	-2.8868	0.0039
A_44_0_A_30_0	B_43_1_B_41_0	-0.8333	0.2887	0.0000	0.0000	1	-0.2560	-2.8868	0.0039
A_44_0_A_30_0	B_89_1_B_86_1	0.6667	0.2887	-0.1667	0.2887	1	0.0168	2.0412	0.0412
A_44_0_B_152_0	A_150_1_A_149_0	-0.8333	0.2887	0.1667	0.2887	1	-0.1835	-2.4495	0.0143
A_44_0_B_152_0	B_142_1_B_139_1	0.5000	0.0000	0.0000	0.0000	1	0.5000	inf	0.0000
A_44_0_B_152_0	C_117_1_C_114_1	-0.6667	0.2887	0.0000	0.0000	1	-0.0893	-2.3094	0.0209
A_46_1_A_44_1	A_27_1_A_6_1	0.0000	0.0000	0.8333	0.2887	1	-0.2560	-2.8868	0.0039
A_46_1_A_44_1	A_64_1_A_60_1	0.0000	0.0000	-0.8333	0.2887	1	0.2560	2.8868	0.0039
A_46_1_A_44_1	A_6_1_A_27_0	-0.1667	0.2887	0.6667	0.2887	1	-0.0168	-2.0412	0.0412
A_46_1_A_44_1	A_72_1_A_69_1	-0.1667	0.2887	0.8333	0.2887	1	-0.1835	-2.4495	0.0143
A_46_1_A_44_1	B_106_1_B_113_0	0.0000	0.0000	0.6667	0.2887	1	-0.0893	-2.3094	0.0209
A_46_1_A_44_1	B_153_1_A_29_0	0.0000	0.0000	-0.6667	0.2887	1	0.0893	2.3094	0.0209
A_46_1_A_44_1	B_29_0_A_141_0	0.0000	0.0000	0.5000	0.0000	1	-0.5000	-inf	0.0000
A_46_1_A_44_1	B_55_1_B_52_1	0.0000	0.0000	-0.6667	0.2887	1	0.0893	2.3094	0.0209
A_46_1_A_44_1	B_63_1_B_59_1	0.0000	0.0000	0.6667	0.2887	1	-0.0893	-2.3094	0.0209
A_48_1_A_45_1	A_118_0_A_166_0	-0.8333	0.2887	0.0000	0.0000	1	-0.2560	-2.8868	0.0039
A_48_1_A_45_1	A_44_0_A_134_1	-1.0000	0.0000	0.0000	0.0000	1	-1.0000	-inf	0.0000
A_48_1_A_45_1	A_44_0_A_30_0	-1.0000	0.0000	0.0000	0.0000	1	-1.0000	-inf	0.0000
A_48_1_A_45_1	A_48_1_A_45_1	1.0000	0.0000	0.0000	0.0000	1	1.0000	inf	0.0000
A_48_1_A_45_1	A_50_1_A_46_1	0.6667	0.2887	0.0000	0.0000	1	0.0893	2.3094	0.0209
A_48_1_A_45_1	A_50_1_A_47_1	-0.6667	0.2887	0.0000	0.0000	1	-0.0893	-2.3094	0.0209
A_48_1_A_45_1	A_59_1_A_56_1	0.6667	0.2887	0.0000	0.0000	1	0.0893	2.3094	0.0209
A_48_1_A_45_1	A_5_0_A_27_0	-0.6667	0.2887	0.0000	0.0000	1	-0.0893	-2.3094	0.0209
A_48_1_A_45_1	A_6_1_A_27_0	-0.8333	0.2887	0.0000	0.0000	1	-0.2560	-2.8868	0.0039
A_48_1_A_45_1	B_127_1_B_125_1	-0.8333	0.2887	0.0000	0.0000	1	-0.2560	-2.8868	0.0039
A_48_1_A_45_1	B_145_1_B_158_1	-0.6667	0.2887	0.0000	0.0000	1	-0.0893	-2.3094	0.0209
A_48_1_A_45_1	B_23_1_B_22_0	0.8333	0.2887	0.0000	0.0000	1	0.2560	2.8868	0.0039
A_48_1_A_45_1	B_43_1_B_41_0	0.8333	0.2887	0.0000	0.0000	1	0.2560	2.8868	0.0039
A_48_1_A_45_1	B_89_1_B_86_1	-0.6667	0.2887	0.0000	0.0000	1	-0.0893	-2.3094	0.0209
A_50_0_A_47_0	A_19_0_A_17_1	-0.1667	0.2887	0.6667	0.2887	1	-0.0168	-2.0412	0.0412
A_50_0_A_47_0	A_38_1_A_35_1	0.6667	0.2887	-0.5000	0.5000	1	0.0120	2.0207	0.0433
A_50_0_A_47_0	A_41_0_A_54_1	0.0000	0.0000	0.6667	0.2887	1	-0.0893	-2.3094	0.0209
A_50_0_A_47_0	A_59_1_A_56_1	-0.8333	0.2887	0.5000	0.0000	1	-0.7560	-4.6188	0.0000
A_50_0_A_47_0	A_68_1_A_65_1	0.5000	0.0000	-0.3333	0.2887	1	0.2560	2.8868	0.0039
A_50_0_A_47_0	B_157_0_B_146_1	1.0000	0.0000	0.5000	0.0000	1	0.5000	inf	0.0000
A_50_0_A_47_0	B_26_1_B_42_0	-0.8333	0.2887	0.0000	0.0000	1	-0.2560	-2.8868	0.0039
A_50_0_A_47_0	B_78_1_B_74_1	0.0000	0.0000	-0.6667	0.2887	1	0.0893	2.3094	0.0209
A_50_0_A_47_0	B_80_0_B_76_1	0.6667	0.2887	0.0000	0.0000	1	0.0893	2.3094	0.0209
A_50_0_A_47_0	B_86_1_B_83_1	0.0000	0.0000	0.6667	0.2887	1	-0.0893	-2.3094	0.0209
A_50_0_A_47_0	C_117_1_C_114_1	-0.6667	0.2887	0.0000	0.0000	1	-0.0893	-2.3094	0.0209
A_50_1_A_46_1	A_118_0_A_166_0	-0.5000	0.0000	0.0000	0.0000	1	-0.5000	-inf	0.0000
A_50_1_A_46_1	A_156_0_A_159_0	0.6667	0.5774	-0.5000	0.0000	1	0.0120	2.0207	0.0433
A_50_1_A_46_1	A_27_1_A_6_1	-0.6667	0.5774	0.5000	0.0000	1	-0.0120	-2.0207	0.0433
A_50_1_A_46_1	A_41_0_A_54_1	0.0000	0.0000	0.5000	0.0000	1	-0.5000	-inf	0.0000
A_50_1_A_46_1	A_48_1_A_45_1	0.6667	0.2887	0.0000	0.0000	1	0.0893	2.3094	0.0209
A_50_1_A_46_1	A_5_0_A_27_0	-1.0000	0.0000	0.8333	0.2887	1	-1.2560	-6.3509	0.0000
A_50_1_A_46_1	B_106_1_B_110_0	-0.1667	0.2887	0.6667	0.2887	1	-0.0168	-2.0412	0.0412
A_50_1_A_46_1	B_107_1_B_110_0	0.0000	0.0000	0.6667	0.2887	1	-0.0893	-2.3094	0.0209
A_50_1_A_46_1	B_26_1_B_42_0	0.6667	0.2887	0.0000	0.0000	1	0.0893	2.3094	0.0209
A_50_1_A_46_1	B_67_1_B_64_1	-0.5000	0.0000	0.5000	0.0000	1	-1.0000	-inf	0.0000
A_50_1_A_46_1	B_86_1_B_83_1	0.0000	0.0000	-0.6667	0.2887	1	0.0893	2.3094	0.0209
A_50_1_A_47_1	A_118_0_A_166_0	0.8333	0.2887	0.0000	0.0000	1	0.2560	2.8868	0.0039
A_50_1_A_47_1	A_156_0_A_159_0	-0.5000	0.5000	0.6667	0.2887	1	-0.0120	-2.0207	0.0433
A_50_1_A_47_1	A_38_1_A_35_1	0.8333	0.2887	-0.6667	0.5774	1	0.2090	2.3238	0.0201
A_50_1_A_47_1	A_44_0_A_134_1	0.6667	0.2887	-0.1667	0.2887	1	0.0168	2.0412	0.0412
A_50_1_A_47_1	A_48_1_A_45_1	-0.6667	0.2887	0.0000	0.0000	1	-0.0893	-2.3094	0.0209
A_50_1_A_47_1	A_5_0_A_27_0	0.6667	0.2887	-0.6667	0.2887	1	0.5168	3.2660	0.0011
A_50_1_A_47_1	A_71_1_A_67_1	0.1667	0.2887	1.0000	0.0000	1	-0.2560	-2.8868	0.0039
A_50_1_A_47_1	B_106_1_B_110_0	0.1667	0.2887	-0.5000	0.0000	1	0.0893	2.3094	0.0209
A_50_1_A_47_1	B_106_1_B_113_0	-0.3333	0.2887	0.6667	0.2887	1	-0.1835	-2.4495	0.0143
A_50_1_A_47_1	B_107_1_B_110_0	0.0000	0.0000	-0.5000	0.0000	1	0.5000	inf	0.0000
A_50_1_A_47_1	B_26_1_B_42_0	-0.6667	0.2887	0.0000	0.0000	1	-0.0893	-2.3094	0.0209
A_50_1_A_47_1	B_67_1_B_64_1	0.8333	0.2887	-0.6667	0.2887	1	0.6835	3.6742	0.0002
A_50_1_A_47_1	B_86_1_B_83_1	0.0000	0.0000	0.5000	0.0000	1	-0.5000	-inf	0.0000
A_53_1_C_105_1	A_30_1_A_29_0	0.6667	0.2887	-0.6667	0.5774	1	0.0423	2.0656	0.0389
A_53_1_C_105_1	A_64_1_A_60_1	0.0000	0.0000	-0.8333	0.2887	1	0.2560	2.8868	0.0039
A_53_1_C_105_1	B_107_1_B_110_0	0.0000	0.0000	-0.8333	0.2887	1	0.2560	2.8868	0.0039
A_53_1_C_105_1	B_168_1_B_190_1	-1.0000	0.0000	-0.3333	0.2887	1	-0.0893	-2.3094	0.0209
A_53_1_C_105_1	B_29_0_A_141_0	0.0000	0.0000	0.5000	0.0000	1	-0.5000	-inf	0.0000
A_53_1_C_105_1	B_36_1_B_35_0	0.5000	0.0000	0.0000	0.0000	1	0.5000	inf	0.0000
A_53_1_C_105_1	B_78_1_B_74_1	0.0000	0.0000	0.6667	0.2887	1	-0.0893	-2.3094	0.0209
A_53_1_C_105_1	B_93_0_B_153_1	0.6667	0.2887	-0.1667	0.2887	1	0.0168	2.0412	0.0412
A_57_0_A_55_0	A_158_1_A_156_0	-0.6667	0.2887	0.1667	0.2887	1	-0.0168	-2.0412	0.0412
A_57_0_A_55_0	A_164_0_A_166_0	-0.8333	0.2887	0.1667	0.2887	1	-0.1835	-2.4495	0.0143
A_57_0_A_55_0	A_17_1_A_17_0	1.0000	0.0000	-0.3333	0.5774	1	0.1786	2.3094	0.0209
A_57_0_A_55_0	A_59_1_A_55_1	-0.5000	0.0000	0.0000	0.0000	1	-0.5000	-inf	0.0000
A_57_0_A_55_0	B_134_0_B_169_0	-1.0000	0.0000	0.0000	0.0000	1	-1.0000	-inf	0.0000
A_57_0_A_55_0	B_69_1_B_66_1	-0.5000	0.0000	0.0000	0.0000	1	-0.5000	-inf	0.0000
A_59_1_A_55_1	A_164_0_A_120_0	-0.5000	0.0000	0.0000	0.0000	1	-0.5000	-inf	0.0000
A_59_1_A_55_1	A_17_1_A_17_0	-0.5000	0.0000	0.1667	0.2887	1	-0.0893	-2.3094	0.0209
A_59_1_A_55_1	A_57_0_A_55_0	-0.5000	0.0000	0.0000	0.0000	1	-0.5000	-inf	0.0000
A_59_1_A_55_1	A_66_1_A_62_1	-0.6667	0.2887	0.0000	0.0000	1	-0.0893	-2.3094	0.0209
A_59_1_A_55_1	B_67_1_B_64_1	-0.5000	0.0000	0.1667	0.2887	1	-0.0893	-2.3094	0.0209
A_59_1_A_55_1	B_69_1_B_66_1	1.0000	0.0000	0.0000	0.0000	1	1.0000	inf	0.0000
A_59_1_A_55_1	B_80_0_B_76_1	0.6667	0.2887	0.0000	0.0000	1	0.0893	2.3094	0.0209
A_59_1_A_55_1	B_89_1_B_86_1	0.5000	0.0000	-0.1667	0.2887	1	0.0893	2.3094	0.0209
A_59_1_A_55_1	B_90_0_B_86_1	-0.5000	0.0000	0.0000	0.0000	1	-0.5000	-inf	0.0000
A_59_1_A_55_1	B_96_1_B_96_0	0.6667	0.2887	0.0000	0.0000	1	0.0893	2.3094	0.0209
A_59_1_A_56_1	A_101_1_A_98_1	0.3333	0.2887	-0.8333	0.2887	1	0.3502	2.8577	0.0043
A_59_1_A_56_1	A_118_0_A_166_0	-0.5000	0.0000	0.0000	0.0000	1	-0.5000	-inf	0.0000
A_59_1_A_56_1	A_44_0_A_134_1	-0.6667	0.2887	0.1667	0.2887	1	-0.0168	-2.0412	0.0412
A_59_1_A_56_1	A_48_1_A_45_1	0.6667	0.2887	0.0000	0.0000	1	0.0893	2.3094	0.0209
A_59_1_A_56_1	A_50_0_A_47_0	-0.8333	0.2887	0.5000	0.0000	1	-0.7560	-4.6188	0.0000
A_59_1_A_56_1	A_75_1_A_72_1	-0.5000	0.5000	0.6667	0.2887	1	-0.0120	-2.0207	0.0433
A_59_1_A_56_1	B_131_0_B_160_1	0.0000	0.0000	-0.5000	0.0000	1	0.5000	inf	0.0000
A_59_1_A_56_1	B_145_1_B_158_1	-1.0000	0.0000	0.5000	0.5000	1	-0.5000	-3.0000	0.0027
A_59_1_A_56_1	B_16_0_A_4_0	0.0000	0.0000	0.5000	0.0000	1	-0.5000	-inf	0.0000
A_59_1_A_56_1	B_26_1_B_42_0	0.6667	0.2887	0.0000	0.0000	1	0.0893	2.3094	0.0209
A_59_1_A_56_1	B_69_1_B_66_1	-0.5000	0.0000	0.0000	0.0000	1	-0.5000	-inf	0.0000
A_59_1_A_56_1	B_78_1_B_74_1	0.0000	0.0000	-0.8333	0.2887	1	0.2560	2.8868	0.0039
A_59_1_A_56_1	B_80_0_B_76_1	-0.8333	0.2887	0.0000	0.0000	1	-0.2560	-2.8868	0.0039
A_59_1_A_56_1	B_93_0_A_47_0	0.8333	0.2887	-0.3333	0.2887	1	0.3502	2.8577	0.0043
A_59_1_A_56_1	C_105_0_A_51_1	-0.5000	0.0000	0.1667	0.2887	1	-0.0893	-2.3094	0.0209
A_5_0_A_27_0	A_118_0_A_166_0	0.5000	0.0000	0.0000	0.0000	1	0.5000	inf	0.0000
A_5_0_A_27_0	A_119_1_A_118_0	0.1667	0.2887	-0.6667	0.2887	1	0.0168	2.0412	0.0412
A_5_0_A_27_0	A_41_0_A_54_1	0.0000	0.0000	0.6667	0.2887	1	-0.0893	-2.3094	0.0209
A_5_0_A_27_0	A_48_1_A_45_1	-0.6667	0.2887	0.0000	0.0000	1	-0.0893	-2.3094	0.0209
A_5_0_A_27_0	A_50_1_A_46_1	-1.0000	0.0000	0.8333	0.2887	1	-1.2560	-6.3509	0.0000
A_5_0_A_27_0	A_50_1_A_47_1	0.6667	0.2887	-0.6667	0.2887	1	0.5168	3.2660	0.0011
A_5_0_A_27_0	B_127_1_B_125_1	0.5000	0.0000	-0.3333	0.2887	1	0.2560	2.8868	0.0039
A_5_0_A_27_0	B_16_0_A_4_0	0.0000	0.0000	-0.5000	0.0000	1	0.5000	inf	0.0000
A_5_0_A_27_0	B_26_1_B_42_0	-0.6667	0.2887	0.0000	0.0000	1	-0.0893	-2.3094	0.0209
A_5_0_A_27_0	B_35_1_B_33_1	0.5000	0.0000	-0.1667	0.2887	1	0.0893	2.3094	0.0209
A_5_0_A_27_0	B_63_1_B_59_1	-0.1667	0.2887	0.8333	0.2887	1	-0.1835	-2.4495	0.0143
A_5_0_A_27_0	C_104_1_A_51_1	-0.3333	0.2887	0.6667	0.2887	1	-0.1835	-2.4495	0.0143
A_5_1_B_17_1	B_25_0_B_41_0	-0.8333	0.2887	0.1667	0.2887	1	-0.1835	-2.4495	0.0143
A_5_1_B_17_1	B_26_1_B_42_0	-0.6667	0.2887	0.0000	0.0000	1	-0.0893	-2.3094	0.0209
A_5_1_B_17_1	B_36_1_B_35_0	0.5000	0.0000	0.0000	0.0000	1	0.5000	inf	0.0000
A_5_1_B_17_1	B_67_1_B_64_1	0.5000	0.0000	-0.3333	0.2887	1	0.2560	2.8868	0.0039
A_5_1_B_17_1	B_93_0_B_153_1	0.6667	0.2887	-0.1667	0.2887	1	0.0168	2.0412	0.0412
A_5_1_B_17_1	C_117_1_C_114_1	-0.8333	0.2887	0.0000	0.0000	1	-0.2560	-2.8868	0.0039
A_64_1_A_60_1	A_124_0_A_159_0	0.0000	0.0000	0.6667	0.2887	1	-0.0893	-2.3094	0.0209
A_64_1_A_60_1	A_144_1_A_142_1	0.0000	0.0000	0.6667	0.2887	1	-0.0893	-2.3094	0.0209
A_64_1_A_60_1	A_27_1_A_6_1	0.0000	0.0000	-0.6667	0.2887	1	0.0893	2.3094	0.0209
A_64_1_A_60_1	A_28_1_A_25_0	0.0000	0.0000	-0.6667	0.2887	1	0.0893	2.3094	0.0209
A_64_1_A_60_1	A_46_1_A_44_1	0.0000	0.0000	-0.8333	0.2887	1	0.2560	2.8868	0.0039
A_64_1_A_60_1	A_53_1_C_105_1	0.0000	0.0000	-0.8333	0.2887	1	0.2560	2.8868	0.0039
A_64_1_A_60_1	A_64_1_A_60_1	0.0000	0.0000	1.0000	0.0000	1	-1.0000	-inf	0.0000
A_64_1_A_60_1	A_72_1_A_69_1	0.0000	0.0000	-1.0000	0.0000	1	1.0000	inf	0.0000
A_64_1_A_60_1	B_106_1_B_110_0	0.0000	0.0000	0.6667	0.2887	1	-0.0893	-2.3094	0.0209
A_64_1_A_60_1	B_106_1_B_113_0	0.0000	0.0000	-0.8333	0.2887	1	0.2560	2.8868	0.0039
A_64_1_A_60_1	B_107_1_B_110_0	0.0000	0.0000	0.6667	0.2887	1	-0.0893	-2.3094	0.0209
A_64_1_A_60_1	B_153_1_A_29_0	0.0000	0.0000	0.8333	0.2887	1	-0.2560	-2.8868	0.0039
A_64_1_A_60_1	B_180_1_B_177_1	0.0000	0.0000	-0.6667	0.2887	1	0.0893	2.3094	0.0209
A_64_1_A_60_1	B_29_0_A_141_0	0.0000	0.0000	-0.6667	0.2887	1	0.0893	2.3094	0.0209
A_64_1_A_60_1	B_55_1_B_52_1	0.0000	0.0000	0.5000	0.0000	1	-0.5000	-inf	0.0000
A_64_1_A_60_1	B_58_1_B_54_1	0.0000	0.0000	-0.8333	0.2887	1	0.2560	2.8868	0.0039
A_66_1_A_62_1	A_59_1_A_55_1	-0.6667	0.2887	0.0000	0.0000	1	-0.0893	-2.3094	0.0209
A_66_1_A_62_1	A_68_1_A_65_1	-0.8333	0.2887	0.1667	0.2887	1	-0.1835	-2.4495	0.0143
A_66_1_A_62_1	B_130_0_B_128_0	0.6667	0.2887	-0.5000	0.5000	1	0.0120	2.0207	0.0433
A_66_1_A_62_1	B_23_1_B_22_0	-0.5000	0.0000	0.0000	0.0000	1	-0.5000	-inf	0.0000
A_66_1_A_62_1	B_69_1_B_66_1	-0.6667	0.2887	0.0000	0.0000	1	-0.0893	-2.3094	0.0209
A_66_1_A_62_1	B_92_0_B_87_0	0.8333	0.2887	0.0000	0.0000	1	0.2560	2.8868	0.0039
A_66_1_A_62_1	B_96_1_B_96_0	-0.6667	0.2887	0.3333	0.2887	1	-0.1835	-2.4495	0.0143
A_66_1_A_62_1	C_105_0_A_51_1	-0.6667	0.2887	0.1667	0.2887	1	-0.0168	-2.0412	0.0412
A_68_1_A_64_1	A_119_1_A_118_0	0.0000	0.0000	0.5000	0.0000	1	-0.5000	-inf	0.0000
A_68_1_A_64_1	A_17_1_A_17_0	0.6667	0.5774	-0.6667	0.2887	1	0.0423	2.0656	0.0389
A_68_1_A_64_1	A_19_0_A_17_1	-0.1667	0.2887	0.6667	0.2887	1	-0.0168	-2.0412	0.0412
A_68_1_A_64_1	A_41_0_A_54_1	0.0000	0.0000	-0.5000	0.0000	1	0.5000	inf	0.0000
A_68_1_A_64_1	A_71_1_A_67_1	0.0000	0.0000	0.8333	0.2887	1	-0.2560	-2.8868	0.0039
A_68_1_A_64_1	B_107_1_B_110_0	0.0000	0.0000	-0.6667	0.2887	1	0.0893	2.3094	0.0209
A_68_1_A_64_1	B_145_0_B_158_1	0.1667	0.2887	-0.6667	0.2887	1	0.0168	2.0412	0.0412
A_68_1_A_64_1	B_86_1_B_83_1	0.0000	0.0000	0.6667	0.2887	1	-0.0893	-2.3094	0.0209
A_68_1_A_64_1	C_104_1_A_51_1	0.1667	0.2887	-0.5000	0.0000	1	0.0893	2.3094	0.0209
A_68_1_A_65_1	A_143_0_B_36_0	0.5000	0.0000	-0.6667	0.5774	1	0.0120	2.0207	0.0433
A_68_1_A_65_1	A_50_0_A_47_0	0.5000	0.0000	-0.3333	0.2887	1	0.2560	2.8868	0.0039
A_68_1_A_65_1	A_66_1_A_62_1	-0.8333	0.2887	0.1667	0.2887	1	-0.1835	-2.4495	0.0143
A_68_1_A_65_1	B_69_1_B_66_1	0.8333	0.2887	0.0000	0.0000	1	0.2560	2.8868	0.0039
A_68_1_A_65_1	B_80_0_B_76_1	0.8333	0.2887	0.0000	0.0000	1	0.2560	2.8868	0.0039
A_68_1_A_65_1	B_90_0_B_86_1	-0.6667	0.2887	0.1667	0.2887	1	-0.0168	-2.0412	0.0412
A_68_1_A_65_1	B_93_0_A_47_0	-0.5000	0.0000	0.3333	0.2887	1	-0.2560	-2.8868	0.0039
A_68_1_A_65_1	C_105_0_A_51_1	0.8333	0.2887	-0.1667	0.2887	1	0.1835	2.4495	0.0143
A_6_1_A_27_0	A_118_0_A_166_0	1.0000	0.0000	0.0000	0.0000	1	1.0000	inf	0.0000
A_6_1_A_27_0	A_41_0_A_54_1	0.0000	0.0000	0.5000	0.0000	1	-0.5000	-inf	0.0000
A_6_1_A_27_0	A_46_1_A_44_1	-0.1667	0.2887	0.6667	0.2887	1	-0.0168	-2.0412	0.0412
A_6_1_A_27_0	A_48_1_A_45_1	-0.8333	0.2887	0.0000	0.0000	1	-0.2560	-2.8868	0.0039
A_6_1_A_27_0	B_145_0_B_158_1	-0.5000	0.5000	0.6667	0.2887	1	-0.0120	-2.0207	0.0433
A_6_1_A_27_0	B_16_0_A_4_0	0.0000	0.0000	-0.6667	0.2887	1	0.0893	2.3094	0.0209
A_6_1_A_27_0	B_23_1_B_22_0	-0.6667	0.2887	0.0000	0.0000	1	-0.0893	-2.3094	0.0209
A_6_1_A_27_0	B_28_1_B_40_1	-0.6667	0.2887	0.1667	0.2887	1	-0.0168	-2.0412	0.0412
A_6_1_A_27_0	B_63_1_B_59_1	0.1667	0.2887	1.0000	0.0000	1	-0.2560	-2.8868	0.0039
A_6_1_A_27_0	B_89_1_B_86_1	0.5000	0.0000	-0.5000	0.0000	1	1.0000	inf	0.0000
A_6_1_A_27_0	C_104_1_A_51_1	-0.6667	0.5774	0.5000	0.0000	1	-0.0120	-2.0207	0.0433
A_71_1_A_67_1	A_19_0_A_17_1	0.0000	0.0000	0.5000	0.0000	1	-0.5000	-inf	0.0000
A_71_1_A_67_1	A_50_1_A_47_1	0.1667	0.2887	1.0000	0.0000	1	-0.2560	-2.8868	0.0039
A_71_1_A_67_1	A_68_1_A_64_1	0.0000	0.0000	0.8333	0.2887	1	-0.2560	-2.8868	0.0039
A_71_1_A_67_1	B_106_1_B_110_0	0.0000	0.0000	-0.5000	0.0000	1	0.5000	inf	0.0000
A_71_1_A_67_1	B_106_1_B_113_0	0.0000	0.0000	0.6667	0.2887	1	-0.0893	-2.3094	0.0209
A_71_1_A_67_1	B_107_1_B_110_0	0.0000	0.0000	-0.5000	0.0000	1	0.5000	inf	0.0000
A_71_1_A_67_1	B_145_0_B_158_1	0.1667	0.2887	-0.5000	0.0000	1	0.0893	2.3094	0.0209
A_71_1_A_67_1	B_59_1_B_55_1	0.0000	0.0000	-0.5000	0.0000	1	0.5000	inf	0.0000
A_71_1_A_67_1	B_67_1_B_64_1	0.1667	0.2887	-0.6667	0.2887	1	0.0168	2.0412	0.0412
A_71_1_A_67_1	B_86_1_B_83_1	0.0000	0.0000	0.5000	0.0000	1	-0.5000	-inf	0.0000
A_71_1_A_67_1	B_89_1_B_86_1	-0.1667	0.2887	0.6667	0.2887	1	-0.0168	-2.0412	0.0412
A_71_1_A_67_1	B_91_1_B_87_1	0.0000	0.0000	0.6667	0.2887	1	-0.0893	-2.3094	0.0209
A_72_1_A_69_1	A_46_1_A_44_1	-0.1667	0.2887	0.8333	0.2887	1	-0.1835	-2.4495	0.0143
A_72_1_A_69_1	A_64_1_A_60_1	0.0000	0.0000	-1.0000	0.0000	1	1.0000	inf	0.0000
A_72_1_A_69_1	B_107_1_B_110_0	0.0000	0.0000	-0.6667	0.2887	1	0.0893	2.3094	0.0209
A_72_1_A_69_1	B_153_1_A_29_0	0.0000	0.0000	-0.8333	0.2887	1	0.2560	2.8868	0.0039
A_72_1_A_69_1	B_29_0_A_141_0	0.0000	0.0000	0.6667	0.2887	1	-0.0893	-2.3094	0.0209
A_72_1_A_69_1	B_55_1_B_52_1	0.1667	0.2887	-0.5000	0.0000	1	0.0893	2.3094	0.0209
A_75_1_A_72_1	A_101_1_A_98_1	0.1667	0.2887	-0.8333	0.2887	1	0.1835	2.4495	0.0143
A_75_1_A_72_1	A_59_1_A_56_1	-0.5000	0.5000	0.6667	0.2887	1	-0.0120	-2.0207	0.0433
A_75_1_A_72_1	B_51_0_B_36_1	-0.1667	0.2887	1.0000	0.0000	1	-0.5893	-4.0415	0.0001
A_75_1_A_72_1	B_57_1_B_54_1	-0.1667	0.2887	0.6667	0.2887	1	-0.0168	-2.0412	0.0412
A_95_1_A_103_0	A_124_0_A_159_0	0.1667	0.2887	-0.6667	0.2887	1	0.0168	2.0412	0.0412
A_95_1_A_103_0	A_156_0_A_159_0	-0.1667	0.2887	0.5000	0.0000	1	-0.0893	-2.3094	0.0209
A_95_1_A_103_0	A_19_0_A_17_1	0.0000	0.0000	0.6667	0.2887	1	-0.0893	-2.3094	0.0209
A_95_1_A_103_0	B_106_1_B_110_0	0.0000	0.0000	-0.6667	0.2887	1	0.0893	2.3094	0.0209
A_95_1_A_103_0	B_107_1_B_110_0	0.0000	0.0000	-0.6667	0.2887	1	0.0893	2.3094	0.0209
A_95_1_A_103_0	B_51_0_B_36_1	-0.1667	0.2887	0.5000	0.0000	1	-0.0893	-2.3094	0.0209
A_95_1_A_103_0	B_55_1_B_52_1	-0.1667	0.2887	0.6667	0.2887	1	-0.0168	-2.0412	0.0412
A_95_1_A_103_0	B_72_0_B_69_0	0.0000	0.0000	0.6667	0.2887	1	-0.0893	-2.3094	0.0209
A_95_1_A_103_0	B_86_1_B_83_1	0.0000	0.0000	0.6667	0.2887	1	-0.0893	-2.3094	0.0209
A_99_1_A_98_0	A_38_1_A_35_1	-0.6667	0.2887	0.1667	0.2887	1	-0.0168	-2.0412	0.0412
A_99_1_A_98_0	B_142_1_B_139_1	-0.5000	0.0000	0.0000	0.0000	1	-0.5000	-inf	0.0000
A_99_1_A_98_0	B_26_1_B_42_0	0.5000	0.0000	0.0000	0.0000	1	0.5000	inf	0.0000
A_99_1_A_98_0	B_92_0_B_87_0	-0.6667	0.2887	0.0000	0.0000	1	-0.0893	-2.3094	0.0209
A_99_1_A_98_0	B_96_1_B_96_0	0.5000	0.0000	-0.3333	0.2887	1	0.2560	2.8868	0.0039
A_99_1_A_98_0	C_117_1_C_114_1	0.6667	0.2887	0.0000	0.0000	1	0.0893	2.3094	0.0209
B_104_0_B_114_1	A_119_1_A_118_0	0.0000	0.0000	-0.5000	0.0000	1	0.5000	inf	0.0000
B_104_0_B_114_1	A_41_0_A_54_1	0.0000	0.0000	0.5000	0.0000	1	-0.5000	-inf	0.0000
B_104_0_B_114_1	B_130_0_B_137_0	-0.1667	0.2887	-1.0000	0.0000	1	0.2560	2.8868	0.0039
B_104_0_B_114_1	B_131_0_B_160_1	0.0000	0.0000	-0.8333	0.2887	1	0.2560	2.8868	0.0039
B_104_0_B_114_1	B_179_0_B_177_0	0.1667	0.2887	1.0000	0.0000	1	-0.2560	-2.8868	0.0039
B_104_0_B_114_1	B_32_0_A_77_0	0.0000	0.0000	0.8333	0.2887	1	-0.2560	-2.8868	0.0039
B_104_0_B_114_1	B_59_1_B_55_1	0.3333	0.2887	-0.8333	0.2887	1	0.3502	2.8577	0.0043
B_106_1_B_110_0	A_124_0_A_159_0	-0.1667	0.2887	1.0000	0.0000	1	-0.5893	-4.0415	0.0001
B_106_1_B_110_0	A_17_1_A_17_0	-0.1667	0.2887	0.6667	0.2887	1	-0.0168	-2.0412	0.0412
B_106_1_B_110_0	A_50_1_A_46_1	-0.1667	0.2887	0.6667	0.2887	1	-0.0168	-2.0412	0.0412
B_106_1_B_110_0	A_50_1_A_47_1	0.1667	0.2887	-0.5000	0.0000	1	0.0893	2.3094	0.0209
B_106_1_B_110_0	A_64_1_A_60_1	0.0000	0.0000	0.6667	0.2887	1	-0.0893	-2.3094	0.0209
B_106_1_B_110_0	A_71_1_A_67_1	0.0000	0.0000	-0.5000	0.0000	1	0.5000	inf	0.0000
B_106_1_B_110_0	A_95_1_A_103_0	0.0000	0.0000	-0.6667	0.2887	1	0.0893	2.3094	0.0209
B_106_1_B_110_0	B_107_1_B_110_0	0.0000	0.0000	1.0000	0.0000	1	-1.0000	-inf	0.0000
B_106_1_B_110_0	B_180_1_B_177_1	0.0000	0.0000	-0.6667	0.2887	1	0.0893	2.3094	0.0209
B_106_1_B_110_0	B_72_0_B_69_0	0.1667	0.2887	-0.6667	0.2887	1	0.0168	2.0412	0.0412
B_106_1_B_110_0	B_78_1_B_74_1	0.0000	0.0000	-0.5000	0.0000	1	0.5000	inf	0.0000
B_106_1_B_113_0	A_124_0_A_159_0	0.1667	0.2887	-0.8333	0.2887	1	0.1835	2.4495	0.0143
B_106_1_B_113_0	A_28_1_A_25_0	-0.1667	0.2887	0.5000	0.0000	1	-0.0893	-2.3094	0.0209
B_106_1_B_113_0	A_46_1_A_44_1	0.0000	0.0000	0.6667	0.2887	1	-0.0893	-2.3094	0.0209
B_106_1_B_113_0	A_50_1_A_47_1	-0.3333	0.2887	0.6667	0.2887	1	-0.1835	-2.4495	0.0143
B_106_1_B_113_0	A_64_1_A_60_1	0.0000	0.0000	-0.8333	0.2887	1	0.2560	2.8868	0.0039
B_106_1_B_113_0	A_71_1_A_67_1	0.0000	0.0000	0.6667	0.2887	1	-0.0893	-2.3094	0.0209
B_106_1_B_113_0	B_107_1_B_110_0	0.0000	0.0000	-0.8333	0.2887	1	0.2560	2.8868	0.0039
B_106_1_B_113_0	B_180_1_B_177_1	-0.1667	0.2887	0.5000	0.0000	1	-0.0893	-2.3094	0.0209
B_107_1_B_110_0	A_124_0_A_159_0	0.0000	0.0000	1.0000	0.0000	1	-1.0000	-inf	0.0000
B_107_1_B_110_0	A_17_1_A_17_0	0.0000	0.0000	0.6667	0.2887	1	-0.0893	-2.3094	0.0209
B_107_1_B_110_0	A_50_1_A_46_1	0.0000	0.0000	0.6667	0.2887	1	-0.0893	-2.3094	0.0209
B_107_1_B_110_0	A_50_1_A_47_1	0.0000	0.0000	-0.5000	0.0000	1	0.5000	inf	0.0000
B_107_1_B_110_0	A_53_1_C_105_1	0.0000	0.0000	-0.8333	0.2887	1	0.2560	2.8868	0.0039
B_107_1_B_110_0	A_64_1_A_60_1	0.0000	0.0000	0.6667	0.2887	1	-0.0893	-2.3094	0.0209
B_107_1_B_110_0	A_68_1_A_64_1	0.0000	0.0000	-0.6667	0.2887	1	0.0893	2.3094	0.0209
B_107_1_B_110_0	A_71_1_A_67_1	0.0000	0.0000	-0.5000	0.0000	1	0.5000	inf	0.0000
B_107_1_B_110_0	A_72_1_A_69_1	0.0000	0.0000	-0.6667	0.2887	1	0.0893	2.3094	0.0209
B_107_1_B_110_0	A_95_1_A_103_0	0.0000	0.0000	-0.6667	0.2887	1	0.0893	2.3094	0.0209
B_107_1_B_110_0	B_106_1_B_110_0	0.0000	0.0000	1.0000	0.0000	1	-1.0000	-inf	0.0000
B_107_1_B_110_0	B_106_1_B_113_0	0.0000	0.0000	-0.8333	0.2887	1	0.2560	2.8868	0.0039
B_107_1_B_110_0	B_107_1_B_110_0	0.0000	0.0000	1.0000	0.0000	1	-1.0000	-inf	0.0000
B_107_1_B_110_0	B_168_1_B_190_0	0.0000	0.0000	-0.5000	0.0000	1	0.5000	inf	0.0000
B_107_1_B_110_0	B_180_1_B_177_1	0.0000	0.0000	-0.6667	0.2887	1	0.0893	2.3094	0.0209
B_107_1_B_110_0	B_58_1_B_54_1	0.0000	0.0000	-0.5000	0.0000	1	0.5000	inf	0.0000
B_107_1_B_110_0	B_72_0_B_69_0	0.0000	0.0000	-0.6667	0.2887	1	0.0893	2.3094	0.0209
B_107_1_B_110_0	B_78_1_B_74_1	0.0000	0.0000	-0.5000	0.0000	1	0.5000	inf	0.0000
B_123_1_B_95_1	B_26_1_B_42_0	1.0000	0.0000	0.0000	0.0000	1	1.0000	inf	0.0000
B_123_1_B_95_1	B_93_0_A_47_0	0.8333	0.2887	-0.1667	0.2887	1	0.1835	2.4495	0.0143
B_123_1_B_95_1	B_93_0_B_153_1	-0.6667	0.2887	0.0000	0.0000	1	-0.0893	-2.3094	0.0209
B_127_1_B_125_1	A_164_0_A_120_0	-0.5000	0.0000	0.0000	0.0000	1	-0.5000	-inf	0.0000
B_127_1_B_125_1	A_44_0_A_134_1	0.8333	0.2887	-0.1667	0.2887	1	0.1835	2.4495	0.0143
B_127_1_B_125_1	A_44_0_A_30_0	0.8333	0.2887	-0.1667	0.2887	1	0.1835	2.4495	0.0143
B_127_1_B_125_1	A_48_1_A_45_1	-0.8333	0.2887	0.0000	0.0000	1	-0.2560	-2.8868	0.0039
B_127_1_B_125_1	A_5_0_A_27_0	0.5000	0.0000	-0.3333	0.2887	1	0.2560	2.8868	0.0039
B_127_1_B_125_1	B_134_0_B_169_0	0.5000	0.0000	-0.1667	0.2887	1	0.0893	2.3094	0.0209
B_127_1_B_125_1	B_23_1_B_22_0	-0.6667	0.2887	0.0000	0.0000	1	-0.0893	-2.3094	0.0209
B_12_0_A_140_1	A_158_1_A_156_0	0.3333	0.2887	-0.6667	0.2887	1	0.1835	2.4495	0.0143
B_12_0_A_140_1	A_17_1_A_17_0	-0.5000	0.5000	0.6667	0.2887	1	-0.0120	-2.0207	0.0433
B_12_0_A_140_1	A_41_0_A_54_1	0.0000	0.0000	0.5000	0.0000	1	-0.5000	-inf	0.0000
B_12_0_A_140_1	B_16_0_A_4_0	0.0000	0.0000	0.8333	0.2887	1	-0.2560	-2.8868	0.0039
B_12_0_A_140_1	B_63_1_B_59_1	0.1667	0.2887	-0.5000	0.0000	1	0.0893	2.3094	0.0209
B_12_0_A_140_1	B_78_1_B_74_1	0.0000	0.0000	-0.8333	0.2887	1	0.2560	2.8868	0.0039
B_12_0_A_140_1	C_104_1_A_51_1	-0.1667	0.2887	0.5000	0.0000	1	-0.0893	-2.3094	0.0209
B_130_0_B_128_0	A_101_1_A_98_1	-0.3333	0.2887	0.6667	0.2887	1	-0.1835	-2.4495	0.0143
B_130_0_B_128_0	A_119_1_A_118_0	0.1667	0.2887	-0.8333	0.2887	1	0.1835	2.4495	0.0143
B_130_0_B_128_0	A_164_0_A_120_0	0.5000	0.0000	-0.1667	0.2887	1	0.0893	2.3094	0.0209
B_130_0_B_128_0	A_66_1_A_62_1	0.6667	0.2887	-0.5000	0.5000	1	0.0120	2.0207	0.0433
B_130_0_B_128_0	B_130_0_B_137_0	0.6667	0.5774	-0.6667	0.2887	1	0.0423	2.0656	0.0389
B_130_0_B_128_0	B_131_0_B_160_1	0.0000	0.0000	-0.5000	0.0000	1	0.5000	inf	0.0000
B_130_0_B_128_0	B_134_0_B_169_0	-0.5000	0.0000	0.3333	0.2887	1	-0.2560	-2.8868	0.0039
B_130_0_B_128_0	B_26_1_B_42_0	-0.6667	0.2887	0.0000	0.0000	1	-0.0893	-2.3094	0.0209
B_130_0_B_128_0	B_36_1_B_35_0	0.5000	0.0000	0.0000	0.0000	1	0.5000	inf	0.0000
B_130_0_B_128_0	B_63_1_B_59_1	-0.1667	0.2887	0.6667	0.2887	1	-0.0168	-2.0412	0.0412
B_130_0_B_137_0	A_41_0_A_54_1	0.0000	0.0000	-0.5000	0.0000	1	0.5000	inf	0.0000
B_130_0_B_137_0	B_104_0_B_114_1	-0.1667	0.2887	-1.0000	0.0000	1	0.2560	2.8868	0.0039
B_130_0_B_137_0	B_130_0_B_128_0	0.6667	0.5774	-0.6667	0.2887	1	0.0423	2.0656	0.0389
B_130_0_B_137_0	B_131_0_B_160_1	0.0000	0.0000	0.8333	0.2887	1	-0.2560	-2.8868	0.0039
B_130_0_B_137_0	B_179_0_B_177_0	0.1667	0.2887	-1.0000	0.0000	1	0.5893	4.0415	0.0001
B_130_0_B_137_0	B_179_0_B_95_1	-0.3333	0.2887	0.8333	0.2887	1	-0.3502	-2.8577	0.0043
B_130_0_B_137_0	B_32_0_A_77_0	0.0000	0.0000	-0.8333	0.2887	1	0.2560	2.8868	0.0039
B_130_0_B_137_0	B_51_0_B_36_1	-0.1667	0.2887	0.5000	0.0000	1	-0.0893	-2.3094	0.0209
B_130_0_B_137_0	B_74_1_B_70_1	0.0000	0.0000	0.5000	0.0000	1	-0.5000	-inf	0.0000
B_131_0_B_160_1	A_119_1_A_118_0	0.0000	0.0000	0.6667	0.2887	1	-0.0893	-2.3094	0.0209
B_131_0_B_160_1	A_150_1_A_133_0	0.0000	0.0000	0.6667	0.2887	1	-0.0893	-2.3094	0.0209
B_131_0_B_160_1	A_17_1_A_17_0	0.0000	0.0000	-0.5000	0.0000	1	0.5000	inf	0.0000
B_131_0_B_160_1	A_41_0_A_54_1	0.0000	0.0000	-0.6667	0.2887	1	0.0893	2.3094	0.0209
B_131_0_B_160_1	A_59_1_A_56_1	0.0000	0.0000	-0.5000	0.0000	1	0.5000	inf	0.0000
B_131_0_B_160_1	B_104_0_B_114_1	0.0000	0.0000	-0.8333	0.2887	1	0.2560	2.8868	0.0039
B_131_0_B_160_1	B_130_0_B_128_0	0.0000	0.0000	-0.5000	0.0000	1	0.5000	inf	0.0000
B_131_0_B_160_1	B_130_0_B_137_0	0.0000	0.0000	0.8333	0.2887	1	-0.2560	-2.8868	0.0039
B_131_0_B_160_1	B_131_0_B_160_1	0.0000	0.0000	1.0000	0.0000	1	-1.0000	-inf	0.0000
B_131_0_B_160_1	B_168_1_B_190_0	0.0000	0.0000	0.6667	0.2887	1	-0.0893	-2.3094	0.0209
B_131_0_B_160_1	B_179_0_B_177_0	0.0000	0.0000	-0.8333	0.2887	1	0.2560	2.8868	0.0039
B_131_0_B_160_1	B_32_0_A_77_0	0.0000	0.0000	-0.6667	0.2887	1	0.0893	2.3094	0.0209
B_131_0_B_160_1	B_57_1_B_54_1	0.0000	0.0000	0.6667	0.2887	1	-0.0893	-2.3094	0.0209
B_131_0_B_160_1	B_58_1_B_54_1	0.0000	0.0000	0.6667	0.2887	1	-0.0893	-2.3094	0.0209
B_131_0_B_160_1	B_59_1_B_55_1	0.0000	0.0000	0.6667	0.2887	1	-0.0893	-2.3094	0.0209
B_131_0_B_160_1	B_60_1_B_56_1	0.0000	0.0000	0.5000	0.0000	1	-0.5000	-inf	0.0000
B_131_0_B_160_1	B_60_1_B_57_1	0.0000	0.0000	-0.5000	0.0000	1	0.5000	inf	0.0000
B_131_0_B_160_1	B_78_1_B_74_1	0.0000	0.0000	0.6667	0.2887	1	-0.0893	-2.3094	0.0209
B_131_0_B_160_1	B_89_1_B_86_1	0.0000	0.0000	0.6667	0.2887	1	-0.0893	-2.3094	0.0209
B_131_0_B_160_1	C_104_1_A_51_1	0.0000	0.0000	-0.6667	0.2887	1	0.0893	2.3094	0.0209
B_134_0_B_169_0	A_150_1_A_149_0	0.5000	0.0000	0.0000	0.0000	1	0.5000	inf	0.0000
B_134_0_B_169_0	A_57_0_A_55_0	-1.0000	0.0000	0.0000	0.0000	1	-1.0000	-inf	0.0000
B_134_0_B_169_0	B_127_1_B_125_1	0.5000	0.0000	-0.1667	0.2887	1	0.0893	2.3094	0.0209
B_134_0_B_169_0	B_130_0_B_128_0	-0.5000	0.0000	0.3333	0.2887	1	-0.2560	-2.8868	0.0039
B_134_0_B_169_0	B_69_1_B_66_1	0.5000	0.0000	0.0000	0.0000	1	0.5000	inf	0.0000
B_134_0_B_169_0	B_93_0_B_153_1	0.6667	0.2887	0.0000	0.0000	1	0.0893	2.3094	0.0209
B_134_0_B_169_0	C_105_0_A_51_1	0.5000	0.0000	0.0000	0.0000	1	0.5000	inf	0.0000
B_142_1_B_139_1	A_150_1_A_149_0	-0.6667	0.2887	0.0000	0.0000	1	-0.0893	-2.3094	0.0209
B_142_1_B_139_1	A_44_0_B_152_0	0.5000	0.0000	0.0000	0.0000	1	0.5000	inf	0.0000
B_142_1_B_139_1	A_99_1_A_98_0	-0.5000	0.0000	0.0000	0.0000	1	-0.5000	-inf	0.0000
B_142_1_B_139_1	B_51_1_B_37_1	-0.6667	0.2887	0.0000	0.0000	1	-0.0893	-2.3094	0.0209
B_142_1_B_139_1	C_117_1_C_114_1	-0.8333	0.2887	0.0000	0.0000	1	-0.2560	-2.8868	0.0039
B_145_0_B_158_1	A_27_1_A_6_1	-0.1667	0.2887	0.8333	0.2887	1	-0.1835	-2.4495	0.0143
B_145_0_B_158_1	A_68_1_A_64_1	0.1667	0.2887	-0.6667	0.2887	1	0.0168	2.0412	0.0412
B_145_0_B_158_1	A_6_1_A_27_0	-0.5000	0.5000	0.6667	0.2887	1	-0.0120	-2.0207	0.0433
B_145_0_B_158_1	A_71_1_A_67_1	0.1667	0.2887	-0.5000	0.0000	1	0.0893	2.3094	0.0209
B_145_0_B_158_1	B_16_0_A_4_0	0.0000	0.0000	-0.6667	0.2887	1	0.0893	2.3094	0.0209
B_145_0_B_158_1	B_63_1_B_59_1	0.0000	0.0000	0.6667	0.2887	1	-0.0893	-2.3094	0.0209
B_145_0_B_158_1	B_71_0_B_47_0	0.1667	0.2887	-0.6667	0.2887	1	0.0168	2.0412	0.0412
B_145_0_B_158_1	B_76_1_B_73_1	0.0000	0.0000	-0.6667	0.2887	1	0.0893	2.3094	0.0209
B_145_1_B_158_1	A_118_0_A_166_0	0.5000	0.0000	0.0000	0.0000	1	0.5000	inf	0.0000
B_145_1_B_158_1	A_44_0_A_134_1	0.6667	0.2887	0.0000	0.0000	1	0.0893	2.3094	0.0209
B_145_1_B_158_1	A_48_1_A_45_1	-0.6667	0.2887	0.0000	0.0000	1	-0.0893	-2.3094	0.0209
B_145_1_B_158_1	A_59_1_A_56_1	-1.0000	0.0000	0.5000	0.5000	1	-0.5000	-3.0000	0.0027
B_145_1_B_158_1	B_26_1_B_42_0	-0.6667	0.2887	0.0000	0.0000	1	-0.0893	-2.3094	0.0209
B_145_1_B_158_1	B_69_1_B_66_1	0.5000	0.0000	0.0000	0.0000	1	0.5000	inf	0.0000
B_145_1_B_158_1	B_80_0_B_76_1	0.8333	0.2887	0.0000	0.0000	1	0.2560	2.8868	0.0039
B_145_1_B_158_1	B_93_0_B_153_1	0.6667	0.2887	0.0000	0.0000	1	0.0893	2.3094	0.0209
B_145_1_B_158_1	C_105_0_A_51_1	0.5000	0.0000	0.0000	0.0000	1	0.5000	inf	0.0000
B_149_0_A_28_1	B_168_1_B_190_0	-0.8333	0.2887	0.3333	0.2887	1	-0.3502	-2.8577	0.0043
B_149_0_A_28_1	B_168_1_B_190_1	1.0000	0.0000	-0.1667	0.2887	1	0.5893	4.0415	0.0001
B_149_0_A_28_1	B_36_1_B_35_0	-0.5000	0.0000	0.0000	0.0000	1	-0.5000	-inf	0.0000
B_149_0_A_28_1	B_93_0_B_153_1	-0.6667	0.2887	0.0000	0.0000	1	-0.0893	-2.3094	0.0209
B_149_0_A_28_1	C_105_0_A_51_1	-0.5000	0.0000	0.0000	0.0000	1	-0.5000	-inf	0.0000
B_153_1_A_29_0	A_28_1_A_25_0	0.1667	0.2887	-0.5000	0.0000	1	0.0893	2.3094	0.0209
B_153_1_A_29_0	A_41_0_A_54_1	0.0000	0.0000	-0.5000	0.0000	1	0.5000	inf	0.0000
B_153_1_A_29_0	A_46_1_A_44_1	0.0000	0.0000	-0.6667	0.2887	1	0.0893	2.3094	0.0209
B_153_1_A_29_0	A_64_1_A_60_1	0.0000	0.0000	0.8333	0.2887	1	-0.2560	-2.8868	0.0039
B_153_1_A_29_0	A_72_1_A_69_1	0.0000	0.0000	-0.8333	0.2887	1	0.2560	2.8868	0.0039
B_153_1_A_29_0	B_180_1_B_177_1	0.1667	0.2887	-0.5000	0.0000	1	0.0893	2.3094	0.0209
B_153_1_A_29_0	B_29_0_A_141_0	0.0000	0.0000	-0.8333	0.2887	1	0.2560	2.8868	0.0039
B_153_1_A_29_0	B_55_1_B_52_1	-0.1667	0.2887	0.6667	0.2887	1	-0.0168	-2.0412	0.0412
B_153_1_A_29_0	B_58_1_B_54_1	0.0000	0.0000	-0.6667	0.2887	1	0.0893	2.3094	0.0209
B_153_1_A_29_0	B_6_0_B_4_1	0.1667	0.2887	-0.5000	0.0000	1	0.0893	2.3094	0.0209
B_153_1_A_29_0	B_71_0_B_47_0	0.1667	0.2887	-0.5000	0.0000	1	0.0893	2.3094	0.0209
B_153_1_A_29_0	B_76_1_B_73_1	0.1667	0.2887	-0.5000	0.0000	1	0.0893	2.3094	0.0209
B_153_1_A_29_0	C_104_1_A_51_1	0.0000	0.0000	-0.5000	0.0000	1	0.5000	inf	0.0000
B_157_0_B_146_1	A_50_0_A_47_0	1.0000	0.0000	0.5000	0.0000	1	0.5000	inf	0.0000
B_157_0_B_146_1	B_16_0_A_4_0	0.0000	0.0000	0.5000	0.0000	1	-0.5000	-inf	0.0000
B_157_0_B_146_1	B_25_0_B_41_0	-0.6667	0.2887	0.3333	0.2887	1	-0.1835	-2.4495	0.0143
B_157_0_B_146_1	B_26_1_B_42_0	-0.8333	0.2887	0.0000	0.0000	1	-0.2560	-2.8868	0.0039
B_157_0_B_146_1	B_29_0_A_141_0	0.0000	0.0000	0.5000	0.0000	1	-0.5000	-inf	0.0000
B_157_0_B_146_1	B_32_0_A_77_0	0.0000	0.0000	-0.6667	0.2887	1	0.0893	2.3094	0.0209
B_157_0_B_146_1	B_80_0_B_76_1	0.6667	0.2887	0.0000	0.0000	1	0.0893	2.3094	0.0209
B_157_0_B_146_1	B_93_0_A_47_0	-1.0000	0.0000	-0.3333	0.2887	1	-0.0893	-2.3094	0.0209
B_157_0_B_146_1	B_93_0_B_153_1	0.8333	0.2887	-0.1667	0.2887	1	0.1835	2.4495	0.0143
B_157_0_B_146_1	C_117_1_C_114_1	-0.6667	0.2887	0.0000	0.0000	1	-0.0893	-2.3094	0.0209
B_168_1_B_190_0	A_30_1_A_29_0	0.8333	0.2887	-0.5000	0.5000	1	0.1786	2.3094	0.0209
B_168_1_B_190_0	A_41_0_A_54_1	0.0000	0.0000	-0.6667	0.2887	1	0.0893	2.3094	0.0209
B_168_1_B_190_0	B_107_1_B_110_0	0.0000	0.0000	-0.5000	0.0000	1	0.5000	inf	0.0000
B_168_1_B_190_0	B_131_0_B_160_1	0.0000	0.0000	0.6667	0.2887	1	-0.0893	-2.3094	0.0209
B_168_1_B_190_0	B_149_0_A_28_1	-0.8333	0.2887	0.3333	0.2887	1	-0.3502	-2.8577	0.0043
B_168_1_B_190_0	B_16_0_A_4_0	0.0000	0.0000	-0.6667	0.2887	1	0.0893	2.3094	0.0209
B_168_1_B_190_0	B_36_1_B_35_0	0.6667	0.2887	0.0000	0.0000	1	0.0893	2.3094	0.0209
B_168_1_B_190_0	B_78_1_B_74_1	0.0000	0.0000	1.0000	0.0000	1	-1.0000	-inf	0.0000
B_168_1_B_190_0	B_80_0_B_76_1	-0.5000	0.0000	0.0000	0.0000	1	-0.5000	-inf	0.0000
B_168_1_B_190_1	A_30_1_A_29_0	-0.6667	0.2887	0.1667	0.2887	1	-0.0168	-2.0412	0.0412
B_168_1_B_190_1	A_53_1_C_105_1	-1.0000	0.0000	-0.3333	0.2887	1	-0.0893	-2.3094	0.0209
B_168_1_B_190_1	B_149_0_A_28_1	1.0000	0.0000	-0.1667	0.2887	1	0.5893	4.0415	0.0001
B_168_1_B_190_1	B_36_1_B_35_0	-0.5000	0.0000	0.0000	0.0000	1	-0.5000	-inf	0.0000
B_168_1_B_190_1	B_74_1_B_71_1	0.8333	0.2887	-0.1667	0.2887	1	0.1835	2.4495	0.0143
B_168_1_B_190_1	C_105_0_A_51_1	-0.5000	0.0000	0.1667	0.2887	1	-0.0893	-2.3094	0.0209
B_16_0_A_4_0	A_158_1_A_156_0	0.0000	0.0000	-0.8333	0.2887	1	0.2560	2.8868	0.0039
B_16_0_A_4_0	A_17_1_A_17_0	0.0000	0.0000	0.5000	0.0000	1	-0.5000	-inf	0.0000
B_16_0_A_4_0	A_19_1_A_14_1	0.0000	0.0000	0.5000	0.0000	1	-0.5000	-inf	0.0000
B_16_0_A_4_0	A_59_1_A_56_1	0.0000	0.0000	0.5000	0.0000	1	-0.5000	-inf	0.0000
B_16_0_A_4_0	A_5_0_A_27_0	0.0000	0.0000	-0.5000	0.0000	1	0.5000	inf	0.0000
B_16_0_A_4_0	A_6_1_A_27_0	0.0000	0.0000	-0.6667	0.2887	1	0.0893	2.3094	0.0209
B_16_0_A_4_0	B_12_0_A_140_1	0.0000	0.0000	0.8333	0.2887	1	-0.2560	-2.8868	0.0039
B_16_0_A_4_0	B_145_0_B_158_1	0.0000	0.0000	-0.6667	0.2887	1	0.0893	2.3094	0.0209
B_16_0_A_4_0	B_157_0_B_146_1	0.0000	0.0000	0.5000	0.0000	1	-0.5000	-inf	0.0000
B_16_0_A_4_0	B_168_1_B_190_0	0.0000	0.0000	-0.6667	0.2887	1	0.0893	2.3094	0.0209
B_16_0_A_4_0	B_16_0_A_4_0	0.0000	0.0000	1.0000	0.0000	1	-1.0000	-inf	0.0000
B_16_0_A_4_0	B_63_1_B_59_1	0.0000	0.0000	-0.6667	0.2887	1	0.0893	2.3094	0.0209
B_16_0_A_4_0	B_67_1_B_64_1	0.0000	0.0000	-0.8333	0.2887	1	0.2560	2.8868	0.0039
B_16_0_A_4_0	B_78_1_B_74_1	0.0000	0.0000	-0.6667	0.2887	1	0.0893	2.3094	0.0209
B_179_0_B_177_0	A_41_0_A_54_1	0.0000	0.0000	0.5000	0.0000	1	-0.5000	-inf	0.0000
B_179_0_B_177_0	B_104_0_B_114_1	0.1667	0.2887	1.0000	0.0000	1	-0.2560	-2.8868	0.0039
B_179_0_B_177_0	B_130_0_B_137_0	0.1667	0.2887	-1.0000	0.0000	1	0.5893	4.0415	0.0001
B_179_0_B_177_0	B_131_0_B_160_1	0.0000	0.0000	-0.8333	0.2887	1	0.2560	2.8868	0.0039
B_179_0_B_177_0	B_32_0_A_77_0	0.0000	0.0000	0.8333	0.2887	1	-0.2560	-2.8868	0.0039
B_179_0_B_177_0	B_51_0_B_36_1	0.0000	0.0000	-0.5000	0.0000	1	0.5000	inf	0.0000
B_179_0_B_177_0	B_57_1_B_54_1	0.1667	0.2887	-0.8333	0.2887	1	0.1835	2.4495	0.0143
B_179_0_B_177_0	B_60_1_B_57_1	-0.6667	0.5774	0.6667	0.2887	1	-0.0423	-2.0656	0.0389
B_179_0_B_177_0	B_74_1_B_70_1	0.1667	0.2887	-0.5000	0.0000	1	0.0893	2.3094	0.0209
B_179_0_B_177_0	B_89_1_B_86_1	0.3333	0.2887	-0.5000	0.0000	1	0.2560	2.8868	0.0039
B_179_0_B_95_1	B_130_0_B_137_0	-0.3333	0.2887	0.8333	0.2887	1	-0.3502	-2.8577	0.0043
B_179_0_B_95_1	B_23_1_B_22_0	0.6667	0.2887	0.0000	0.0000	1	0.0893	2.3094	0.0209
B_179_0_B_95_1	B_29_0_A_141_0	0.0000	0.0000	0.5000	0.0000	1	-0.5000	-inf	0.0000
B_179_0_B_95_1	B_32_0_A_77_0	0.0000	0.0000	-0.6667	0.2887	1	0.0893	2.3094	0.0209
B_179_0_B_95_1	B_36_1_B_35_0	-1.0000	0.0000	0.0000	0.0000	1	-1.0000	-inf	0.0000
B_179_0_B_95_1	B_51_0_B_36_1	-0.1667	0.2887	0.6667	0.2887	1	-0.0168	-2.0412	0.0412
B_179_0_B_95_1	B_59_1_B_55_1	-0.6667	0.5774	0.6667	0.2887	1	-0.0423	-2.0656	0.0389
B_179_0_B_95_1	B_74_1_B_70_1	-0.1667	0.2887	0.6667	0.2887	1	-0.0168	-2.0412	0.0412
B_180_1_B_177_1	A_64_1_A_60_1	0.0000	0.0000	-0.6667	0.2887	1	0.0893	2.3094	0.0209
B_180_1_B_177_1	B_106_1_B_110_0	0.0000	0.0000	-0.6667	0.2887	1	0.0893	2.3094	0.0209
B_180_1_B_177_1	B_106_1_B_113_0	-0.1667	0.2887	0.5000	0.0000	1	-0.0893	-2.3094	0.0209
B_180_1_B_177_1	B_107_1_B_110_0	0.0000	0.0000	-0.6667	0.2887	1	0.0893	2.3094	0.0209
B_180_1_B_177_1	B_153_1_A_29_0	0.1667	0.2887	-0.5000	0.0000	1	0.0893	2.3094	0.0209
B_180_1_B_177_1	B_29_0_A_141_0	0.0000	0.0000	0.6667	0.2887	1	-0.0893	-2.3094	0.0209
B_180_1_B_177_1	B_74_1_B_70_1	0.0000	0.0000	0.5000	0.0000	1	-0.5000	-inf	0.0000
B_23_1_B_22_0	A_118_0_A_166_0	-0.6667	0.2887	0.0000	0.0000	1	-0.0893	-2.3094	0.0209
B_23_1_B_22_0	A_44_0_A_134_1	-0.8333	0.2887	0.0000	0.0000	1	-0.2560	-2.8868	0.0039
B_23_1_B_22_0	A_44_0_A_30_0	-0.8333	0.2887	0.0000	0.0000	1	-0.2560	-2.8868	0.0039
B_23_1_B_22_0	A_48_1_A_45_1	0.8333	0.2887	0.0000	0.0000	1	0.2560	2.8868	0.0039
B_23_1_B_22_0	A_66_1_A_62_1	-0.5000	0.0000	0.0000	0.0000	1	-0.5000	-inf	0.0000
B_23_1_B_22_0	A_6_1_A_27_0	-0.6667	0.2887	0.0000	0.0000	1	-0.0893	-2.3094	0.0209
B_23_1_B_22_0	B_127_1_B_125_1	-0.6667	0.2887	0.0000	0.0000	1	-0.0893	-2.3094	0.0209
B_23_1_B_22_0	B_179_0_B_95_1	0.6667	0.2887	0.0000	0.0000	1	0.0893	2.3094	0.0209
B_23_1_B_22_0	B_23_1_B_22_0	1.0000	0.0000	0.0000	0.0000	1	1.0000	inf	0.0000
B_23_1_B_22_0	B_36_1_B_35_0	-0.6667	0.2887	0.0000	0.0000	1	-0.0893	-2.3094	0.0209
B_23_1_B_22_0	B_43_1_B_41_0	0.6667	0.2887	0.0000	0.0000	1	0.0893	2.3094	0.0209
B_23_1_B_22_0	B_89_1_B_86_1	-0.8333	0.2887	0.0000	0.0000	1	-0.2560	-2.8868	0.0039
B_23_1_B_22_0	B_92_0_B_87_0	-0.6667	0.2887	0.0000	0.0000	1	-0.0893	-2.3094	0.0209
B_25_0_B_41_0	A_5_1_B_17_1	-0.8333	0.2887	0.1667	0.2887	1	-0.1835	-2.4495	0.0143
B_25_0_B_41_0	B_157_0_B_146_1	-0.6667	0.2887	0.3333	0.2887	1	-0.1835	-2.4495	0.0143
B_25_0_B_41_0	B_26_1_B_42_0	0.8333	0.2887	0.0000	0.0000	1	0.2560	2.8868	0.0039
B_25_0_B_41_0	B_36_1_B_35_0	-0.6667	0.2887	0.0000	0.0000	1	-0.0893	-2.3094	0.0209
B_25_0_B_41_0	B_90_1_B_86_1	-1.0000	0.0000	0.1667	0.2887	1	-0.5893	-4.0415	0.0001
B_25_0_B_41_0	B_92_0_B_87_0	-0.6667	0.2887	0.0000	0.0000	1	-0.0893	-2.3094	0.0209
B_25_0_B_41_0	B_93_0_B_153_1	-0.5000	0.0000	0.1667	0.2887	1	-0.0893	-2.3094	0.0209
B_26_1_B_42_0	A_38_1_A_35_1	-0.8333	0.2887	0.0000	0.0000	1	-0.2560	-2.8868	0.0039
B_26_1_B_42_0	A_50_0_A_47_0	-0.8333	0.2887	0.0000	0.0000	1	-0.2560	-2.8868	0.0039
B_26_1_B_42_0	A_50_1_A_46_1	0.6667	0.2887	0.0000	0.0000	1	0.0893	2.3094	0.0209
B_26_1_B_42_0	A_50_1_A_47_1	-0.6667	0.2887	0.0000	0.0000	1	-0.0893	-2.3094	0.0209
B_26_1_B_42_0	A_59_1_A_56_1	0.6667	0.2887	0.0000	0.0000	1	0.0893	2.3094	0.0209
B_26_1_B_42_0	A_5_0_A_27_0	-0.6667	0.2887	0.0000	0.0000	1	-0.0893	-2.3094	0.0209
B_26_1_B_42_0	A_5_1_B_17_1	-0.6667	0.2887	0.0000	0.0000	1	-0.0893	-2.3094	0.0209
B_26_1_B_42_0	A_99_1_A_98_0	0.5000	0.0000	0.0000	0.0000	1	0.5000	inf	0.0000
B_26_1_B_42_0	B_123_1_B_95_1	1.0000	0.0000	0.0000	0.0000	1	1.0000	inf	0.0000
B_26_1_B_42_0	B_130_0_B_128_0	-0.6667	0.2887	0.0000	0.0000	1	-0.0893	-2.3094	0.0209
B_26_1_B_42_0	B_145_1_B_158_1	-0.6667	0.2887	0.0000	0.0000	1	-0.0893	-2.3094	0.0209
B_26_1_B_42_0	B_157_0_B_146_1	-0.8333	0.2887	0.0000	0.0000	1	-0.2560	-2.8868	0.0039
B_26_1_B_42_0	B_25_0_B_41_0	0.8333	0.2887	0.0000	0.0000	1	0.2560	2.8868	0.0039
B_26_1_B_42_0	B_26_1_B_42_0	1.0000	0.0000	0.0000	0.0000	1	1.0000	inf	0.0000
B_26_1_B_42_0	B_67_1_B_64_1	-0.8333	0.2887	0.0000	0.0000	1	-0.2560	-2.8868	0.0039
B_26_1_B_42_0	B_90_1_B_86_1	-0.8333	0.2887	0.0000	0.0000	1	-0.2560	-2.8868	0.0039
B_26_1_B_42_0	B_93_0_A_47_0	0.8333	0.2887	0.0000	0.0000	1	0.2560	2.8868	0.0039
B_26_1_B_42_0	B_93_0_B_153_1	-0.6667	0.2887	0.0000	0.0000	1	-0.0893	-2.3094	0.0209
B_28_1_B_40_1	A_118_0_A_166_0	-0.6667	0.2887	0.0000	0.0000	1	-0.0893	-2.3094	0.0209
B_28_1_B_40_1	A_143_0_B_36_0	0.5000	0.0000	-0.1667	0.2887	1	0.0893	2.3094	0.0209
B_28_1_B_40_1	A_150_1_A_149_0	-0.6667	0.2887	0.1667	0.2887	1	-0.0168	-2.0412	0.0412
B_28_1_B_40_1	A_6_1_A_27_0	-0.6667	0.2887	0.1667	0.2887	1	-0.0168	-2.0412	0.0412
B_28_1_B_40_1	B_43_1_B_41_0	0.6667	0.2887	-0.1667	0.2887	1	0.0168	2.0412	0.0412
B_29_0_A_141_0	A_17_1_A_17_0	0.0000	0.0000	0.5000	0.0000	1	-0.5000	-inf	0.0000
B_29_0_A_141_0	A_19_1_A_14_1	0.0000	0.0000	0.5000	0.0000	1	-0.5000	-inf	0.0000
B_29_0_A_141_0	A_27_1_A_6_1	0.0000	0.0000	0.6667	0.2887	1	-0.0893	-2.3094	0.0209
B_29_0_A_141_0	A_28_1_A_25_0	0.0000	0.0000	0.6667	0.2887	1	-0.0893	-2.3094	0.0209
B_29_0_A_141_0	A_41_0_A_54_1	0.0000	0.0000	0.6667	0.2887	1	-0.0893	-2.3094	0.0209
B_29_0_A_141_0	A_46_1_A_44_1	0.0000	0.0000	0.5000	0.0000	1	-0.5000	-inf	0.0000
B_29_0_A_141_0	A_53_1_C_105_1	0.0000	0.0000	0.5000	0.0000	1	-0.5000	-inf	0.0000
B_29_0_A_141_0	A_64_1_A_60_1	0.0000	0.0000	-0.6667	0.2887	1	0.0893	2.3094	0.0209
B_29_0_A_141_0	A_72_1_A_69_1	0.0000	0.0000	0.6667	0.2887	1	-0.0893	-2.3094	0.0209
B_29_0_A_141_0	B_153_1_A_29_0	0.0000	0.0000	-0.8333	0.2887	1	0.2560	2.8868	0.0039
B_29_0_A_141_0	B_157_0_B_146_1	0.0000	0.0000	0.5000	0.0000	1	-0.5000	-inf	0.0000
B_29_0_A_141_0	B_179_0_B_95_1	0.0000	0.0000	0.5000	0.0000	1	-0.5000	-inf	0.0000
B_29_0_A_141_0	B_180_1_B_177_1	0.0000	0.0000	0.6667	0.2887	1	-0.0893	-2.3094	0.0209
B_29_0_A_141_0	B_29_0_A_141_0	0.0000	0.0000	1.0000	0.0000	1	-1.0000	-inf	0.0000
B_29_0_A_141_0	B_74_1_B_70_1	0.0000	0.0000	0.8333	0.2887	1	-0.2560	-2.8868	0.0039
B_29_0_A_141_0	B_80_0_B_76_0	0.0000	0.0000	0.5000	0.0000	1	-0.5000	-inf	0.0000
B_29_0_A_141_0	C_104_1_A_51_1	0.0000	0.0000	0.6667	0.2887	1	-0.0893	-2.3094	0.0209
B_32_0_A_77_0	A_150_1_A_133_0	0.0000	0.0000	-0.6667	0.2887	1	0.0893	2.3094	0.0209
B_32_0_A_77_0	A_158_1_A_156_0	0.0000	0.0000	0.6667	0.2887	1	-0.0893	-2.3094	0.0209
B_32_0_A_77_0	A_19_1_A_14_1	0.0000	0.0000	-0.6667	0.2887	1	0.0893	2.3094	0.0209
B_32_0_A_77_0	B_104_0_B_114_1	0.0000	0.0000	0.8333	0.2887	1	-0.2560	-2.8868	0.0039
B_32_0_A_77_0	B_130_0_B_137_0	0.0000	0.0000	-0.8333	0.2887	1	0.2560	2.8868	0.0039
B_32_0_A_77_0	B_131_0_B_160_1	0.0000	0.0000	-0.6667	0.2887	1	0.0893	2.3094	0.0209
B_32_0_A_77_0	B_157_0_B_146_1	0.0000	0.0000	-0.6667	0.2887	1	0.0893	2.3094	0.0209
B_32_0_A_77_0	B_179_0_B_177_0	0.0000	0.0000	0.8333	0.2887	1	-0.2560	-2.8868	0.0039
B_32_0_A_77_0	B_179_0_B_95_1	0.0000	0.0000	-0.6667	0.2887	1	0.0893	2.3094	0.0209
B_32_0_A_77_0	B_32_0_A_77_0	0.0000	0.0000	1.0000	0.0000	1	-1.0000	-inf	0.0000
B_32_0_A_77_0	B_57_1_B_54_1	0.0000	0.0000	-0.6667	0.2887	1	0.0893	2.3094	0.0209
B_32_0_A_77_0	B_59_1_B_55_1	0.0000	0.0000	-0.6667	0.2887	1	0.0893	2.3094	0.0209
B_32_0_A_77_0	B_60_1_B_56_1	0.0000	0.0000	-0.8333	0.2887	1	0.2560	2.8868	0.0039
B_32_0_A_77_0	B_60_1_B_57_1	0.0000	0.0000	0.8333	0.2887	1	-0.2560	-2.8868	0.0039
B_32_0_A_77_0	B_74_1_B_70_1	0.0000	0.0000	-0.6667	0.2887	1	0.0893	2.3094	0.0209
B_35_1_B_33_1	A_118_0_A_166_0	-0.5000	0.0000	0.0000	0.0000	1	-0.5000	-inf	0.0000
B_35_1_B_33_1	A_5_0_A_27_0	0.5000	0.0000	-0.1667	0.2887	1	0.0893	2.3094	0.0209
B_35_1_B_33_1	B_62_1_B_58_1	0.6667	0.2887	-0.1667	0.2887	1	0.0168	2.0412	0.0412
B_35_1_B_33_1	B_6_0_B_4_1	-0.6667	0.2887	0.1667	0.2887	1	-0.0168	-2.0412	0.0412
B_35_1_B_33_1	B_92_0_B_87_0	-0.5000	0.0000	0.0000	0.0000	1	-0.5000	-inf	0.0000
B_35_1_B_33_1	B_96_1_B_96_0	0.6667	0.2887	-0.1667	0.2887	1	0.0168	2.0412	0.0412
B_36_1_B_35_0	A_157_0_A_158_0	-0.5000	0.0000	0.0000	0.0000	1	-0.5000	-inf	0.0000
B_36_1_B_35_0	A_164_0_A_120_0	-0.5000	0.0000	0.0000	0.0000	1	-0.5000	-inf	0.0000
B_36_1_B_35_0	A_30_1_A_29_0	0.8333	0.2887	0.0000	0.0000	1	0.2560	2.8868	0.0039
B_36_1_B_35_0	A_53_1_C_105_1	0.5000	0.0000	0.0000	0.0000	1	0.5000	inf	0.0000
B_36_1_B_35_0	A_5_1_B_17_1	0.5000	0.0000	0.0000	0.0000	1	0.5000	inf	0.0000
B_36_1_B_35_0	B_130_0_B_128_0	0.5000	0.0000	0.0000	0.0000	1	0.5000	inf	0.0000
B_36_1_B_35_0	B_149_0_A_28_1	-0.5000	0.0000	0.0000	0.0000	1	-0.5000	-inf	0.0000
B_36_1_B_35_0	B_168_1_B_190_0	0.6667	0.2887	0.0000	0.0000	1	0.0893	2.3094	0.0209
B_36_1_B_35_0	B_168_1_B_190_1	-0.5000	0.0000	0.0000	0.0000	1	-0.5000	-inf	0.0000
B_36_1_B_35_0	B_179_0_B_95_1	-1.0000	0.0000	0.0000	0.0000	1	-1.0000	-inf	0.0000
B_36_1_B_35_0	B_23_1_B_22_0	-0.6667	0.2887	0.0000	0.0000	1	-0.0893	-2.3094	0.0209
B_36_1_B_35_0	B_25_0_B_41_0	-0.6667	0.2887	0.0000	0.0000	1	-0.0893	-2.3094	0.0209
B_36_1_B_35_0	B_36_1_B_35_0	1.0000	0.0000	0.0000	0.0000	1	1.0000	inf	0.0000
B_36_1_B_35_0	B_89_1_B_86_1	0.5000	0.0000	0.0000	0.0000	1	0.5000	inf	0.0000
B_36_1_B_35_0	B_90_1_B_86_1	0.6667	0.2887	0.0000	0.0000	1	0.0893	2.3094	0.0209
B_43_1_B_41_0	A_118_0_A_166_0	-1.0000	0.0000	0.0000	0.0000	1	-1.0000	-inf	0.0000
B_43_1_B_41_0	A_44_0_A_30_0	-0.8333	0.2887	0.0000	0.0000	1	-0.2560	-2.8868	0.0039
B_43_1_B_41_0	A_48_1_A_45_1	0.8333	0.2887	0.0000	0.0000	1	0.2560	2.8868	0.0039
B_43_1_B_41_0	B_23_1_B_22_0	0.6667	0.2887	0.0000	0.0000	1	0.0893	2.3094	0.0209
B_43_1_B_41_0	B_28_1_B_40_1	0.6667	0.2887	-0.1667	0.2887	1	0.0168	2.0412	0.0412
B_43_1_B_41_0	B_89_1_B_86_1	-0.5000	0.0000	0.3333	0.2887	1	-0.2560	-2.8868	0.0039
B_44_1_B_41_1	A_101_1_A_98_1	-0.3333	0.2887	1.0000	0.0000	1	-0.7560	-4.6188	0.0000
B_44_1_B_41_1	B_51_0_B_36_1	0.0000	0.0000	-0.8333	0.2887	1	0.2560	2.8868	0.0039
B_44_1_B_41_1	B_76_1_B_73_1	0.0000	0.0000	0.8333	0.2887	1	-0.2560	-2.8868	0.0039
B_44_1_B_41_1	B_80_0_B_76_0	-0.1667	0.2887	0.6667	0.2887	1	-0.0168	-2.0412	0.0412
B_44_1_B_41_1	B_86_1_B_83_1	0.0000	0.0000	0.5000	0.0000	1	-0.5000	-inf	0.0000
B_51_0_B_36_1	A_101_1_A_98_1	0.0000	0.0000	-0.8333	0.2887	1	0.2560	2.8868	0.0039
B_51_0_B_36_1	A_27_1_A_6_1	-0.1667	0.2887	0.5000	0.0000	1	-0.0893	-2.3094	0.0209
B_51_0_B_36_1	A_75_1_A_72_1	-0.1667	0.2887	1.0000	0.0000	1	-0.5893	-4.0415	0.0001
B_51_0_B_36_1	A_95_1_A_103_0	-0.1667	0.2887	0.5000	0.0000	1	-0.0893	-2.3094	0.0209
B_51_0_B_36_1	B_130_0_B_137_0	-0.1667	0.2887	0.5000	0.0000	1	-0.0893	-2.3094	0.0209
B_51_0_B_36_1	B_179_0_B_177_0	0.0000	0.0000	-0.5000	0.0000	1	0.5000	inf	0.0000
B_51_0_B_36_1	B_179_0_B_95_1	-0.1667	0.2887	0.6667	0.2887	1	-0.0168	-2.0412	0.0412
B_51_0_B_36_1	B_44_1_B_41_1	0.0000	0.0000	-0.8333	0.2887	1	0.2560	2.8868	0.0039
B_51_0_B_36_1	B_57_1_B_54_1	-0.1667	0.2887	0.6667	0.2887	1	-0.0168	-2.0412	0.0412
B_51_1_B_37_1	A_143_0_B_36_0	-0.8333	0.2887	0.1667	0.2887	1	-0.1835	-2.4495	0.0143
B_51_1_B_37_1	A_150_1_A_149_0	1.0000	0.0000	-0.1667	0.2887	1	0.5893	4.0415	0.0001
B_51_1_B_37_1	A_158_1_A_156_0	0.8333	0.2887	-0.5000	0.5000	1	0.1786	2.3094	0.0209
B_51_1_B_37_1	B_142_1_B_139_1	-0.6667	0.2887	0.0000	0.0000	1	-0.0893	-2.3094	0.0209
B_51_1_B_37_1	C_117_1_C_114_1	0.8333	0.2887	0.0000	0.0000	1	0.2560	2.8868	0.0039
B_55_1_B_52_1	A_46_1_A_44_1	0.0000	0.0000	-0.6667	0.2887	1	0.0893	2.3094	0.0209
B_55_1_B_52_1	A_64_1_A_60_1	0.0000	0.0000	0.5000	0.0000	1	-0.5000	-inf	0.0000
B_55_1_B_52_1	A_72_1_A_69_1	0.1667	0.2887	-0.5000	0.0000	1	0.0893	2.3094	0.0209
B_55_1_B_52_1	A_95_1_A_103_0	-0.1667	0.2887	0.6667	0.2887	1	-0.0168	-2.0412	0.0412
B_55_1_B_52_1	B_153_1_A_29_0	-0.1667	0.2887	0.6667	0.2887	1	-0.0168	-2.0412	0.0412
B_55_1_B_52_1	B_58_1_B_54_1	0.1667	0.2887	-0.6667	0.2887	1	0.0168	2.0412	0.0412
B_57_1_B_54_1	A_150_1_A_133_0	-0.3333	0.2887	0.6667	0.2887	1	-0.1835	-2.4495	0.0143
B_57_1_B_54_1	A_75_1_A_72_1	-0.1667	0.2887	0.6667	0.2887	1	-0.0168	-2.0412	0.0412
B_57_1_B_54_1	B_131_0_B_160_1	0.0000	0.0000	0.6667	0.2887	1	-0.0893	-2.3094	0.0209
B_57_1_B_54_1	B_179_0_B_177_0	0.1667	0.2887	-0.8333	0.2887	1	0.1835	2.4495	0.0143
B_57_1_B_54_1	B_32_0_A_77_0	0.0000	0.0000	-0.6667	0.2887	1	0.0893	2.3094	0.0209
B_57_1_B_54_1	B_51_0_B_36_1	-0.1667	0.2887	0.6667	0.2887	1	-0.0168	-2.0412	0.0412
B_57_1_B_54_1	B_72_0_B_69_0	0.0000	0.0000	-0.6667	0.2887	1	0.0893	2.3094	0.0209
B_57_1_B_54_1	B_74_1_B_70_1	0.0000	0.0000	0.6667	0.2887	1	-0.0893	-2.3094	0.0209
B_57_1_B_54_1	B_89_1_B_86_1	-0.3333	0.2887	0.6667	0.2887	1	-0.1835	-2.4495	0.0143
B_58_1_B_54_1	A_144_1_A_142_1	0.1667	0.2887	-0.8333	0.2887	1	0.1835	2.4495	0.0143
B_58_1_B_54_1	A_150_1_A_133_0	-0.1667	0.2887	0.6667	0.2887	1	-0.0168	-2.0412	0.0412
B_58_1_B_54_1	A_64_1_A_60_1	0.0000	0.0000	-0.8333	0.2887	1	0.2560	2.8868	0.0039
B_58_1_B_54_1	B_107_1_B_110_0	0.0000	0.0000	-0.5000	0.0000	1	0.5000	inf	0.0000
B_58_1_B_54_1	B_131_0_B_160_1	0.0000	0.0000	0.6667	0.2887	1	-0.0893	-2.3094	0.0209
B_58_1_B_54_1	B_153_1_A_29_0	0.0000	0.0000	-0.6667	0.2887	1	0.0893	2.3094	0.0209
B_58_1_B_54_1	B_55_1_B_52_1	0.1667	0.2887	-0.6667	0.2887	1	0.0168	2.0412	0.0412
B_59_1_B_55_1	A_41_0_A_54_1	0.0000	0.0000	-0.6667	0.2887	1	0.0893	2.3094	0.0209
B_59_1_B_55_1	A_71_1_A_67_1	0.0000	0.0000	-0.5000	0.0000	1	0.5000	inf	0.0000
B_59_1_B_55_1	B_104_0_B_114_1	0.3333	0.2887	-0.8333	0.2887	1	0.3502	2.8577	0.0043
B_59_1_B_55_1	B_131_0_B_160_1	0.0000	0.0000	0.6667	0.2887	1	-0.0893	-2.3094	0.0209
B_59_1_B_55_1	B_179_0_B_95_1	-0.6667	0.5774	0.6667	0.2887	1	-0.0423	-2.0656	0.0389
B_59_1_B_55_1	B_32_0_A_77_0	0.0000	0.0000	-0.6667	0.2887	1	0.0893	2.3094	0.0209
B_59_1_B_55_1	B_91_1_B_87_1	0.1667	0.2887	-0.8333	0.2887	1	0.1835	2.4495	0.0143
B_59_1_B_55_1	C_104_1_A_51_1	0.1667	0.2887	-0.6667	0.2887	1	0.0168	2.0412	0.0412
B_60_1_B_56_1	A_150_1_A_133_0	-0.5000	0.5000	0.8333	0.2887	1	-0.1786	-2.3094	0.0209
B_60_1_B_56_1	A_19_1_A_14_1	-0.3333	0.2887	0.5000	0.0000	1	-0.2560	-2.8868	0.0039
B_60_1_B_56_1	B_131_0_B_160_1	0.0000	0.0000	0.5000	0.0000	1	-0.5000	-inf	0.0000
B_60_1_B_56_1	B_32_0_A_77_0	0.0000	0.0000	-0.8333	0.2887	1	0.2560	2.8868	0.0039
B_60_1_B_56_1	B_72_0_B_69_0	0.0000	0.0000	-0.8333	0.2887	1	0.2560	2.8868	0.0039
B_60_1_B_56_1	B_74_1_B_70_1	0.0000	0.0000	0.8333	0.2887	1	-0.2560	-2.8868	0.0039
B_60_1_B_57_1	A_150_1_A_133_0	0.5000	0.5000	-0.8333	0.2887	1	0.1786	2.3094	0.0209
B_60_1_B_57_1	A_19_1_A_14_1	0.3333	0.2887	-0.5000	0.0000	1	0.2560	2.8868	0.0039
B_60_1_B_57_1	B_131_0_B_160_1	0.0000	0.0000	-0.5000	0.0000	1	0.5000	inf	0.0000
B_60_1_B_57_1	B_179_0_B_177_0	-0.6667	0.5774	0.6667	0.2887	1	-0.0423	-2.0656	0.0389
B_60_1_B_57_1	B_32_0_A_77_0	0.0000	0.0000	0.8333	0.2887	1	-0.2560	-2.8868	0.0039
B_60_1_B_57_1	B_62_1_B_58_1	1.0000	0.0000	-0.1667	0.5774	1	0.0120	2.0207	0.0433
B_60_1_B_57_1	B_69_1_B_66_1	0.6667	0.2887	0.0000	0.0000	1	0.0893	2.3094	0.0209
B_60_1_B_57_1	B_80_0_B_76_1	0.6667	0.2887	0.0000	0.0000	1	0.0893	2.3094	0.0209
B_60_1_B_57_1	B_90_0_B_86_1	-0.8333	0.2887	0.5000	0.5000	1	-0.1786	-2.3094	0.0209
B_60_1_B_57_1	B_92_0_B_87_0	-0.8333	0.2887	0.1667	0.2887	1	-0.1835	-2.4495	0.0143
B_62_1_B_58_1	A_19_0_A_17_1	0.1667	0.2887	-0.8333	0.2887	1	0.1835	2.4495	0.0143
B_62_1_B_58_1	B_35_1_B_33_1	0.6667	0.2887	-0.1667	0.2887	1	0.0168	2.0412	0.0412
B_62_1_B_58_1	B_60_1_B_57_1	1.0000	0.0000	-0.1667	0.5774	1	0.0120	2.0207	0.0433
B_62_1_B_58_1	B_69_1_B_66_1	0.6667	0.2887	0.0000	0.0000	1	0.0893	2.3094	0.0209
B_62_1_B_58_1	B_80_0_B_76_1	0.6667	0.2887	0.0000	0.0000	1	0.0893	2.3094	0.0209
B_62_1_B_58_1	B_86_1_B_83_1	0.0000	0.0000	-0.8333	0.2887	1	0.2560	2.8868	0.0039
B_62_1_B_58_1	B_90_0_B_86_1	-0.8333	0.2887	0.3333	0.2887	1	-0.3502	-2.8577	0.0043
B_62_1_B_58_1	B_91_1_B_87_1	0.1667	0.2887	-0.6667	0.2887	1	0.0168	2.0412	0.0412
B_62_1_B_58_1	B_92_0_B_87_0	-0.8333	0.2887	0.1667	0.2887	1	-0.1835	-2.4495	0.0143
B_62_1_B_58_1	C_105_0_A_51_1	0.6667	0.2887	-0.1667	0.2887	1	0.0168	2.0412	0.0412
B_63_1_B_59_1	A_119_1_A_118_0	0.0000	0.0000	-0.5000	0.0000	1	0.5000	inf	0.0000
B_63_1_B_59_1	A_27_1_A_6_1	-0.1667	0.2887	0.5000	0.0000	1	-0.0893	-2.3094	0.0209
B_63_1_B_59_1	A_41_0_A_54_1	0.0000	0.0000	0.5000	0.0000	1	-0.5000	-inf	0.0000
B_63_1_B_59_1	A_46_1_A_44_1	0.0000	0.0000	0.6667	0.2887	1	-0.0893	-2.3094	0.0209
B_63_1_B_59_1	A_5_0_A_27_0	-0.1667	0.2887	0.8333	0.2887	1	-0.1835	-2.4495	0.0143
B_63_1_B_59_1	A_6_1_A_27_0	0.1667	0.2887	1.0000	0.0000	1	-0.2560	-2.8868	0.0039
B_63_1_B_59_1	B_12_0_A_140_1	0.1667	0.2887	-0.5000	0.0000	1	0.0893	2.3094	0.0209
B_63_1_B_59_1	B_130_0_B_128_0	-0.1667	0.2887	0.6667	0.2887	1	-0.0168	-2.0412	0.0412
B_63_1_B_59_1	B_145_0_B_158_1	0.0000	0.0000	0.6667	0.2887	1	-0.0893	-2.3094	0.0209
B_63_1_B_59_1	B_16_0_A_4_0	0.0000	0.0000	-0.6667	0.2887	1	0.0893	2.3094	0.0209
B_63_1_B_59_1	C_104_1_A_51_1	0.0000	0.0000	0.5000	0.0000	1	-0.5000	-inf	0.0000
B_67_1_B_64_1	A_50_1_A_46_1	-0.5000	0.0000	0.5000	0.0000	1	-1.0000	-inf	0.0000
B_67_1_B_64_1	A_50_1_A_47_1	0.8333	0.2887	-0.6667	0.2887	1	0.6835	3.6742	0.0002
B_67_1_B_64_1	A_59_1_A_55_1	-0.5000	0.0000	0.1667	0.2887	1	-0.0893	-2.3094	0.0209
B_67_1_B_64_1	A_5_1_B_17_1	0.5000	0.0000	-0.3333	0.2887	1	0.2560	2.8868	0.0039
B_67_1_B_64_1	A_71_1_A_67_1	0.1667	0.2887	-0.6667	0.2887	1	0.0168	2.0412	0.0412
B_67_1_B_64_1	B_16_0_A_4_0	0.0000	0.0000	-0.8333	0.2887	1	0.2560	2.8868	0.0039
B_67_1_B_64_1	B_26_1_B_42_0	-0.8333	0.2887	0.0000	0.0000	1	-0.2560	-2.8868	0.0039
B_67_1_B_64_1	B_69_1_B_66_1	-0.5000	0.0000	0.0000	0.0000	1	-0.5000	-inf	0.0000
B_67_1_B_64_1	B_90_1_B_86_1	0.6667	0.2887	-0.5000	0.5000	1	0.0120	2.0207	0.0433
B_67_1_B_64_1	B_93_0_A_47_0	-0.6667	0.2887	0.6667	0.5774	1	-0.0423	-2.0656	0.0389
B_69_1_B_66_1	A_164_0_A_120_0	-0.5000	0.0000	0.0000	0.0000	1	-0.5000	-inf	0.0000
B_69_1_B_66_1	A_164_0_A_166_0	0.6667	0.2887	0.0000	0.0000	1	0.0893	2.3094	0.0209
B_69_1_B_66_1	A_17_1_A_17_0	-0.5000	0.0000	0.0000	0.0000	1	-0.5000	-inf	0.0000
B_69_1_B_66_1	A_38_1_A_35_1	-0.5000	0.0000	0.0000	0.0000	1	-0.5000	-inf	0.0000
B_69_1_B_66_1	A_57_0_A_55_0	-0.5000	0.0000	0.0000	0.0000	1	-0.5000	-inf	0.0000
B_69_1_B_66_1	A_59_1_A_55_1	1.0000	0.0000	0.0000	0.0000	1	1.0000	inf	0.0000
B_69_1_B_66_1	A_59_1_A_56_1	-0.5000	0.0000	0.0000	0.0000	1	-0.5000	-inf	0.0000
B_69_1_B_66_1	A_66_1_A_62_1	-0.6667	0.2887	0.0000	0.0000	1	-0.0893	-2.3094	0.0209
B_69_1_B_66_1	A_68_1_A_65_1	0.8333	0.2887	0.0000	0.0000	1	0.2560	2.8868	0.0039
B_69_1_B_66_1	B_134_0_B_169_0	0.5000	0.0000	0.0000	0.0000	1	0.5000	inf	0.0000
B_69_1_B_66_1	B_145_1_B_158_1	0.5000	0.0000	0.0000	0.0000	1	0.5000	inf	0.0000
B_69_1_B_66_1	B_60_1_B_57_1	0.6667	0.2887	0.0000	0.0000	1	0.0893	2.3094	0.0209
B_69_1_B_66_1	B_62_1_B_58_1	0.6667	0.2887	0.0000	0.0000	1	0.0893	2.3094	0.0209
B_69_1_B_66_1	B_67_1_B_64_1	-0.5000	0.0000	0.0000	0.0000	1	-0.5000	-inf	0.0000
B_69_1_B_66_1	B_69_1_B_66_1	1.0000	0.0000	0.0000	0.0000	1	1.0000	inf	0.0000
B_69_1_B_66_1	B_80_0_B_76_1	0.6667	0.2887	0.0000	0.0000	1	0.0893	2.3094	0.0209
B_69_1_B_66_1	B_89_1_B_86_1	0.5000	0.0000	0.0000	0.0000	1	0.5000	inf	0.0000
B_69_1_B_66_1	B_90_0_B_86_1	-0.5000	0.0000	0.0000	0.0000	1	-0.5000	-inf	0.0000
B_69_1_B_66_1	B_92_0_B_87_0	-0.5000	0.0000	0.0000	0.0000	1	-0.5000	-inf	0.0000
B_69_1_B_66_1	B_96_1_B_96_0	0.6667	0.2887	0.0000	0.0000	1	0.0893	2.3094	0.0209
B_6_0_B_4_1	A_19_0_A_17_1	-0.1667	0.2887	0.6667	0.2887	1	-0.0168	-2.0412	0.0412
B_6_0_B_4_1	B_153_1_A_29_0	0.1667	0.2887	-0.5000	0.0000	1	0.0893	2.3094	0.0209
B_6_0_B_4_1	B_35_1_B_33_1	-0.6667	0.2887	0.1667	0.2887	1	-0.0168	-2.0412	0.0412
B_6_0_B_4_1	B_86_1_B_83_1	0.0000	0.0000	0.6667	0.2887	1	-0.0893	-2.3094	0.0209
B_6_0_B_4_1	B_90_0_B_86_1	0.8333	0.2887	-0.3333	0.2887	1	0.3502	2.8577	0.0043
B_71_0_B_47_0	A_156_0_A_159_0	-0.1667	0.2887	0.5000	0.0000	1	-0.0893	-2.3094	0.0209
B_71_0_B_47_0	A_19_0_A_17_1	-0.1667	0.2887	0.6667	0.2887	1	-0.0168	-2.0412	0.0412
B_71_0_B_47_0	B_145_0_B_158_1	0.1667	0.2887	-0.6667	0.2887	1	0.0168	2.0412	0.0412
B_71_0_B_47_0	B_153_1_A_29_0	0.1667	0.2887	-0.5000	0.0000	1	0.0893	2.3094	0.0209
B_71_0_B_47_0	B_86_1_B_83_1	0.0000	0.0000	0.6667	0.2887	1	-0.0893	-2.3094	0.0209
B_72_0_B_69_0	A_150_1_A_133_0	0.0000	0.0000	-0.6667	0.2887	1	0.0893	2.3094	0.0209
B_72_0_B_69_0	A_95_1_A_103_0	0.0000	0.0000	0.6667	0.2887	1	-0.0893	-2.3094	0.0209
B_72_0_B_69_0	B_106_1_B_110_0	0.1667	0.2887	-0.6667	0.2887	1	0.0168	2.0412	0.0412
B_72_0_B_69_0	B_107_1_B_110_0	0.0000	0.0000	-0.6667	0.2887	1	0.0893	2.3094	0.0209
B_72_0_B_69_0	B_57_1_B_54_1	0.0000	0.0000	-0.6667	0.2887	1	0.0893	2.3094	0.0209
B_72_0_B_69_0	B_60_1_B_56_1	0.0000	0.0000	-0.8333	0.2887	1	0.2560	2.8868	0.0039
B_72_0_B_69_0	B_86_1_B_83_1	0.0000	0.0000	0.6667	0.2887	1	-0.0893	-2.3094	0.0209
B_74_1_B_70_1	A_19_1_A_14_1	0.0000	0.0000	0.6667	0.2887	1	-0.0893	-2.3094	0.0209
B_74_1_B_70_1	A_27_1_A_6_1	-0.1667	0.2887	0.5000	0.0000	1	-0.0893	-2.3094	0.0209
B_74_1_B_70_1	A_28_1_A_25_0	0.0000	0.0000	0.5000	0.0000	1	-0.5000	-inf	0.0000
B_74_1_B_70_1	A_41_0_A_54_1	0.0000	0.0000	0.5000	0.0000	1	-0.5000	-inf	0.0000
B_74_1_B_70_1	B_130_0_B_137_0	0.0000	0.0000	0.5000	0.0000	1	-0.5000	-inf	0.0000
B_74_1_B_70_1	B_179_0_B_177_0	0.1667	0.2887	-0.5000	0.0000	1	0.0893	2.3094	0.0209
B_74_1_B_70_1	B_179_0_B_95_1	-0.1667	0.2887	0.6667	0.2887	1	-0.0168	-2.0412	0.0412
B_74_1_B_70_1	B_180_1_B_177_1	0.0000	0.0000	0.5000	0.0000	1	-0.5000	-inf	0.0000
B_74_1_B_70_1	B_29_0_A_141_0	0.0000	0.0000	0.8333	0.2887	1	-0.2560	-2.8868	0.0039
B_74_1_B_70_1	B_32_0_A_77_0	0.0000	0.0000	-0.6667	0.2887	1	0.0893	2.3094	0.0209
B_74_1_B_70_1	B_57_1_B_54_1	0.0000	0.0000	0.6667	0.2887	1	-0.0893	-2.3094	0.0209
B_74_1_B_70_1	B_60_1_B_56_1	0.0000	0.0000	0.8333	0.2887	1	-0.2560	-2.8868	0.0039
B_74_1_B_71_1	A_30_1_A_29_0	-0.5000	0.0000	0.1667	0.2887	1	-0.0893	-2.3094	0.0209
B_74_1_B_71_1	B_168_1_B_190_1	0.8333	0.2887	-0.1667	0.2887	1	0.1835	2.4495	0.0143
B_76_1_B_73_1	A_101_1_A_98_1	0.0000	0.0000	0.8333	0.2887	1	-0.2560	-2.8868	0.0039
B_76_1_B_73_1	A_156_0_A_159_0	0.0000	0.0000	0.5000	0.0000	1	-0.5000	-inf	0.0000
B_76_1_B_73_1	A_19_0_A_17_1	0.0000	0.0000	0.6667	0.2887	1	-0.0893	-2.3094	0.0209
B_76_1_B_73_1	B_145_0_B_158_1	0.0000	0.0000	-0.6667	0.2887	1	0.0893	2.3094	0.0209
B_76_1_B_73_1	B_153_1_A_29_0	0.1667	0.2887	-0.5000	0.0000	1	0.0893	2.3094	0.0209
B_76_1_B_73_1	B_44_1_B_41_1	0.0000	0.0000	0.8333	0.2887	1	-0.2560	-2.8868	0.0039
B_76_1_B_73_1	B_86_1_B_83_1	0.0000	0.0000	0.6667	0.2887	1	-0.0893	-2.3094	0.0209
B_78_1_B_74_1	A_124_0_A_159_0	0.0000	0.0000	-0.5000	0.0000	1	0.5000	inf	0.0000
B_78_1_B_74_1	A_158_1_A_156_0	0.0000	0.0000	0.5000	0.0000	1	-0.5000	-inf	0.0000
B_78_1_B_74_1	A_17_1_A_17_0	0.0000	0.0000	-0.8333	0.2887	1	0.2560	2.8868	0.0039
B_78_1_B_74_1	A_41_0_A_54_1	0.0000	0.0000	-0.6667	0.2887	1	0.0893	2.3094	0.0209
B_78_1_B_74_1	A_50_0_A_47_0	0.0000	0.0000	-0.6667	0.2887	1	0.0893	2.3094	0.0209
B_78_1_B_74_1	A_53_1_C_105_1	0.0000	0.0000	0.6667	0.2887	1	-0.0893	-2.3094	0.0209
B_78_1_B_74_1	A_59_1_A_56_1	0.0000	0.0000	-0.8333	0.2887	1	0.2560	2.8868	0.0039
B_78_1_B_74_1	B_106_1_B_110_0	0.0000	0.0000	-0.5000	0.0000	1	0.5000	inf	0.0000
B_78_1_B_74_1	B_107_1_B_110_0	0.0000	0.0000	-0.5000	0.0000	1	0.5000	inf	0.0000
B_78_1_B_74_1	B_12_0_A_140_1	0.0000	0.0000	-0.8333	0.2887	1	0.2560	2.8868	0.0039
B_78_1_B_74_1	B_131_0_B_160_1	0.0000	0.0000	0.6667	0.2887	1	-0.0893	-2.3094	0.0209
B_78_1_B_74_1	B_168_1_B_190_0	0.0000	0.0000	1.0000	0.0000	1	-1.0000	-inf	0.0000
B_78_1_B_74_1	B_16_0_A_4_0	0.0000	0.0000	-0.6667	0.2887	1	0.0893	2.3094	0.0209
B_78_1_B_74_1	B_78_1_B_74_1	0.0000	0.0000	1.0000	0.0000	1	-1.0000	-inf	0.0000
B_78_1_B_74_1	C_104_1_A_51_1	0.0000	0.0000	-0.6667	0.2887	1	0.0893	2.3094	0.0209
B_80_0_B_76_0	A_101_1_A_98_1	-0.1667	0.2887	0.6667	0.2887	1	-0.0168	-2.0412	0.0412
B_80_0_B_76_0	B_29_0_A_141_0	0.0000	0.0000	0.5000	0.0000	1	-0.5000	-inf	0.0000
B_80_0_B_76_0	B_44_1_B_41_1	-0.1667	0.2887	0.6667	0.2887	1	-0.0168	-2.0412	0.0412
B_80_0_B_76_0	B_86_1_B_83_1	0.0000	0.0000	0.8333	0.2887	1	-0.2560	-2.8868	0.0039
B_80_0_B_76_0	B_91_1_B_87_1	-0.1667	0.2887	0.6667	0.2887	1	-0.0168	-2.0412	0.0412
B_80_0_B_76_1	A_143_0_B_36_0	0.6667	0.2887	0.0000	0.0000	1	0.0893	2.3094	0.0209
B_80_0_B_76_1	A_157_0_A_158_0	0.6667	0.2887	0.0000	0.0000	1	0.0893	2.3094	0.0209
B_80_0_B_76_1	A_30_1_A_29_0	-0.6667	0.2887	0.0000	0.0000	1	-0.0893	-2.3094	0.0209
B_80_0_B_76_1	A_50_0_A_47_0	0.6667	0.2887	0.0000	0.0000	1	0.0893	2.3094	0.0209
B_80_0_B_76_1	A_59_1_A_55_1	0.6667	0.2887	0.0000	0.0000	1	0.0893	2.3094	0.0209
B_80_0_B_76_1	A_59_1_A_56_1	-0.8333	0.2887	0.0000	0.0000	1	-0.2560	-2.8868	0.0039
B_80_0_B_76_1	A_68_1_A_65_1	0.8333	0.2887	0.0000	0.0000	1	0.2560	2.8868	0.0039
B_80_0_B_76_1	B_145_1_B_158_1	0.8333	0.2887	0.0000	0.0000	1	0.2560	2.8868	0.0039
B_80_0_B_76_1	B_157_0_B_146_1	0.6667	0.2887	0.0000	0.0000	1	0.0893	2.3094	0.0209
B_80_0_B_76_1	B_168_1_B_190_0	-0.5000	0.0000	0.0000	0.0000	1	-0.5000	-inf	0.0000
B_80_0_B_76_1	B_60_1_B_57_1	0.6667	0.2887	0.0000	0.0000	1	0.0893	2.3094	0.0209
B_80_0_B_76_1	B_62_1_B_58_1	0.6667	0.2887	0.0000	0.0000	1	0.0893	2.3094	0.0209
B_80_0_B_76_1	B_69_1_B_66_1	0.6667	0.2887	0.0000	0.0000	1	0.0893	2.3094	0.0209
B_80_0_B_76_1	B_80_0_B_76_1	1.0000	0.0000	0.0000	0.0000	1	1.0000	inf	0.0000
B_80_0_B_76_1	B_90_0_B_86_1	-0.8333	0.2887	0.0000	0.0000	1	-0.2560	-2.8868	0.0039
B_80_0_B_76_1	B_93_0_A_47_0	-0.6667	0.2887	0.0000	0.0000	1	-0.0893	-2.3094	0.0209
B_80_0_B_76_1	B_93_0_B_153_1	0.5000	0.0000	0.0000	0.0000	1	0.5000	inf	0.0000
B_80_0_B_76_1	B_96_1_B_96_0	0.6667	0.2887	0.0000	0.0000	1	0.0893	2.3094	0.0209
B_80_0_B_76_1	C_105_0_A_51_1	0.6667	0.2887	0.0000	0.0000	1	0.0893	2.3094	0.0209
B_86_1_B_83_1	A_101_1_A_98_1	0.0000	0.0000	0.5000	0.0000	1	-0.5000	-inf	0.0000
B_86_1_B_83_1	A_156_0_A_159_0	0.0000	0.0000	0.8333	0.2887	1	-0.2560	-2.8868	0.0039
B_86_1_B_83_1	A_19_0_A_17_1	0.0000	0.0000	1.0000	0.0000	1	-1.0000	-inf	0.0000
B_86_1_B_83_1	A_50_0_A_47_0	0.0000	0.0000	0.6667	0.2887	1	-0.0893	-2.3094	0.0209
B_86_1_B_83_1	A_50_1_A_46_1	0.0000	0.0000	-0.6667	0.2887	1	0.0893	2.3094	0.0209
B_86_1_B_83_1	A_50_1_A_47_1	0.0000	0.0000	0.5000	0.0000	1	-0.5000	-inf	0.0000
B_86_1_B_83_1	A_68_1_A_64_1	0.0000	0.0000	0.6667	0.2887	1	-0.0893	-2.3094	0.0209
B_86_1_B_83_1	A_71_1_A_67_1	0.0000	0.0000	0.5000	0.0000	1	-0.5000	-inf	0.0000
B_86_1_B_83_1	A_95_1_A_103_0	0.0000	0.0000	0.6667	0.2887	1	-0.0893	-2.3094	0.0209
B_86_1_B_83_1	B_44_1_B_41_1	0.0000	0.0000	0.5000	0.0000	1	-0.5000	-inf	0.0000
B_86_1_B_83_1	B_62_1_B_58_1	0.0000	0.0000	-0.8333	0.2887	1	0.2560	2.8868	0.0039
B_86_1_B_83_1	B_6_0_B_4_1	0.0000	0.0000	0.6667	0.2887	1	-0.0893	-2.3094	0.0209
B_86_1_B_83_1	B_71_0_B_47_0	0.0000	0.0000	0.6667	0.2887	1	-0.0893	-2.3094	0.0209
B_86_1_B_83_1	B_72_0_B_69_0	0.0000	0.0000	0.6667	0.2887	1	-0.0893	-2.3094	0.0209
B_86_1_B_83_1	B_76_1_B_73_1	0.0000	0.0000	0.6667	0.2887	1	-0.0893	-2.3094	0.0209
B_86_1_B_83_1	B_80_0_B_76_0	0.0000	0.0000	0.8333	0.2887	1	-0.2560	-2.8868	0.0039
B_86_1_B_83_1	B_86_1_B_83_1	0.0000	0.0000	1.0000	0.0000	1	-1.0000	-inf	0.0000
B_86_1_B_83_1	B_91_1_B_87_1	0.0000	0.0000	0.8333	0.2887	1	-0.2560	-2.8868	0.0039
B_89_1_B_86_1	A_118_0_A_166_0	0.5000	0.0000	0.0000	0.0000	1	0.5000	inf	0.0000
B_89_1_B_86_1	A_119_1_A_118_0	0.1667	0.2887	1.0000	0.0000	1	-0.2560	-2.8868	0.0039
B_89_1_B_86_1	A_44_0_A_134_1	0.6667	0.2887	-0.1667	0.2887	1	0.0168	2.0412	0.0412
B_89_1_B_86_1	A_44_0_A_30_0	0.6667	0.2887	-0.1667	0.2887	1	0.0168	2.0412	0.0412
B_89_1_B_86_1	A_48_1_A_45_1	-0.6667	0.2887	0.0000	0.0000	1	-0.0893	-2.3094	0.0209
B_89_1_B_86_1	A_59_1_A_55_1	0.5000	0.0000	-0.1667	0.2887	1	0.0893	2.3094	0.0209
B_89_1_B_86_1	A_6_1_A_27_0	0.5000	0.0000	-0.5000	0.0000	1	1.0000	inf	0.0000
B_89_1_B_86_1	A_71_1_A_67_1	-0.1667	0.2887	0.6667	0.2887	1	-0.0168	-2.0412	0.0412
B_89_1_B_86_1	B_131_0_B_160_1	0.0000	0.0000	0.6667	0.2887	1	-0.0893	-2.3094	0.0209
B_89_1_B_86_1	B_179_0_B_177_0	0.3333	0.2887	-0.5000	0.0000	1	0.2560	2.8868	0.0039
B_89_1_B_86_1	B_23_1_B_22_0	-0.8333	0.2887	0.0000	0.0000	1	-0.2560	-2.8868	0.0039
B_89_1_B_86_1	B_36_1_B_35_0	0.5000	0.0000	0.0000	0.0000	1	0.5000	inf	0.0000
B_89_1_B_86_1	B_43_1_B_41_0	-0.5000	0.0000	0.3333	0.2887	1	-0.2560	-2.8868	0.0039
B_89_1_B_86_1	B_57_1_B_54_1	-0.3333	0.2887	0.6667	0.2887	1	-0.1835	-2.4495	0.0143
B_89_1_B_86_1	B_69_1_B_66_1	0.5000	0.0000	0.0000	0.0000	1	0.5000	inf	0.0000
B_90_0_B_86_1	A_164_0_A_120_0	-0.5000	0.0000	0.1667	0.2887	1	-0.0893	-2.3094	0.0209
B_90_0_B_86_1	A_30_1_A_29_0	0.8333	0.2887	-0.1667	0.2887	1	0.1835	2.4495	0.0143
B_90_0_B_86_1	A_59_1_A_55_1	-0.5000	0.0000	0.0000	0.0000	1	-0.5000	-inf	0.0000
B_90_0_B_86_1	A_68_1_A_65_1	-0.6667	0.2887	0.1667	0.2887	1	-0.0168	-2.0412	0.0412
B_90_0_B_86_1	B_60_1_B_57_1	-0.8333	0.2887	0.5000	0.5000	1	-0.1786	-2.3094	0.0209
B_90_0_B_86_1	B_62_1_B_58_1	-0.8333	0.2887	0.3333	0.2887	1	-0.3502	-2.8577	0.0043
B_90_0_B_86_1	B_69_1_B_66_1	-0.5000	0.0000	0.0000	0.0000	1	-0.5000	-inf	0.0000
B_90_0_B_86_1	B_6_0_B_4_1	0.8333	0.2887	-0.3333	0.2887	1	0.3502	2.8577	0.0043
B_90_0_B_86_1	B_80_0_B_76_1	-0.8333	0.2887	0.0000	0.0000	1	-0.2560	-2.8868	0.0039
B_90_0_B_86_1	B_96_1_B_96_0	-0.8333	0.2887	0.3333	0.2887	1	-0.3502	-2.8577	0.0043
B_90_1_B_86_1	B_25_0_B_41_0	-1.0000	0.0000	0.1667	0.2887	1	-0.5893	-4.0415	0.0001
B_90_1_B_86_1	B_26_1_B_42_0	-0.8333	0.2887	0.0000	0.0000	1	-0.2560	-2.8868	0.0039
B_90_1_B_86_1	B_36_1_B_35_0	0.6667	0.2887	0.0000	0.0000	1	0.0893	2.3094	0.0209
B_90_1_B_86_1	B_67_1_B_64_1	0.6667	0.2887	-0.5000	0.5000	1	0.0120	2.0207	0.0433
B_90_1_B_86_1	B_93_0_B_153_1	0.5000	0.0000	0.0000	0.0000	1	0.5000	inf	0.0000
B_91_1_B_87_1	A_156_0_A_159_0	0.0000	0.0000	1.0000	0.0000	1	-1.0000	-inf	0.0000
B_91_1_B_87_1	A_19_0_A_17_1	0.0000	0.0000	0.8333	0.2887	1	-0.2560	-2.8868	0.0039
B_91_1_B_87_1	A_41_0_A_54_1	0.0000	0.0000	0.5000	0.0000	1	-0.5000	-inf	0.0000
B_91_1_B_87_1	A_71_1_A_67_1	0.0000	0.0000	0.6667	0.2887	1	-0.0893	-2.3094	0.0209
B_91_1_B_87_1	B_59_1_B_55_1	0.1667	0.2887	-0.8333	0.2887	1	0.1835	2.4495	0.0143
B_91_1_B_87_1	B_62_1_B_58_1	0.1667	0.2887	-0.6667	0.2887	1	0.0168	2.0412	0.0412
B_91_1_B_87_1	B_80_0_B_76_0	-0.1667	0.2887	0.6667	0.2887	1	-0.0168	-2.0412	0.0412
B_91_1_B_87_1	B_86_1_B_83_1	0.0000	0.0000	0.8333	0.2887	1	-0.2560	-2.8868	0.0039
B_91_1_B_87_1	C_104_1_A_51_1	0.0000	0.0000	0.5000	0.0000	1	-0.5000	-inf	0.0000
B_92_0_B_87_0	A_66_1_A_62_1	0.8333	0.2887	0.0000	0.0000	1	0.2560	2.8868	0.0039
B_92_0_B_87_0	A_99_1_A_98_0	-0.6667	0.2887	0.0000	0.0000	1	-0.0893	-2.3094	0.0209
B_92_0_B_87_0	B_23_1_B_22_0	-0.6667	0.2887	0.0000	0.0000	1	-0.0893	-2.3094	0.0209
B_92_0_B_87_0	B_25_0_B_41_0	-0.6667	0.2887	0.0000	0.0000	1	-0.0893	-2.3094	0.0209
B_92_0_B_87_0	B_35_1_B_33_1	-0.5000	0.0000	0.0000	0.0000	1	-0.5000	-inf	0.0000
B_92_0_B_87_0	B_60_1_B_57_1	-0.8333	0.2887	0.1667	0.2887	1	-0.1835	-2.4495	0.0143
B_92_0_B_87_0	B_62_1_B_58_1	-0.8333	0.2887	0.1667	0.2887	1	-0.1835	-2.4495	0.0143
B_92_0_B_87_0	B_69_1_B_66_1	-0.5000	0.0000	0.0000	0.0000	1	-0.5000	-inf	0.0000
B_92_0_B_87_0	B_96_1_B_96_0	-0.8333	0.2887	0.0000	0.0000	1	-0.2560	-2.8868	0.0039
B_92_0_B_87_0	C_105_0_A_51_1	-0.5000	0.0000	0.0000	0.0000	1	-0.5000	-inf	0.0000
B_93_0_A_47_0	A_38_1_A_35_1	-0.6667	0.2887	0.5000	0.5000	1	-0.0120	-2.0207	0.0433
B_93_0_A_47_0	A_59_1_A_56_1	0.8333	0.2887	-0.3333	0.2887	1	0.3502	2.8577	0.0043
B_93_0_A_47_0	A_68_1_A_65_1	-0.5000	0.0000	0.3333	0.2887	1	-0.2560	-2.8868	0.0039
B_93_0_A_47_0	B_123_1_B_95_1	0.8333	0.2887	-0.1667	0.2887	1	0.1835	2.4495	0.0143
B_93_0_A_47_0	B_157_0_B_146_1	-1.0000	0.0000	-0.3333	0.2887	1	-0.0893	-2.3094	0.0209
B_93_0_A_47_0	B_26_1_B_42_0	0.8333	0.2887	0.0000	0.0000	1	0.2560	2.8868	0.0039
B_93_0_A_47_0	B_67_1_B_64_1	-0.6667	0.2887	0.6667	0.5774	1	-0.0423	-2.0656	0.0389
B_93_0_A_47_0	B_80_0_B_76_1	-0.6667	0.2887	0.0000	0.0000	1	-0.0893	-2.3094	0.0209
B_93_0_A_47_0	C_117_1_C_114_1	0.6667	0.2887	0.0000	0.0000	1	0.0893	2.3094	0.0209
B_93_0_B_153_1	A_53_1_C_105_1	0.6667	0.2887	-0.1667	0.2887	1	0.0168	2.0412	0.0412
B_93_0_B_153_1	A_5_1_B_17_1	0.6667	0.2887	-0.1667	0.2887	1	0.0168	2.0412	0.0412
B_93_0_B_153_1	B_123_1_B_95_1	-0.6667	0.2887	0.0000	0.0000	1	-0.0893	-2.3094	0.0209
B_93_0_B_153_1	B_134_0_B_169_0	0.6667	0.2887	0.0000	0.0000	1	0.0893	2.3094	0.0209
B_93_0_B_153_1	B_145_1_B_158_1	0.6667	0.2887	0.0000	0.0000	1	0.0893	2.3094	0.0209
B_93_0_B_153_1	B_149_0_A_28_1	-0.6667	0.2887	0.0000	0.0000	1	-0.0893	-2.3094	0.0209
B_93_0_B_153_1	B_157_0_B_146_1	0.8333	0.2887	-0.1667	0.2887	1	0.1835	2.4495	0.0143
B_93_0_B_153_1	B_25_0_B_41_0	-0.5000	0.0000	0.1667	0.2887	1	-0.0893	-2.3094	0.0209
B_93_0_B_153_1	B_26_1_B_42_0	-0.6667	0.2887	0.0000	0.0000	1	-0.0893	-2.3094	0.0209
B_93_0_B_153_1	B_80_0_B_76_1	0.5000	0.0000	0.0000	0.0000	1	0.5000	inf	0.0000
B_93_0_B_153_1	B_90_1_B_86_1	0.5000	0.0000	0.0000	0.0000	1	0.5000	inf	0.0000
B_93_0_B_153_1	C_117_1_C_114_1	-0.5000	0.0000	0.0000	0.0000	1	-0.5000	-inf	0.0000
B_96_1_B_96_0	A_59_1_A_55_1	0.6667	0.2887	0.0000	0.0000	1	0.0893	2.3094	0.0209
B_96_1_B_96_0	A_66_1_A_62_1	-0.6667	0.2887	0.3333	0.2887	1	-0.1835	-2.4495	0.0143
B_96_1_B_96_0	A_99_1_A_98_0	0.5000	0.0000	-0.3333	0.2887	1	0.2560	2.8868	0.0039
B_96_1_B_96_0	B_35_1_B_33_1	0.6667	0.2887	-0.1667	0.2887	1	0.0168	2.0412	0.0412
B_96_1_B_96_0	B_69_1_B_66_1	0.6667	0.2887	0.0000	0.0000	1	0.0893	2.3094	0.0209
B_96_1_B_96_0	B_80_0_B_76_1	0.6667	0.2887	0.0000	0.0000	1	0.0893	2.3094	0.0209
B_96_1_B_96_0	B_90_0_B_86_1	-0.8333	0.2887	0.3333	0.2887	1	-0.3502	-2.8577	0.0043
B_96_1_B_96_0	B_92_0_B_87_0	-0.8333	0.2887	0.0000	0.0000	1	-0.2560	-2.8868	0.0039
B_96_1_B_96_0	C_105_0_A_51_1	0.6667	0.2887	-0.1667	0.2887	1	0.0168	2.0412	0.0412
C_104_1_A_51_1	A_41_0_A_54_1	0.0000	0.0000	1.0000	0.0000	1	-1.0000	-inf	0.0000
C_104_1_A_51_1	A_5_0_A_27_0	-0.3333	0.2887	0.6667	0.2887	1	-0.1835	-2.4495	0.0143
C_104_1_A_51_1	A_68_1_A_64_1	0.1667	0.2887	-0.5000	0.0000	1	0.0893	2.3094	0.0209
C_104_1_A_51_1	A_6_1_A_27_0	-0.6667	0.5774	0.5000	0.0000	1	-0.0120	-2.0207	0.0433
C_104_1_A_51_1	B_12_0_A_140_1	-0.1667	0.2887	0.5000	0.0000	1	-0.0893	-2.3094	0.0209
C_104_1_A_51_1	B_131_0_B_160_1	0.0000	0.0000	-0.6667	0.2887	1	0.0893	2.3094	0.0209
C_104_1_A_51_1	B_153_1_A_29_0	0.0000	0.0000	-0.5000	0.0000	1	0.5000	inf	0.0000
C_104_1_A_51_1	B_29_0_A_141_0	0.0000	0.0000	0.6667	0.2887	1	-0.0893	-2.3094	0.0209
C_104_1_A_51_1	B_59_1_B_55_1	0.1667	0.2887	-0.6667	0.2887	1	0.0168	2.0412	0.0412
C_104_1_A_51_1	B_63_1_B_59_1	0.0000	0.0000	0.5000	0.0000	1	-0.5000	-inf	0.0000
C_104_1_A_51_1	B_78_1_B_74_1	0.0000	0.0000	-0.6667	0.2887	1	0.0893	2.3094	0.0209
C_104_1_A_51_1	B_91_1_B_87_1	0.0000	0.0000	0.5000	0.0000	1	-0.5000	-inf	0.0000
C_105_0_A_51_1	A_118_0_A_166_0	-0.5000	0.0000	0.0000	0.0000	1	-0.5000	-inf	0.0000
C_105_0_A_51_1	A_17_1_A_17_0	-0.5000	0.0000	0.1667	0.2887	1	-0.0893	-2.3094	0.0209
C_105_0_A_51_1	A_59_1_A_56_1	-0.5000	0.0000	0.1667	0.2887	1	-0.0893	-2.3094	0.0209
C_105_0_A_51_1	A_66_1_A_62_1	-0.6667	0.2887	0.1667	0.2887	1	-0.0168	-2.0412	0.0412
C_105_0_A_51_1	A_68_1_A_65_1	0.8333	0.2887	-0.1667	0.2887	1	0.1835	2.4495	0.0143
C_105_0_A_51_1	B_134_0_B_169_0	0.5000	0.0000	0.0000	0.0000	1	0.5000	inf	0.0000
C_105_0_A_51_1	B_145_1_B_158_1	0.5000	0.0000	0.0000	0.0000	1	0.5000	inf	0.0000
C_105_0_A_51_1	B_149_0_A_28_1	-0.5000	0.0000	0.0000	0.0000	1	-0.5000	-inf	0.0000
C_105_0_A_51_1	B_168_1_B_190_1	-0.5000	0.0000	0.1667	0.2887	1	-0.0893	-2.3094	0.0209
C_105_0_A_51_1	B_62_1_B_58_1	0.6667	0.2887	-0.1667	0.2887	1	0.0168	2.0412	0.0412
C_105_0_A_51_1	B_80_0_B_76_1	0.6667	0.2887	0.0000	0.0000	1	0.0893	2.3094	0.0209
C_105_0_A_51_1	B_92_0_B_87_0	-0.5000	0.0000	0.0000	0.0000	1	-0.5000	-inf	0.0000
C_105_0_A_51_1	B_96_1_B_96_0	0.6667	0.2887	-0.1667	0.2887	1	0.0168	2.0412	0.0412
C_105_0_A_51_1	C_117_1_C_114_1	-0.6667	0.2887	0.0000	0.0000	1	-0.0893	-2.3094	0.0209
C_117_1_C_114_1	A_143_0_B_36_0	-0.6667	0.2887	0.0000	0.0000	1	-0.0893	-2.3094	0.0209
C_117_1_C_114_1	A_150_1_A_149_0	0.8333	0.2887	0.0000	0.0000	1	0.2560	2.8868	0.0039
C_117_1_C_114_1	A_157_0_A_158_0	-0.6667	0.2887	0.0000	0.0000	1	-0.0893	-2.3094	0.0209
C_117_1_C_114_1	A_158_1_A_156_0	0.6667	0.2887	0.0000	0.0000	1	0.0893	2.3094	0.0209
C_117_1_C_114_1	A_44_0_B_152_0	-0.6667	0.2887	0.0000	0.0000	1	-0.0893	-2.3094	0.0209
C_117_1_C_114_1	A_50_0_A_47_0	-0.6667	0.2887	0.0000	0.0000	1	-0.0893	-2.3094	0.0209
C_117_1_C_114_1	A_5_1_B_17_1	-0.8333	0.2887	0.0000	0.0000	1	-0.2560	-2.8868	0.0039
C_117_1_C_114_1	A_99_1_A_98_0	0.6667	0.2887	0.0000	0.0000	1	0.0893	2.3094	0.0209
C_117_1_C_114_1	B_142_1_B_139_1	-0.8333	0.2887	0.0000	0.0000	1	-0.2560	-2.8868	0.0039
C_117_1_C_114_1	B_157_0_B_146_1	-0.6667	0.2887	0.0000	0.0000	1	-0.0893	-2.3094	0.0209
C_117_1_C_114_1	B_51_1_B_37_1	0.8333	0.2887	0.0000	0.0000	1	0.2560	2.8868	0.0039
C_117_1_C_114_1	B_93_0_A_47_0	0.6667	0.2887	0.0000	0.0000	1	0.0893	2.3094	0.0209
C_117_1_C_114_1	B_93_0_B_153_1	-0.5000	0.0000	0.0000	0.0000	1	-0.5000	-inf	0.0000
C_117_1_C_114_1	C_105_0_A_51_1	-0.6667	0.2887	0.0000	0.0000	1	-0.0893	-2.3094	0.0209
C_117_1_C_114_1	C_117_1_C_114_1	1.0000	0.0000	0.0000	0.0000	1	1.0000	inf	0.0000
