bspair1	bspair2	aT41A.pcca1	aT41A.pcca1	WT.pcca2	WT.pcca2	lsdm	sdiff	score	pval
		mf	sf	mf	sf				
A_118_0_A_166_0	A_44_0_A_30_0	0.8333	0.2887	-0.1667	0.2887	1	0.1835	2.4495	0.0143
A_118_0_A_166_0	A_50_1_A_47_1	0.8333	0.2887	-0.1667	0.2887	1	0.1835	2.4495	0.0143
A_118_0_A_166_0	A_6_1_A_27_0	1.0000	0.0000	0.0000	0.0000	1	1.0000	inf	0.0000
A_118_0_A_166_0	B_23_1_B_22_0	-0.6667	0.2887	0.0000	0.0000	1	-0.0893	-2.3094	0.0209
A_118_0_A_166_0	B_35_1_B_33_1	-0.5000	0.0000	0.0000	0.0000	1	-0.5000	-inf	0.0000
A_118_0_A_166_0	B_43_1_B_41_0	-1.0000	0.0000	0.0000	0.0000	1	-1.0000	-inf	0.0000
A_118_0_A_166_0	B_89_1_B_86_1	0.5000	0.0000	-0.1667	0.2887	1	0.0893	2.3094	0.0209
A_121_0_A_149_0	A_130_0_A_150_1	0.0000	0.0000	-0.8333	0.2887	1	0.2560	2.8868	0.0039
A_121_0_A_149_0	A_156_0_A_158_0	0.0000	0.0000	0.8333	0.2887	1	-0.2560	-2.8868	0.0039
A_121_0_A_149_0	A_30_1_A_29_0	0.1667	0.2887	-0.8333	0.2887	1	0.1835	2.4495	0.0143
A_121_0_A_149_0	A_44_0_A_133_1	0.0000	0.0000	-0.8333	0.2887	1	0.2560	2.8868	0.0039
A_121_0_A_149_0	A_62_1_A_58_1	-0.1667	0.2887	-1.0000	0.0000	1	0.2560	2.8868	0.0039
A_121_0_A_149_0	B_105_0_A_182_1	0.1667	0.2887	-0.6667	0.2887	1	0.0168	2.0412	0.0412
A_121_0_A_149_0	B_180_1_B_177_1	0.0000	0.0000	-0.8333	0.2887	1	0.2560	2.8868	0.0039
A_121_0_A_149_0	B_70_1_B_67_1	0.0000	0.0000	1.0000	0.0000	1	-1.0000	-inf	0.0000
A_121_0_A_149_0	B_91_1_B_87_1	0.0000	0.0000	0.8333	0.2887	1	-0.2560	-2.8868	0.0039
A_121_0_A_149_0	B_93_0_B_89_1	0.0000	0.0000	-0.6667	0.2887	1	0.0893	2.3094	0.0209
A_130_0_A_150_1	A_121_0_A_149_0	0.0000	0.0000	-0.8333	0.2887	1	0.2560	2.8868	0.0039
A_130_0_A_150_1	A_156_0_A_158_0	0.0000	0.0000	-1.0000	0.0000	1	1.0000	inf	0.0000
A_130_0_A_150_1	A_80_1_A_77_1	-0.5000	0.5000	0.8333	0.2887	1	-0.1786	-2.3094	0.0209
A_130_0_A_150_1	B_105_0_A_182_1	-0.1667	0.2887	0.8333	0.2887	1	-0.1835	-2.4495	0.0143
A_130_0_A_150_1	B_114_1_B_104_1	0.1667	0.2887	-0.8333	0.2887	1	0.1835	2.4495	0.0143
A_130_0_A_150_1	B_48_0_B_47_1	-0.1667	0.2887	0.8333	0.2887	1	-0.1835	-2.4495	0.0143
A_130_0_A_150_1	B_70_1_B_67_1	0.1667	0.2887	-0.8333	0.2887	1	0.1835	2.4495	0.0143
A_130_0_A_150_1	B_71_1_B_67_1	0.1667	0.2887	-0.6667	0.2887	1	0.0168	2.0412	0.0412
A_130_0_A_150_1	B_83_0_B_87_0	0.0000	0.0000	0.6667	0.2887	1	-0.0893	-2.3094	0.0209
A_130_0_A_150_1	B_91_1_B_87_1	0.1667	0.2887	-0.6667	0.2887	1	0.0168	2.0412	0.0412
A_140_1_A_144_1	A_140_1_A_144_1	0.0000	0.0000	1.0000	0.0000	1	-1.0000	-inf	0.0000
A_140_1_A_144_1	A_30_1_A_29_0	0.0000	0.0000	-0.6667	0.2887	1	0.0893	2.3094	0.0209
A_140_1_A_144_1	B_114_1_B_104_1	0.0000	0.0000	0.8333	0.2887	1	-0.2560	-2.8868	0.0039
A_140_1_A_144_1	B_48_0_B_47_1	0.0000	0.0000	-0.8333	0.2887	1	0.2560	2.8868	0.0039
A_140_1_A_144_1	B_51_1_B_37_1	0.0000	0.0000	-0.8333	0.2887	1	0.2560	2.8868	0.0039
A_140_1_A_144_1	B_71_1_B_67_1	0.0000	0.0000	0.6667	0.2887	1	-0.0893	-2.3094	0.0209
A_140_1_A_144_1	B_73_1_B_69_1	0.0000	0.0000	-0.8333	0.2887	1	0.2560	2.8868	0.0039
A_140_1_A_144_1	B_83_0_B_87_0	0.0000	0.0000	-0.6667	0.2887	1	0.0893	2.3094	0.0209
A_140_1_A_144_1	B_86_1_B_82_1	0.0000	0.0000	0.6667	0.2887	1	-0.0893	-2.3094	0.0209
A_140_1_A_144_1	B_86_1_B_83_1	0.0000	0.0000	-0.6667	0.2887	1	0.0893	2.3094	0.0209
A_140_1_A_144_1	B_94_0_B_178_1	0.0000	0.0000	-0.6667	0.2887	1	0.0893	2.3094	0.0209
A_143_0_B_36_0	A_150_1_A_149_0	-0.8333	0.2887	0.0000	0.0000	1	-0.2560	-2.8868	0.0039
A_143_0_B_36_0	A_158_1_A_156_0	-0.6667	0.2887	0.6667	0.5774	1	-0.0423	-2.0656	0.0389
A_143_0_B_36_0	A_164_0_A_166_0	-0.5000	0.0000	0.0000	0.0000	1	-0.5000	-inf	0.0000
A_143_0_B_36_0	A_30_1_A_29_0	-0.6667	0.2887	0.3333	0.2887	1	-0.1835	-2.4495	0.0143
A_143_0_B_36_0	B_35_1_B_33_1	0.6667	0.2887	-0.1667	0.2887	1	0.0168	2.0412	0.0412
A_143_0_B_36_0	B_51_1_B_37_1	-0.8333	0.2887	0.5000	0.5000	1	-0.1786	-2.3094	0.0209
A_143_0_B_36_0	B_6_0_B_4_1	-0.6667	0.2887	0.0000	0.0000	1	-0.0893	-2.3094	0.0209
A_143_0_B_36_0	B_80_0_B_76_1	0.6667	0.2887	0.0000	0.0000	1	0.0893	2.3094	0.0209
A_143_0_B_36_0	C_105_0_A_51_1	0.6667	0.2887	0.0000	0.0000	1	0.0893	2.3094	0.0209
A_143_0_B_36_0	C_117_1_C_114_1	-0.6667	0.2887	0.0000	0.0000	1	-0.0893	-2.3094	0.0209
A_144_1_A_142_0	A_156_0_A_158_0	0.0000	0.0000	-0.8333	0.2887	1	0.2560	2.8868	0.0039
A_144_1_A_142_0	A_38_0_A_134_0	0.0000	0.0000	0.8333	0.2887	1	-0.2560	-2.8868	0.0039
A_144_1_A_142_0	A_62_0_C_110_1	-0.5000	0.5000	0.8333	0.2887	1	-0.1786	-2.3094	0.0209
A_144_1_A_142_0	A_71_1_A_67_1	-0.1667	0.2887	1.0000	0.0000	1	-0.5893	-4.0415	0.0001
A_144_1_A_142_0	A_80_1_A_77_1	0.1667	0.2887	1.0000	0.0000	1	-0.2560	-2.8868	0.0039
A_144_1_A_142_0	B_114_1_B_104_1	0.6667	0.5774	-0.6667	0.2887	1	0.0423	2.0656	0.0389
A_144_1_A_142_0	B_48_0_B_47_1	-0.1667	0.2887	0.6667	0.2887	1	-0.0168	-2.0412	0.0412
A_144_1_A_142_0	B_83_0_B_87_0	0.0000	0.0000	0.8333	0.2887	1	-0.2560	-2.8868	0.0039
A_150_1_A_149_0	A_143_0_B_36_0	-0.8333	0.2887	0.0000	0.0000	1	-0.2560	-2.8868	0.0039
A_150_1_A_149_0	A_157_0_A_158_0	-0.5000	0.0000	0.0000	0.0000	1	-0.5000	-inf	0.0000
A_150_1_A_149_0	A_158_1_A_156_0	0.8333	0.2887	0.0000	0.0000	1	0.2560	2.8868	0.0039
A_150_1_A_149_0	A_44_0_B_152_0	-0.8333	0.2887	0.0000	0.0000	1	-0.2560	-2.8868	0.0039
A_150_1_A_149_0	A_57_0_A_55_0	-0.5000	0.0000	0.0000	0.0000	1	-0.5000	-inf	0.0000
A_150_1_A_149_0	B_134_0_B_169_0	0.5000	0.0000	0.0000	0.0000	1	0.5000	inf	0.0000
A_150_1_A_149_0	B_142_1_B_139_1	-0.6667	0.2887	0.0000	0.0000	1	-0.0893	-2.3094	0.0209
A_150_1_A_149_0	B_28_1_B_40_1	-0.6667	0.2887	0.0000	0.0000	1	-0.0893	-2.3094	0.0209
A_150_1_A_149_0	B_35_1_B_33_1	-0.5000	0.0000	0.0000	0.0000	1	-0.5000	-inf	0.0000
A_150_1_A_149_0	B_51_1_B_37_1	1.0000	0.0000	-0.3333	0.5774	1	0.1786	2.3094	0.0209
A_150_1_A_149_0	C_117_1_C_114_1	0.8333	0.2887	0.0000	0.0000	1	0.2560	2.8868	0.0039
A_156_0_A_158_0	A_121_0_A_149_0	0.0000	0.0000	0.8333	0.2887	1	-0.2560	-2.8868	0.0039
A_156_0_A_158_0	A_130_0_A_150_1	0.0000	0.0000	-1.0000	0.0000	1	1.0000	inf	0.0000
A_156_0_A_158_0	A_144_1_A_142_0	0.0000	0.0000	-0.8333	0.2887	1	0.2560	2.8868	0.0039
A_156_0_A_158_0	A_156_0_A_158_0	0.0000	0.0000	1.0000	0.0000	1	-1.0000	-inf	0.0000
A_156_0_A_158_0	A_30_1_A_29_0	0.0000	0.0000	-0.6667	0.2887	1	0.0893	2.3094	0.0209
A_156_0_A_158_0	A_38_0_A_134_0	0.0000	0.0000	-0.6667	0.2887	1	0.0893	2.3094	0.0209
A_156_0_A_158_0	A_44_0_A_133_1	0.0000	0.0000	-1.0000	0.0000	1	1.0000	inf	0.0000
A_156_0_A_158_0	A_62_1_A_58_1	0.0000	0.0000	-0.8333	0.2887	1	0.2560	2.8868	0.0039
A_156_0_A_158_0	A_71_1_A_67_1	0.0000	0.0000	-0.8333	0.2887	1	0.2560	2.8868	0.0039
A_156_0_A_158_0	A_75_1_A_72_1	0.0000	0.0000	-0.6667	0.2887	1	0.0893	2.3094	0.0209
A_156_0_A_158_0	A_80_1_A_77_1	0.0000	0.0000	-0.8333	0.2887	1	0.2560	2.8868	0.0039
A_156_0_A_158_0	B_105_0_A_182_1	0.0000	0.0000	-0.8333	0.2887	1	0.2560	2.8868	0.0039
A_156_0_A_158_0	B_114_1_B_104_1	0.0000	0.0000	0.8333	0.2887	1	-0.2560	-2.8868	0.0039
A_156_0_A_158_0	B_48_0_B_47_1	0.0000	0.0000	-0.8333	0.2887	1	0.2560	2.8868	0.0039
A_156_0_A_158_0	B_51_1_B_37_1	0.0000	0.0000	-0.8333	0.2887	1	0.2560	2.8868	0.0039
A_156_0_A_158_0	B_70_1_B_67_1	0.0000	0.0000	0.8333	0.2887	1	-0.2560	-2.8868	0.0039
A_156_0_A_158_0	B_71_1_B_67_1	0.0000	0.0000	0.6667	0.2887	1	-0.0893	-2.3094	0.0209
A_156_0_A_158_0	B_83_0_B_87_0	0.0000	0.0000	-0.6667	0.2887	1	0.0893	2.3094	0.0209
A_156_0_A_158_0	B_91_1_B_87_1	0.0000	0.0000	0.6667	0.2887	1	-0.0893	-2.3094	0.0209
A_156_0_A_158_0	B_94_0_B_178_1	0.0000	0.0000	-0.6667	0.2887	1	0.0893	2.3094	0.0209
A_157_0_A_158_0	A_150_1_A_149_0	-0.5000	0.0000	0.0000	0.0000	1	-0.5000	-inf	0.0000
A_157_0_A_158_0	A_158_1_A_156_0	-0.6667	0.2887	0.3333	0.2887	1	-0.1835	-2.4495	0.0143
A_157_0_A_158_0	A_44_0_B_152_0	0.6667	0.2887	-0.1667	0.2887	1	0.0168	2.0412	0.0412
A_157_0_A_158_0	A_50_0_A_47_0	0.6667	0.2887	-0.5000	0.5000	1	0.0120	2.0207	0.0433
A_157_0_A_158_0	A_59_1_A_56_1	-0.5000	0.0000	0.0000	0.0000	1	-0.5000	-inf	0.0000
A_157_0_A_158_0	A_5_1_B_17_1	0.5000	0.0000	0.0000	0.0000	1	0.5000	inf	0.0000
A_157_0_A_158_0	A_99_1_A_98_0	-0.6667	0.2887	0.0000	0.0000	1	-0.0893	-2.3094	0.0209
A_157_0_A_158_0	B_127_1_B_125_1	-0.5000	0.0000	0.1667	0.2887	1	-0.0893	-2.3094	0.0209
A_157_0_A_158_0	B_157_0_B_146_1	0.6667	0.2887	0.0000	0.0000	1	0.0893	2.3094	0.0209
A_157_0_A_158_0	B_36_1_B_35_0	-0.5000	0.0000	0.0000	0.0000	1	-0.5000	-inf	0.0000
A_157_0_A_158_0	B_80_0_B_76_1	0.6667	0.2887	0.0000	0.0000	1	0.0893	2.3094	0.0209
A_157_0_A_158_0	B_90_0_B_86_1	-0.5000	0.0000	0.1667	0.2887	1	-0.0893	-2.3094	0.0209
A_157_0_A_158_0	B_93_0_A_47_0	-0.6667	0.2887	0.5000	0.5000	1	-0.0120	-2.0207	0.0433
A_157_0_A_158_0	C_117_1_C_114_1	-0.6667	0.2887	0.0000	0.0000	1	-0.0893	-2.3094	0.0209
A_158_1_A_156_0	A_143_0_B_36_0	-0.6667	0.2887	0.6667	0.5774	1	-0.0423	-2.0656	0.0389
A_158_1_A_156_0	A_150_1_A_149_0	0.8333	0.2887	0.0000	0.0000	1	0.2560	2.8868	0.0039
A_158_1_A_156_0	A_157_0_A_158_0	-0.6667	0.2887	0.3333	0.2887	1	-0.1835	-2.4495	0.0143
A_158_1_A_156_0	A_164_0_A_166_0	0.8333	0.2887	0.0000	0.0000	1	0.2560	2.8868	0.0039
A_158_1_A_156_0	A_57_0_A_55_0	-0.6667	0.2887	0.0000	0.0000	1	-0.0893	-2.3094	0.0209
A_158_1_A_156_0	B_127_1_B_125_1	0.8333	0.2887	-0.1667	0.2887	1	0.1835	2.4495	0.0143
A_158_1_A_156_0	B_142_1_B_139_1	-0.5000	0.0000	0.0000	0.0000	1	-0.5000	-inf	0.0000
A_158_1_A_156_0	C_117_1_C_114_1	0.6667	0.2887	0.0000	0.0000	1	0.0893	2.3094	0.0209
A_164_0_A_120_0	A_59_1_A_55_1	-0.5000	0.0000	0.0000	0.0000	1	-0.5000	-inf	0.0000
A_164_0_A_120_0	A_5_0_A_27_0	0.5000	0.0000	0.0000	0.0000	1	0.5000	inf	0.0000
A_164_0_A_120_0	B_127_1_B_125_1	-0.5000	0.0000	0.1667	0.2887	1	-0.0893	-2.3094	0.0209
A_164_0_A_120_0	B_36_1_B_35_0	-0.5000	0.0000	0.0000	0.0000	1	-0.5000	-inf	0.0000
A_164_0_A_120_0	B_6_0_B_4_1	-0.6667	0.2887	0.0000	0.0000	1	-0.0893	-2.3094	0.0209
A_164_0_A_120_0	B_90_0_B_86_1	-0.5000	0.0000	0.0000	0.0000	1	-0.5000	-inf	0.0000
A_164_0_A_166_0	A_143_0_B_36_0	-0.5000	0.0000	0.0000	0.0000	1	-0.5000	-inf	0.0000
A_164_0_A_166_0	A_158_1_A_156_0	0.8333	0.2887	0.0000	0.0000	1	0.2560	2.8868	0.0039
A_164_0_A_166_0	A_44_0_B_152_0	-0.8333	0.2887	0.0000	0.0000	1	-0.2560	-2.8868	0.0039
A_164_0_A_166_0	A_57_0_A_55_0	-0.8333	0.2887	0.0000	0.0000	1	-0.2560	-2.8868	0.0039
A_164_0_A_166_0	A_59_1_A_55_1	0.6667	0.2887	0.0000	0.0000	1	0.0893	2.3094	0.0209
A_164_0_A_166_0	A_68_1_A_65_1	0.5000	0.0000	0.0000	0.0000	1	0.5000	inf	0.0000
A_164_0_A_166_0	B_127_1_B_125_1	0.6667	0.2887	0.0000	0.0000	1	0.0893	2.3094	0.0209
A_164_0_A_166_0	B_130_0_B_128_0	-0.6667	0.2887	0.0000	0.0000	1	-0.0893	-2.3094	0.0209
A_164_0_A_166_0	B_134_0_B_169_0	0.8333	0.2887	0.0000	0.0000	1	0.2560	2.8868	0.0039
A_164_0_A_166_0	B_69_1_B_66_1	0.6667	0.2887	0.0000	0.0000	1	0.0893	2.3094	0.0209
A_17_1_A_17_0	A_44_0_B_152_0	0.6667	0.2887	-0.1667	0.2887	1	0.0168	2.0412	0.0412
A_17_1_A_17_0	A_57_0_A_55_0	1.0000	0.0000	0.0000	0.0000	1	1.0000	inf	0.0000
A_17_1_A_17_0	A_59_1_A_55_1	-0.5000	0.0000	0.0000	0.0000	1	-0.5000	-inf	0.0000
A_17_1_A_17_0	B_127_1_B_125_1	-0.5000	0.0000	0.1667	0.2887	1	-0.0893	-2.3094	0.0209
A_17_1_A_17_0	B_134_0_B_169_0	-1.0000	0.0000	-0.3333	0.2887	1	-0.0893	-2.3094	0.0209
A_17_1_A_17_0	B_86_1_B_83_1	0.0000	0.0000	-0.6667	0.2887	1	0.0893	2.3094	0.0209
A_17_1_A_17_0	C_106_0_A_55_0	-0.3333	0.2887	1.0000	0.0000	1	-0.7560	-4.6188	0.0000
A_30_1_A_29_0	A_121_0_A_149_0	0.1667	0.2887	-0.8333	0.2887	1	0.1835	2.4495	0.0143
A_30_1_A_29_0	A_140_1_A_144_1	0.0000	0.0000	-0.6667	0.2887	1	0.0893	2.3094	0.0209
A_30_1_A_29_0	A_143_0_B_36_0	-0.6667	0.2887	0.3333	0.2887	1	-0.1835	-2.4495	0.0143
A_30_1_A_29_0	A_156_0_A_158_0	0.0000	0.0000	-0.6667	0.2887	1	0.0893	2.3094	0.0209
A_30_1_A_29_0	A_53_1_C_105_1	0.6667	0.2887	0.0000	0.0000	1	0.0893	2.3094	0.0209
A_30_1_A_29_0	A_62_1_A_58_1	-0.6667	0.5774	0.8333	0.2887	1	-0.2090	-2.3238	0.0201
A_30_1_A_29_0	B_114_1_B_104_1	0.3333	0.2887	-0.8333	0.2887	1	0.3502	2.8577	0.0043
A_30_1_A_29_0	B_168_1_B_190_0	0.8333	0.2887	-0.1667	0.2887	1	0.1835	2.4495	0.0143
A_30_1_A_29_0	B_36_1_B_35_0	0.8333	0.2887	0.0000	0.0000	1	0.2560	2.8868	0.0039
A_30_1_A_29_0	B_6_0_B_4_1	0.6667	0.2887	0.0000	0.0000	1	0.0893	2.3094	0.0209
A_30_1_A_29_0	B_71_1_B_67_1	0.3333	0.2887	-1.0000	0.0000	1	0.7560	4.6188	0.0000
A_30_1_A_29_0	B_80_0_B_76_1	-0.6667	0.2887	0.0000	0.0000	1	-0.0893	-2.3094	0.0209
A_38_0_A_134_0	A_144_1_A_142_0	0.0000	0.0000	0.8333	0.2887	1	-0.2560	-2.8868	0.0039
A_38_0_A_134_0	A_156_0_A_158_0	0.0000	0.0000	-0.6667	0.2887	1	0.0893	2.3094	0.0209
A_38_0_A_134_0	A_44_0_A_133_1	0.0000	0.0000	0.6667	0.2887	1	-0.0893	-2.3094	0.0209
A_38_0_A_134_0	A_62_0_C_110_1	0.0000	0.0000	0.6667	0.2887	1	-0.0893	-2.3094	0.0209
A_38_0_A_134_0	A_71_1_A_67_1	0.0000	0.0000	0.8333	0.2887	1	-0.2560	-2.8868	0.0039
A_38_0_A_134_0	A_80_1_A_77_1	-0.1667	0.2887	0.8333	0.2887	1	-0.1835	-2.4495	0.0143
A_38_0_A_134_0	B_60_1_B_57_1	0.1667	0.2887	-0.6667	0.2887	1	0.0168	2.0412	0.0412
A_38_1_A_35_1	A_50_0_A_47_0	0.6667	0.2887	-0.1667	0.2887	1	0.0168	2.0412	0.0412
A_38_1_A_35_1	A_50_1_A_47_1	0.8333	0.2887	0.0000	0.0000	1	0.2560	2.8868	0.0039
A_38_1_A_35_1	A_59_1_A_55_1	-0.5000	0.0000	0.0000	0.0000	1	-0.5000	-inf	0.0000
A_38_1_A_35_1	A_5_0_A_27_0	0.5000	0.0000	0.0000	0.0000	1	0.5000	inf	0.0000
A_38_1_A_35_1	B_157_0_B_146_1	0.6667	0.2887	0.0000	0.0000	1	0.0893	2.3094	0.0209
A_38_1_A_35_1	B_25_0_B_41_0	-0.6667	0.2887	0.0000	0.0000	1	-0.0893	-2.3094	0.0209
A_38_1_A_35_1	B_67_1_B_64_1	1.0000	0.0000	-0.6667	0.5774	1	0.5120	2.8868	0.0039
A_38_1_A_35_1	B_93_0_A_47_0	-0.6667	0.2887	0.1667	0.2887	1	-0.0168	-2.0412	0.0412
A_38_1_A_35_1	B_98_0_B_96_1	-0.6667	0.2887	0.0000	0.0000	1	-0.0893	-2.3094	0.0209
A_44_0_A_133_1	A_121_0_A_149_0	0.0000	0.0000	-0.8333	0.2887	1	0.2560	2.8868	0.0039
A_44_0_A_133_1	A_156_0_A_158_0	0.0000	0.0000	-1.0000	0.0000	1	1.0000	inf	0.0000
A_44_0_A_133_1	A_38_0_A_134_0	0.0000	0.0000	0.6667	0.2887	1	-0.0893	-2.3094	0.0209
A_44_0_A_133_1	A_62_1_A_58_1	0.0000	0.0000	0.8333	0.2887	1	-0.2560	-2.8868	0.0039
A_44_0_A_133_1	A_75_1_A_72_1	0.0000	0.0000	0.6667	0.2887	1	-0.0893	-2.3094	0.0209
A_44_0_A_133_1	A_80_1_A_77_1	-0.1667	0.2887	0.8333	0.2887	1	-0.1835	-2.4495	0.0143
A_44_0_A_133_1	B_105_0_A_182_1	0.0000	0.0000	0.8333	0.2887	1	-0.2560	-2.8868	0.0039
A_44_0_A_133_1	B_114_1_B_104_1	0.1667	0.2887	-0.8333	0.2887	1	0.1835	2.4495	0.0143
A_44_0_A_133_1	B_48_0_B_47_1	0.0000	0.0000	0.8333	0.2887	1	-0.2560	-2.8868	0.0039
A_44_0_A_133_1	B_70_1_B_67_1	0.0000	0.0000	-0.8333	0.2887	1	0.2560	2.8868	0.0039
A_44_0_A_133_1	B_71_1_B_67_1	0.1667	0.2887	-0.6667	0.2887	1	0.0168	2.0412	0.0412
A_44_0_A_133_1	B_83_0_B_87_0	0.0000	0.0000	0.6667	0.2887	1	-0.0893	-2.3094	0.0209
A_44_0_A_133_1	B_91_1_B_87_1	0.0000	0.0000	-0.6667	0.2887	1	0.0893	2.3094	0.0209
A_44_0_A_133_1	B_94_0_B_178_1	-0.1667	0.2887	0.6667	0.2887	1	-0.0168	-2.0412	0.0412
A_44_0_A_134_1	A_48_1_A_45_1	-1.0000	0.0000	-0.1667	0.2887	1	-0.2560	-2.8868	0.0039
A_44_0_A_134_1	A_6_1_A_27_0	0.8333	0.2887	0.0000	0.0000	1	0.2560	2.8868	0.0039
A_44_0_A_134_1	B_127_1_B_125_1	0.8333	0.2887	0.0000	0.0000	1	0.2560	2.8868	0.0039
A_44_0_A_134_1	B_23_1_B_22_0	-0.8333	0.2887	0.0000	0.0000	1	-0.2560	-2.8868	0.0039
A_44_0_A_134_1	B_43_1_B_41_0	-0.8333	0.2887	0.0000	0.0000	1	-0.2560	-2.8868	0.0039
A_44_0_A_134_1	B_89_1_B_86_1	0.6667	0.2887	-0.1667	0.2887	1	0.0168	2.0412	0.0412
A_44_0_A_30_0	A_118_0_A_166_0	0.8333	0.2887	-0.1667	0.2887	1	0.1835	2.4495	0.0143
A_44_0_A_30_0	A_48_1_A_45_1	-1.0000	0.0000	-0.3333	0.2887	1	-0.0893	-2.3094	0.0209
A_44_0_A_30_0	A_59_1_A_56_1	-0.6667	0.2887	0.0000	0.0000	1	-0.0893	-2.3094	0.0209
A_44_0_A_30_0	B_127_1_B_125_1	0.8333	0.2887	-0.1667	0.2887	1	0.1835	2.4495	0.0143
A_44_0_A_30_0	B_43_1_B_41_0	-0.8333	0.2887	0.0000	0.0000	1	-0.2560	-2.8868	0.0039
A_44_0_A_30_0	B_89_1_B_86_1	0.6667	0.2887	-0.5000	0.5000	1	0.0120	2.0207	0.0433
A_44_0_B_152_0	A_150_1_A_149_0	-0.8333	0.2887	0.0000	0.0000	1	-0.2560	-2.8868	0.0039
A_44_0_B_152_0	A_157_0_A_158_0	0.6667	0.2887	-0.1667	0.2887	1	0.0168	2.0412	0.0412
A_44_0_B_152_0	A_164_0_A_166_0	-0.8333	0.2887	0.0000	0.0000	1	-0.2560	-2.8868	0.0039
A_44_0_B_152_0	A_17_1_A_17_0	0.6667	0.2887	-0.1667	0.2887	1	0.0168	2.0412	0.0412
A_44_0_B_152_0	A_57_0_A_55_0	0.6667	0.2887	0.0000	0.0000	1	0.0893	2.3094	0.0209
A_44_0_B_152_0	B_127_1_B_125_1	-0.8333	0.2887	0.1667	0.2887	1	-0.1835	-2.4495	0.0143
A_44_0_B_152_0	B_142_1_B_139_1	0.5000	0.0000	0.0000	0.0000	1	0.5000	inf	0.0000
A_44_0_B_152_0	C_117_1_C_114_1	-0.6667	0.2887	0.0000	0.0000	1	-0.0893	-2.3094	0.0209
A_48_1_A_45_1	A_44_0_A_134_1	-1.0000	0.0000	-0.1667	0.2887	1	-0.2560	-2.8868	0.0039
A_48_1_A_45_1	A_44_0_A_30_0	-1.0000	0.0000	-0.3333	0.2887	1	-0.0893	-2.3094	0.0209
A_48_1_A_45_1	A_59_1_A_56_1	0.6667	0.2887	0.0000	0.0000	1	0.0893	2.3094	0.0209
A_48_1_A_45_1	A_6_1_A_27_0	-0.8333	0.2887	0.1667	0.2887	1	-0.1835	-2.4495	0.0143
A_48_1_A_45_1	B_23_1_B_22_0	0.8333	0.2887	-0.1667	0.2887	1	0.1835	2.4495	0.0143
A_48_1_A_45_1	B_43_1_B_41_0	0.8333	0.2887	0.0000	0.0000	1	0.2560	2.8868	0.0039
A_49_1_A_45_1	A_62_1_A_58_1	-0.1667	0.2887	0.8333	0.2887	1	-0.1835	-2.4495	0.0143
A_49_1_A_45_1	B_111_0_A_184_0	-0.1667	0.2887	1.0000	0.0000	1	-0.5893	-4.0415	0.0001
A_49_1_A_45_1	B_70_1_B_67_1	0.0000	0.0000	-0.8333	0.2887	1	0.2560	2.8868	0.0039
A_49_1_A_45_1	B_91_1_B_87_1	0.0000	0.0000	-0.6667	0.2887	1	0.0893	2.3094	0.0209
A_49_1_A_45_1	C_105_1_A_51_1	-0.1667	0.2887	1.0000	0.0000	1	-0.5893	-4.0415	0.0001
A_50_0_A_47_0	A_157_0_A_158_0	0.6667	0.2887	-0.5000	0.5000	1	0.0120	2.0207	0.0433
A_50_0_A_47_0	A_38_1_A_35_1	0.6667	0.2887	-0.1667	0.2887	1	0.0168	2.0412	0.0412
A_50_0_A_47_0	A_50_1_A_47_1	0.5000	0.0000	-0.1667	0.2887	1	0.0893	2.3094	0.0209
A_50_0_A_47_0	A_59_1_A_56_1	-0.8333	0.2887	0.0000	0.0000	1	-0.2560	-2.8868	0.0039
A_50_0_A_47_0	A_5_1_B_17_1	0.8333	0.2887	0.0000	0.0000	1	0.2560	2.8868	0.0039
A_50_0_A_47_0	A_99_1_A_98_0	-0.6667	0.2887	0.0000	0.0000	1	-0.0893	-2.3094	0.0209
A_50_0_A_47_0	B_157_0_B_146_1	1.0000	0.0000	0.0000	0.0000	1	1.0000	inf	0.0000
A_50_0_A_47_0	B_25_0_B_41_0	-0.6667	0.2887	0.0000	0.0000	1	-0.0893	-2.3094	0.0209
A_50_0_A_47_0	B_26_1_B_42_0	-0.8333	0.2887	0.1667	0.2887	1	-0.1835	-2.4495	0.0143
A_50_0_A_47_0	B_80_0_B_76_1	0.6667	0.2887	0.0000	0.0000	1	0.0893	2.3094	0.0209
A_50_0_A_47_0	C_105_0_A_51_1	0.6667	0.2887	0.0000	0.0000	1	0.0893	2.3094	0.0209
A_50_0_A_47_0	C_117_1_C_114_1	-0.6667	0.2887	0.0000	0.0000	1	-0.0893	-2.3094	0.0209
A_50_1_A_46_1	A_53_1_C_105_1	0.5000	0.0000	0.0000	0.0000	1	0.5000	inf	0.0000
A_50_1_A_46_1	A_5_0_A_27_0	-1.0000	0.0000	-0.1667	0.2887	1	-0.2560	-2.8868	0.0039
A_50_1_A_46_1	B_127_1_B_125_1	-0.5000	0.0000	0.1667	0.2887	1	-0.0893	-2.3094	0.0209
A_50_1_A_46_1	B_35_1_B_33_1	-0.5000	0.0000	0.1667	0.2887	1	-0.0893	-2.3094	0.0209
A_50_1_A_46_1	B_43_1_B_41_0	0.5000	0.0000	0.0000	0.0000	1	0.5000	inf	0.0000
A_50_1_A_46_1	B_6_0_B_4_1	0.8333	0.2887	0.0000	0.0000	1	0.2560	2.8868	0.0039
A_50_1_A_47_1	A_118_0_A_166_0	0.8333	0.2887	-0.1667	0.2887	1	0.1835	2.4495	0.0143
A_50_1_A_47_1	A_38_1_A_35_1	0.8333	0.2887	0.0000	0.0000	1	0.2560	2.8868	0.0039
A_50_1_A_47_1	A_50_0_A_47_0	0.5000	0.0000	-0.1667	0.2887	1	0.0893	2.3094	0.0209
A_50_1_A_47_1	A_59_1_A_56_1	-0.6667	0.2887	0.0000	0.0000	1	-0.0893	-2.3094	0.0209
A_50_1_A_47_1	A_6_1_A_27_0	0.8333	0.2887	0.0000	0.0000	1	0.2560	2.8868	0.0039
A_50_1_A_47_1	B_157_0_B_146_1	0.5000	0.0000	0.0000	0.0000	1	0.5000	inf	0.0000
A_50_1_A_47_1	B_26_1_B_42_0	-0.6667	0.2887	0.0000	0.0000	1	-0.0893	-2.3094	0.0209
A_50_1_A_47_1	B_43_1_B_41_0	-0.8333	0.2887	0.0000	0.0000	1	-0.2560	-2.8868	0.0039
A_50_1_A_47_1	B_67_1_B_64_1	0.8333	0.2887	0.0000	0.0000	1	0.2560	2.8868	0.0039
A_50_1_A_47_1	B_93_0_A_47_0	-0.5000	0.0000	0.1667	0.2887	1	-0.0893	-2.3094	0.0209
A_53_1_C_105_1	A_30_1_A_29_0	0.6667	0.2887	0.0000	0.0000	1	0.0893	2.3094	0.0209
A_53_1_C_105_1	A_50_1_A_46_1	0.5000	0.0000	0.0000	0.0000	1	0.5000	inf	0.0000
A_53_1_C_105_1	A_53_1_C_105_1	1.0000	0.0000	0.0000	0.0000	1	1.0000	inf	0.0000
A_53_1_C_105_1	A_5_0_A_27_0	-0.5000	0.0000	0.0000	0.0000	1	-0.5000	-inf	0.0000
A_53_1_C_105_1	B_149_0_A_28_1	-1.0000	0.0000	0.0000	0.0000	1	-1.0000	-inf	0.0000
A_53_1_C_105_1	B_168_1_B_190_0	0.8333	0.2887	0.0000	0.0000	1	0.2560	2.8868	0.0039
A_53_1_C_105_1	B_168_1_B_190_1	-1.0000	0.0000	0.0000	0.0000	1	-1.0000	-inf	0.0000
A_53_1_C_105_1	B_179_0_B_95_1	-0.5000	0.0000	0.0000	0.0000	1	-0.5000	-inf	0.0000
A_53_1_C_105_1	B_36_1_B_35_0	0.5000	0.0000	0.0000	0.0000	1	0.5000	inf	0.0000
A_53_1_C_105_1	B_6_0_B_4_1	0.6667	0.2887	0.0000	0.0000	1	0.0893	2.3094	0.0209
A_53_1_C_105_1	B_74_1_B_71_1	-0.8333	0.2887	0.0000	0.0000	1	-0.2560	-2.8868	0.0039
A_53_1_C_105_1	B_90_0_B_86_1	0.5000	0.0000	0.0000	0.0000	1	0.5000	inf	0.0000
A_53_1_C_105_1	B_93_0_B_153_1	0.6667	0.2887	0.0000	0.0000	1	0.0893	2.3094	0.0209
A_53_1_C_105_1	C_105_0_A_51_1	0.5000	0.0000	0.0000	0.0000	1	0.5000	inf	0.0000
A_57_0_A_55_0	A_150_1_A_149_0	-0.5000	0.0000	0.0000	0.0000	1	-0.5000	-inf	0.0000
A_57_0_A_55_0	A_158_1_A_156_0	-0.6667	0.2887	0.0000	0.0000	1	-0.0893	-2.3094	0.0209
A_57_0_A_55_0	A_164_0_A_166_0	-0.8333	0.2887	0.0000	0.0000	1	-0.2560	-2.8868	0.0039
A_57_0_A_55_0	A_17_1_A_17_0	1.0000	0.0000	0.0000	0.0000	1	1.0000	inf	0.0000
A_57_0_A_55_0	A_44_0_B_152_0	0.6667	0.2887	0.0000	0.0000	1	0.0893	2.3094	0.0209
A_57_0_A_55_0	A_57_0_A_55_0	1.0000	0.0000	0.0000	0.0000	1	1.0000	inf	0.0000
A_57_0_A_55_0	A_59_1_A_55_1	-0.5000	0.0000	0.0000	0.0000	1	-0.5000	-inf	0.0000
A_57_0_A_55_0	A_66_1_A_62_1	0.8333	0.2887	0.0000	0.0000	1	0.2560	2.8868	0.0039
A_57_0_A_55_0	A_68_1_A_65_1	-0.6667	0.2887	0.0000	0.0000	1	-0.0893	-2.3094	0.0209
A_57_0_A_55_0	B_127_1_B_125_1	-0.5000	0.0000	0.0000	0.0000	1	-0.5000	-inf	0.0000
A_57_0_A_55_0	B_130_0_B_128_0	0.5000	0.0000	0.0000	0.0000	1	0.5000	inf	0.0000
A_57_0_A_55_0	B_134_0_B_169_0	-1.0000	0.0000	0.0000	0.0000	1	-1.0000	-inf	0.0000
A_57_0_A_55_0	B_51_1_B_37_1	-0.5000	0.0000	0.0000	0.0000	1	-0.5000	-inf	0.0000
A_57_0_A_55_0	B_69_1_B_66_1	-0.5000	0.0000	0.0000	0.0000	1	-0.5000	-inf	0.0000
A_57_0_A_55_0	B_93_0_B_153_1	-0.6667	0.2887	0.0000	0.0000	1	-0.0893	-2.3094	0.0209
A_57_0_A_55_0	C_105_0_A_51_1	-0.5000	0.0000	0.0000	0.0000	1	-0.5000	-inf	0.0000
A_59_1_A_55_1	A_164_0_A_120_0	-0.5000	0.0000	0.0000	0.0000	1	-0.5000	-inf	0.0000
A_59_1_A_55_1	A_164_0_A_166_0	0.6667	0.2887	0.0000	0.0000	1	0.0893	2.3094	0.0209
A_59_1_A_55_1	A_17_1_A_17_0	-0.5000	0.0000	0.0000	0.0000	1	-0.5000	-inf	0.0000
A_59_1_A_55_1	A_38_1_A_35_1	-0.5000	0.0000	0.0000	0.0000	1	-0.5000	-inf	0.0000
A_59_1_A_55_1	A_57_0_A_55_0	-0.5000	0.0000	0.0000	0.0000	1	-0.5000	-inf	0.0000
A_59_1_A_55_1	A_59_1_A_55_1	1.0000	0.0000	0.0000	0.0000	1	1.0000	inf	0.0000
A_59_1_A_55_1	A_59_1_A_56_1	-0.5000	0.0000	0.0000	0.0000	1	-0.5000	-inf	0.0000
A_59_1_A_55_1	A_66_1_A_62_1	-0.6667	0.2887	0.0000	0.0000	1	-0.0893	-2.3094	0.0209
A_59_1_A_55_1	A_68_1_A_65_1	0.8333	0.2887	0.0000	0.0000	1	0.2560	2.8868	0.0039
A_59_1_A_55_1	B_134_0_B_169_0	0.5000	0.0000	0.0000	0.0000	1	0.5000	inf	0.0000
A_59_1_A_55_1	B_145_1_B_158_1	0.5000	0.0000	0.0000	0.0000	1	0.5000	inf	0.0000
A_59_1_A_55_1	B_60_1_B_57_1	0.6667	0.2887	0.0000	0.0000	1	0.0893	2.3094	0.0209
A_59_1_A_55_1	B_62_1_B_58_1	0.6667	0.2887	0.0000	0.0000	1	0.0893	2.3094	0.0209
A_59_1_A_55_1	B_67_1_B_64_1	-0.5000	0.0000	0.0000	0.0000	1	-0.5000	-inf	0.0000
A_59_1_A_55_1	B_69_1_B_66_1	1.0000	0.0000	0.0000	0.0000	1	1.0000	inf	0.0000
A_59_1_A_55_1	B_80_0_B_76_1	0.6667	0.2887	0.0000	0.0000	1	0.0893	2.3094	0.0209
A_59_1_A_55_1	B_89_1_B_86_1	0.5000	0.0000	0.0000	0.0000	1	0.5000	inf	0.0000
A_59_1_A_55_1	B_90_0_B_86_1	-0.5000	0.0000	0.0000	0.0000	1	-0.5000	-inf	0.0000
A_59_1_A_55_1	B_92_0_B_87_0	-0.5000	0.0000	0.0000	0.0000	1	-0.5000	-inf	0.0000
A_59_1_A_55_1	B_96_1_B_96_0	0.6667	0.2887	0.0000	0.0000	1	0.0893	2.3094	0.0209
A_59_1_A_56_1	A_157_0_A_158_0	-0.5000	0.0000	0.0000	0.0000	1	-0.5000	-inf	0.0000
A_59_1_A_56_1	A_44_0_A_30_0	-0.6667	0.2887	0.0000	0.0000	1	-0.0893	-2.3094	0.0209
A_59_1_A_56_1	A_48_1_A_45_1	0.6667	0.2887	0.0000	0.0000	1	0.0893	2.3094	0.0209
A_59_1_A_56_1	A_50_0_A_47_0	-0.8333	0.2887	0.0000	0.0000	1	-0.2560	-2.8868	0.0039
A_59_1_A_56_1	A_50_1_A_47_1	-0.6667	0.2887	0.0000	0.0000	1	-0.0893	-2.3094	0.0209
A_59_1_A_56_1	A_59_1_A_55_1	-0.5000	0.0000	0.0000	0.0000	1	-0.5000	-inf	0.0000
A_59_1_A_56_1	A_68_1_A_65_1	-0.6667	0.2887	0.0000	0.0000	1	-0.0893	-2.3094	0.0209
A_59_1_A_56_1	A_6_1_A_27_0	-0.5000	0.0000	0.0000	0.0000	1	-0.5000	-inf	0.0000
A_59_1_A_56_1	B_127_1_B_125_1	-0.5000	0.0000	0.0000	0.0000	1	-0.5000	-inf	0.0000
A_59_1_A_56_1	B_157_0_B_146_1	-0.8333	0.2887	0.0000	0.0000	1	-0.2560	-2.8868	0.0039
A_59_1_A_56_1	B_26_1_B_42_0	0.6667	0.2887	0.0000	0.0000	1	0.0893	2.3094	0.0209
A_59_1_A_56_1	B_43_1_B_41_0	0.5000	0.0000	0.0000	0.0000	1	0.5000	inf	0.0000
A_59_1_A_56_1	B_69_1_B_66_1	-0.5000	0.0000	0.0000	0.0000	1	-0.5000	-inf	0.0000
A_59_1_A_56_1	B_80_0_B_76_1	-0.8333	0.2887	0.0000	0.0000	1	-0.2560	-2.8868	0.0039
A_59_1_A_56_1	B_93_0_A_47_0	0.8333	0.2887	0.0000	0.0000	1	0.2560	2.8868	0.0039
A_59_1_A_56_1	B_93_0_B_153_1	-0.6667	0.2887	0.0000	0.0000	1	-0.0893	-2.3094	0.0209
A_5_0_A_27_0	A_164_0_A_120_0	0.5000	0.0000	0.0000	0.0000	1	0.5000	inf	0.0000
A_5_0_A_27_0	A_38_1_A_35_1	0.5000	0.0000	0.0000	0.0000	1	0.5000	inf	0.0000
A_5_0_A_27_0	A_50_1_A_46_1	-1.0000	0.0000	-0.1667	0.2887	1	-0.2560	-2.8868	0.0039
A_5_0_A_27_0	A_53_1_C_105_1	-0.5000	0.0000	0.0000	0.0000	1	-0.5000	-inf	0.0000
A_5_0_A_27_0	A_6_1_A_27_0	0.5000	0.0000	0.0000	0.0000	1	0.5000	inf	0.0000
A_5_0_A_27_0	B_123_1_B_95_1	-0.6667	0.2887	0.1667	0.2887	1	-0.0168	-2.0412	0.0412
A_5_0_A_27_0	B_127_1_B_125_1	0.5000	0.0000	0.0000	0.0000	1	0.5000	inf	0.0000
A_5_0_A_27_0	B_149_0_A_28_1	0.5000	0.0000	-0.1667	0.2887	1	0.0893	2.3094	0.0209
A_5_0_A_27_0	B_26_1_B_42_0	-0.6667	0.2887	0.0000	0.0000	1	-0.0893	-2.3094	0.0209
A_5_0_A_27_0	B_35_1_B_33_1	0.5000	0.0000	0.0000	0.0000	1	0.5000	inf	0.0000
A_5_0_A_27_0	B_43_1_B_41_0	-0.5000	0.0000	0.0000	0.0000	1	-0.5000	-inf	0.0000
A_5_0_A_27_0	B_67_1_B_64_1	0.5000	0.0000	0.0000	0.0000	1	0.5000	inf	0.0000
A_5_0_A_27_0	B_6_0_B_4_1	-0.8333	0.2887	0.0000	0.0000	1	-0.2560	-2.8868	0.0039
A_5_0_A_27_0	B_74_1_B_71_1	0.6667	0.2887	0.0000	0.0000	1	0.0893	2.3094	0.0209
A_5_1_B_17_1	A_157_0_A_158_0	0.5000	0.0000	0.0000	0.0000	1	0.5000	inf	0.0000
A_5_1_B_17_1	A_50_0_A_47_0	0.8333	0.2887	0.0000	0.0000	1	0.2560	2.8868	0.0039
A_5_1_B_17_1	B_142_1_B_139_1	0.6667	0.2887	0.0000	0.0000	1	0.0893	2.3094	0.0209
A_5_1_B_17_1	B_157_0_B_146_1	0.8333	0.2887	0.0000	0.0000	1	0.2560	2.8868	0.0039
A_5_1_B_17_1	B_179_0_B_95_1	-0.5000	0.0000	0.0000	0.0000	1	-0.5000	-inf	0.0000
A_5_1_B_17_1	B_25_0_B_41_0	-0.8333	0.2887	0.0000	0.0000	1	-0.2560	-2.8868	0.0039
A_5_1_B_17_1	B_26_1_B_42_0	-0.6667	0.2887	0.0000	0.0000	1	-0.0893	-2.3094	0.0209
A_5_1_B_17_1	B_36_1_B_35_0	0.5000	0.0000	0.0000	0.0000	1	0.5000	inf	0.0000
A_5_1_B_17_1	B_90_1_B_86_1	0.8333	0.2887	0.0000	0.0000	1	0.2560	2.8868	0.0039
A_5_1_B_17_1	B_92_0_B_87_0	0.5000	0.0000	0.0000	0.0000	1	0.5000	inf	0.0000
A_5_1_B_17_1	B_93_0_A_47_0	-0.8333	0.2887	0.0000	0.0000	1	-0.2560	-2.8868	0.0039
A_5_1_B_17_1	B_93_0_B_153_1	0.6667	0.2887	0.0000	0.0000	1	0.0893	2.3094	0.0209
A_5_1_B_17_1	C_117_1_C_114_1	-0.8333	0.2887	0.0000	0.0000	1	-0.2560	-2.8868	0.0039
A_62_0_C_110_1	A_144_1_A_142_0	-0.5000	0.5000	0.8333	0.2887	1	-0.1786	-2.3094	0.0209
A_62_0_C_110_1	A_38_0_A_134_0	0.0000	0.0000	0.6667	0.2887	1	-0.0893	-2.3094	0.0209
A_62_0_C_110_1	A_80_1_A_77_1	-0.1667	0.2887	0.8333	0.2887	1	-0.1835	-2.4495	0.0143
A_62_0_C_110_1	B_60_1_B_57_1	0.5000	0.5000	-1.0000	0.0000	1	0.5000	3.0000	0.0027
A_62_0_C_110_1	B_83_0_B_87_0	0.0000	0.0000	0.6667	0.2887	1	-0.0893	-2.3094	0.0209
A_62_1_A_58_1	A_121_0_A_149_0	-0.1667	0.2887	-1.0000	0.0000	1	0.2560	2.8868	0.0039
A_62_1_A_58_1	A_156_0_A_158_0	0.0000	0.0000	-0.8333	0.2887	1	0.2560	2.8868	0.0039
A_62_1_A_58_1	A_30_1_A_29_0	-0.6667	0.5774	0.8333	0.2887	1	-0.2090	-2.3238	0.0201
A_62_1_A_58_1	A_44_0_A_133_1	0.0000	0.0000	0.8333	0.2887	1	-0.2560	-2.8868	0.0039
A_62_1_A_58_1	A_49_1_A_45_1	-0.1667	0.2887	0.8333	0.2887	1	-0.1835	-2.4495	0.0143
A_62_1_A_58_1	B_105_0_A_182_1	-0.5000	0.5000	0.6667	0.2887	1	-0.0120	-2.0207	0.0433
A_62_1_A_58_1	B_111_0_A_184_0	-0.5000	0.5000	0.8333	0.2887	1	-0.1786	-2.3094	0.0209
A_62_1_A_58_1	B_48_0_B_47_1	-0.3333	0.2887	0.6667	0.2887	1	-0.1835	-2.4495	0.0143
A_62_1_A_58_1	B_70_1_B_67_1	0.1667	0.2887	-1.0000	0.0000	1	0.5893	4.0415	0.0001
A_62_1_A_58_1	B_91_1_B_87_1	0.1667	0.2887	-0.8333	0.2887	1	0.1835	2.4495	0.0143
A_62_1_A_58_1	C_105_1_A_51_1	-0.1667	0.2887	0.8333	0.2887	1	-0.1835	-2.4495	0.0143
A_66_1_A_62_1	A_57_0_A_55_0	0.8333	0.2887	0.0000	0.0000	1	0.2560	2.8868	0.0039
A_66_1_A_62_1	A_59_1_A_55_1	-0.6667	0.2887	0.0000	0.0000	1	-0.0893	-2.3094	0.0209
A_66_1_A_62_1	A_68_1_A_65_1	-0.8333	0.2887	0.0000	0.0000	1	-0.2560	-2.8868	0.0039
A_66_1_A_62_1	B_130_0_B_128_0	0.6667	0.2887	0.0000	0.0000	1	0.0893	2.3094	0.0209
A_66_1_A_62_1	B_134_0_B_169_0	-0.8333	0.2887	0.0000	0.0000	1	-0.2560	-2.8868	0.0039
A_66_1_A_62_1	B_23_1_B_22_0	-0.5000	0.0000	0.0000	0.0000	1	-0.5000	-inf	0.0000
A_66_1_A_62_1	B_25_0_B_41_0	-0.5000	0.0000	0.0000	0.0000	1	-0.5000	-inf	0.0000
A_66_1_A_62_1	B_69_1_B_66_1	-0.6667	0.2887	0.0000	0.0000	1	-0.0893	-2.3094	0.0209
A_66_1_A_62_1	B_90_1_B_86_1	0.5000	0.0000	0.0000	0.0000	1	0.5000	inf	0.0000
A_66_1_A_62_1	B_92_0_B_87_0	0.8333	0.2887	0.0000	0.0000	1	0.2560	2.8868	0.0039
A_66_1_A_62_1	B_93_0_B_153_1	-0.5000	0.0000	0.0000	0.0000	1	-0.5000	-inf	0.0000
A_66_1_A_62_1	B_96_1_B_96_0	-0.6667	0.2887	0.0000	0.0000	1	-0.0893	-2.3094	0.0209
A_68_1_A_64_1	C_106_0_A_55_0	-0.3333	0.2887	0.8333	0.2887	1	-0.3502	-2.8577	0.0043
A_68_1_A_65_1	A_164_0_A_166_0	0.5000	0.0000	0.0000	0.0000	1	0.5000	inf	0.0000
A_68_1_A_65_1	A_57_0_A_55_0	-0.6667	0.2887	0.0000	0.0000	1	-0.0893	-2.3094	0.0209
A_68_1_A_65_1	A_59_1_A_55_1	0.8333	0.2887	0.0000	0.0000	1	0.2560	2.8868	0.0039
A_68_1_A_65_1	A_59_1_A_56_1	-0.6667	0.2887	0.0000	0.0000	1	-0.0893	-2.3094	0.0209
A_68_1_A_65_1	A_66_1_A_62_1	-0.8333	0.2887	0.0000	0.0000	1	-0.2560	-2.8868	0.0039
A_68_1_A_65_1	B_145_1_B_158_1	0.6667	0.2887	-0.3333	0.2887	1	0.1835	2.4495	0.0143
A_68_1_A_65_1	B_157_0_B_146_1	0.5000	0.0000	0.0000	0.0000	1	0.5000	inf	0.0000
A_68_1_A_65_1	B_80_0_B_76_1	0.8333	0.2887	0.0000	0.0000	1	0.2560	2.8868	0.0039
A_68_1_A_65_1	B_90_0_B_86_1	-0.6667	0.2887	0.1667	0.2887	1	-0.0168	-2.0412	0.0412
A_68_1_A_65_1	B_92_0_B_87_0	-0.6667	0.2887	0.0000	0.0000	1	-0.0893	-2.3094	0.0209
A_68_1_A_65_1	C_105_0_A_51_1	0.8333	0.2887	0.0000	0.0000	1	0.2560	2.8868	0.0039
A_6_1_A_27_0	A_118_0_A_166_0	1.0000	0.0000	0.0000	0.0000	1	1.0000	inf	0.0000
A_6_1_A_27_0	A_44_0_A_134_1	0.8333	0.2887	0.0000	0.0000	1	0.2560	2.8868	0.0039
A_6_1_A_27_0	A_48_1_A_45_1	-0.8333	0.2887	0.1667	0.2887	1	-0.1835	-2.4495	0.0143
A_6_1_A_27_0	A_50_1_A_47_1	0.8333	0.2887	0.0000	0.0000	1	0.2560	2.8868	0.0039
A_6_1_A_27_0	A_59_1_A_56_1	-0.5000	0.0000	0.0000	0.0000	1	-0.5000	-inf	0.0000
A_6_1_A_27_0	A_5_0_A_27_0	0.5000	0.0000	0.0000	0.0000	1	0.5000	inf	0.0000
A_6_1_A_27_0	B_145_1_B_158_1	0.5000	0.0000	-0.1667	0.2887	1	0.0893	2.3094	0.0209
A_6_1_A_27_0	B_28_1_B_40_1	-0.6667	0.2887	0.0000	0.0000	1	-0.0893	-2.3094	0.0209
A_6_1_A_27_0	B_35_1_B_33_1	-0.5000	0.0000	0.1667	0.2887	1	-0.0893	-2.3094	0.0209
A_6_1_A_27_0	B_43_1_B_41_0	-1.0000	0.0000	0.0000	0.0000	1	-1.0000	-inf	0.0000
A_6_1_A_27_0	C_105_0_A_51_1	-0.5000	0.0000	0.0000	0.0000	1	-0.5000	-inf	0.0000
A_71_1_A_67_1	A_144_1_A_142_0	-0.1667	0.2887	1.0000	0.0000	1	-0.5893	-4.0415	0.0001
A_71_1_A_67_1	A_156_0_A_158_0	0.0000	0.0000	-0.8333	0.2887	1	0.2560	2.8868	0.0039
A_71_1_A_67_1	A_38_0_A_134_0	0.0000	0.0000	0.8333	0.2887	1	-0.2560	-2.8868	0.0039
A_71_1_A_67_1	A_75_1_A_72_1	0.0000	0.0000	0.8333	0.2887	1	-0.2560	-2.8868	0.0039
A_71_1_A_67_1	A_80_1_A_77_1	-0.3333	0.5774	1.0000	0.0000	1	-0.1786	-2.3094	0.0209
A_71_1_A_67_1	B_105_0_A_182_1	0.0000	0.0000	0.6667	0.2887	1	-0.0893	-2.3094	0.0209
A_71_1_A_67_1	B_48_0_B_47_1	0.0000	0.0000	0.6667	0.2887	1	-0.0893	-2.3094	0.0209
A_71_1_A_67_1	B_83_0_B_87_0	0.0000	0.0000	0.8333	0.2887	1	-0.2560	-2.8868	0.0039
A_75_1_A_72_1	A_156_0_A_158_0	0.0000	0.0000	-0.6667	0.2887	1	0.0893	2.3094	0.0209
A_75_1_A_72_1	A_44_0_A_133_1	0.0000	0.0000	0.6667	0.2887	1	-0.0893	-2.3094	0.0209
A_75_1_A_72_1	A_71_1_A_67_1	0.0000	0.0000	0.8333	0.2887	1	-0.2560	-2.8868	0.0039
A_75_1_A_72_1	A_80_1_A_77_1	-0.1667	0.2887	0.8333	0.2887	1	-0.1835	-2.4495	0.0143
A_75_1_A_72_1	B_105_0_A_182_1	-0.5000	0.5000	0.8333	0.2887	1	-0.1786	-2.3094	0.0209
A_75_1_A_72_1	B_60_1_B_57_1	0.3333	0.2887	-0.6667	0.2887	1	0.1835	2.4495	0.0143
A_80_1_A_77_1	A_130_0_A_150_1	-0.5000	0.5000	0.8333	0.2887	1	-0.1786	-2.3094	0.0209
A_80_1_A_77_1	A_144_1_A_142_0	0.1667	0.2887	1.0000	0.0000	1	-0.2560	-2.8868	0.0039
A_80_1_A_77_1	A_156_0_A_158_0	0.0000	0.0000	-0.8333	0.2887	1	0.2560	2.8868	0.0039
A_80_1_A_77_1	A_38_0_A_134_0	-0.1667	0.2887	0.8333	0.2887	1	-0.1835	-2.4495	0.0143
A_80_1_A_77_1	A_44_0_A_133_1	-0.1667	0.2887	0.8333	0.2887	1	-0.1835	-2.4495	0.0143
A_80_1_A_77_1	A_62_0_C_110_1	-0.1667	0.2887	0.8333	0.2887	1	-0.1835	-2.4495	0.0143
A_80_1_A_77_1	A_71_1_A_67_1	-0.3333	0.5774	1.0000	0.0000	1	-0.1786	-2.3094	0.0209
A_80_1_A_77_1	A_75_1_A_72_1	-0.1667	0.2887	0.8333	0.2887	1	-0.1835	-2.4495	0.0143
A_80_1_A_77_1	B_114_1_B_104_1	0.1667	0.2887	-0.6667	0.2887	1	0.0168	2.0412	0.0412
A_80_1_A_77_1	B_60_1_B_57_1	0.3333	0.2887	-0.8333	0.2887	1	0.3502	2.8577	0.0043
A_80_1_A_77_1	B_83_0_B_87_0	0.0000	0.0000	0.8333	0.2887	1	-0.2560	-2.8868	0.0039
A_80_1_A_77_1	B_94_0_B_178_1	-0.5000	0.5000	0.8333	0.2887	1	-0.1786	-2.3094	0.0209
A_99_1_A_98_0	A_157_0_A_158_0	-0.6667	0.2887	0.0000	0.0000	1	-0.0893	-2.3094	0.0209
A_99_1_A_98_0	A_50_0_A_47_0	-0.6667	0.2887	0.0000	0.0000	1	-0.0893	-2.3094	0.0209
A_99_1_A_98_0	B_142_1_B_139_1	-0.5000	0.0000	0.0000	0.0000	1	-0.5000	-inf	0.0000
A_99_1_A_98_0	B_157_0_B_146_1	-0.6667	0.2887	0.0000	0.0000	1	-0.0893	-2.3094	0.0209
A_99_1_A_98_0	B_25_0_B_41_0	0.6667	0.2887	0.0000	0.0000	1	0.0893	2.3094	0.0209
A_99_1_A_98_0	B_26_1_B_42_0	0.5000	0.0000	0.0000	0.0000	1	0.5000	inf	0.0000
A_99_1_A_98_0	B_90_1_B_86_1	-0.6667	0.2887	0.0000	0.0000	1	-0.0893	-2.3094	0.0209
A_99_1_A_98_0	B_92_0_B_87_0	-0.6667	0.2887	0.0000	0.0000	1	-0.0893	-2.3094	0.0209
A_99_1_A_98_0	B_93_0_A_47_0	0.6667	0.2887	0.0000	0.0000	1	0.0893	2.3094	0.0209
A_99_1_A_98_0	B_96_1_B_96_0	0.5000	0.0000	0.0000	0.0000	1	0.5000	inf	0.0000
A_99_1_A_98_0	B_98_0_B_96_1	0.6667	0.2887	0.0000	0.0000	1	0.0893	2.3094	0.0209
A_99_1_A_98_0	C_117_1_C_114_1	0.6667	0.2887	0.0000	0.0000	1	0.0893	2.3094	0.0209
B_105_0_A_182_1	A_121_0_A_149_0	0.1667	0.2887	-0.6667	0.2887	1	0.0168	2.0412	0.0412
B_105_0_A_182_1	A_130_0_A_150_1	-0.1667	0.2887	0.8333	0.2887	1	-0.1835	-2.4495	0.0143
B_105_0_A_182_1	A_156_0_A_158_0	0.0000	0.0000	-0.8333	0.2887	1	0.2560	2.8868	0.0039
B_105_0_A_182_1	A_44_0_A_133_1	0.0000	0.0000	0.8333	0.2887	1	-0.2560	-2.8868	0.0039
B_105_0_A_182_1	A_62_1_A_58_1	-0.5000	0.5000	0.6667	0.2887	1	-0.0120	-2.0207	0.0433
B_105_0_A_182_1	A_71_1_A_67_1	0.0000	0.0000	0.6667	0.2887	1	-0.0893	-2.3094	0.0209
B_105_0_A_182_1	A_75_1_A_72_1	-0.5000	0.5000	0.8333	0.2887	1	-0.1786	-2.3094	0.0209
B_105_0_A_182_1	B_70_1_B_67_1	0.1667	0.2887	-0.6667	0.2887	1	0.0168	2.0412	0.0412
B_111_0_A_184_0	A_49_1_A_45_1	-0.1667	0.2887	1.0000	0.0000	1	-0.5893	-4.0415	0.0001
B_111_0_A_184_0	A_62_1_A_58_1	-0.5000	0.5000	0.8333	0.2887	1	-0.1786	-2.3094	0.0209
B_111_0_A_184_0	B_180_1_B_177_1	-0.3333	0.5774	1.0000	0.0000	1	-0.1786	-2.3094	0.0209
B_114_1_B_104_1	A_130_0_A_150_1	0.1667	0.2887	-0.8333	0.2887	1	0.1835	2.4495	0.0143
B_114_1_B_104_1	A_140_1_A_144_1	0.0000	0.0000	0.8333	0.2887	1	-0.2560	-2.8868	0.0039
B_114_1_B_104_1	A_144_1_A_142_0	0.6667	0.5774	-0.6667	0.2887	1	0.0423	2.0656	0.0389
B_114_1_B_104_1	A_156_0_A_158_0	0.0000	0.0000	0.8333	0.2887	1	-0.2560	-2.8868	0.0039
B_114_1_B_104_1	A_30_1_A_29_0	0.3333	0.2887	-0.8333	0.2887	1	0.3502	2.8577	0.0043
B_114_1_B_104_1	A_44_0_A_133_1	0.1667	0.2887	-0.8333	0.2887	1	0.1835	2.4495	0.0143
B_114_1_B_104_1	A_80_1_A_77_1	0.1667	0.2887	-0.6667	0.2887	1	0.0168	2.0412	0.0412
B_114_1_B_104_1	B_48_0_B_47_1	-0.1667	0.2887	-1.0000	0.0000	1	0.2560	2.8868	0.0039
B_114_1_B_104_1	B_70_1_B_67_1	0.0000	0.0000	0.6667	0.2887	1	-0.0893	-2.3094	0.0209
B_114_1_B_104_1	B_83_0_B_87_0	0.0000	0.0000	-0.8333	0.2887	1	0.2560	2.8868	0.0039
B_123_1_B_95_1	A_5_0_A_27_0	-0.6667	0.2887	0.1667	0.2887	1	-0.0168	-2.0412	0.0412
B_123_1_B_95_1	B_130_0_B_128_0	-0.6667	0.2887	0.0000	0.0000	1	-0.0893	-2.3094	0.0209
B_123_1_B_95_1	B_145_1_B_158_1	-0.6667	0.2887	0.5000	0.5000	1	-0.0120	-2.0207	0.0433
B_123_1_B_95_1	B_157_0_B_146_1	-0.8333	0.2887	0.0000	0.0000	1	-0.2560	-2.8868	0.0039
B_123_1_B_95_1	B_25_0_B_41_0	0.8333	0.2887	0.0000	0.0000	1	0.2560	2.8868	0.0039
B_123_1_B_95_1	B_26_1_B_42_0	1.0000	0.0000	0.0000	0.0000	1	1.0000	inf	0.0000
B_123_1_B_95_1	B_93_0_B_153_1	-0.6667	0.2887	0.1667	0.2887	1	-0.0168	-2.0412	0.0412
B_127_1_B_125_1	A_157_0_A_158_0	-0.5000	0.0000	0.1667	0.2887	1	-0.0893	-2.3094	0.0209
B_127_1_B_125_1	A_158_1_A_156_0	0.8333	0.2887	-0.1667	0.2887	1	0.1835	2.4495	0.0143
B_127_1_B_125_1	A_164_0_A_120_0	-0.5000	0.0000	0.1667	0.2887	1	-0.0893	-2.3094	0.0209
B_127_1_B_125_1	A_164_0_A_166_0	0.6667	0.2887	0.0000	0.0000	1	0.0893	2.3094	0.0209
B_127_1_B_125_1	A_17_1_A_17_0	-0.5000	0.0000	0.1667	0.2887	1	-0.0893	-2.3094	0.0209
B_127_1_B_125_1	A_44_0_A_134_1	0.8333	0.2887	0.0000	0.0000	1	0.2560	2.8868	0.0039
B_127_1_B_125_1	A_44_0_A_30_0	0.8333	0.2887	-0.1667	0.2887	1	0.1835	2.4495	0.0143
B_127_1_B_125_1	A_44_0_B_152_0	-0.8333	0.2887	0.1667	0.2887	1	-0.1835	-2.4495	0.0143
B_127_1_B_125_1	A_50_1_A_46_1	-0.5000	0.0000	0.1667	0.2887	1	-0.0893	-2.3094	0.0209
B_127_1_B_125_1	A_57_0_A_55_0	-0.5000	0.0000	0.0000	0.0000	1	-0.5000	-inf	0.0000
B_127_1_B_125_1	A_59_1_A_56_1	-0.5000	0.0000	0.0000	0.0000	1	-0.5000	-inf	0.0000
B_127_1_B_125_1	A_5_0_A_27_0	0.5000	0.0000	0.0000	0.0000	1	0.5000	inf	0.0000
B_130_0_B_128_0	A_164_0_A_166_0	-0.6667	0.2887	0.0000	0.0000	1	-0.0893	-2.3094	0.0209
B_130_0_B_128_0	A_57_0_A_55_0	0.5000	0.0000	0.0000	0.0000	1	0.5000	inf	0.0000
B_130_0_B_128_0	A_66_1_A_62_1	0.6667	0.2887	0.0000	0.0000	1	0.0893	2.3094	0.0209
B_130_0_B_128_0	B_123_1_B_95_1	-0.6667	0.2887	0.0000	0.0000	1	-0.0893	-2.3094	0.0209
B_130_0_B_128_0	B_25_0_B_41_0	-0.8333	0.2887	0.0000	0.0000	1	-0.2560	-2.8868	0.0039
B_130_0_B_128_0	B_28_1_B_40_1	0.6667	0.2887	0.0000	0.0000	1	0.0893	2.3094	0.0209
B_130_0_B_128_0	B_35_1_B_33_1	0.5000	0.0000	-0.1667	0.2887	1	0.0893	2.3094	0.0209
B_130_0_B_128_0	B_36_1_B_35_0	0.5000	0.0000	0.0000	0.0000	1	0.5000	inf	0.0000
B_130_0_B_128_0	B_90_1_B_86_1	0.8333	0.2887	-0.1667	0.2887	1	0.1835	2.4495	0.0143
B_130_0_B_128_0	B_92_0_B_87_0	0.5000	0.0000	0.0000	0.0000	1	0.5000	inf	0.0000
B_134_0_B_169_0	A_150_1_A_149_0	0.5000	0.0000	0.0000	0.0000	1	0.5000	inf	0.0000
B_134_0_B_169_0	A_164_0_A_166_0	0.8333	0.2887	0.0000	0.0000	1	0.2560	2.8868	0.0039
B_134_0_B_169_0	A_17_1_A_17_0	-1.0000	0.0000	-0.3333	0.2887	1	-0.0893	-2.3094	0.0209
B_134_0_B_169_0	A_57_0_A_55_0	-1.0000	0.0000	0.0000	0.0000	1	-1.0000	-inf	0.0000
B_134_0_B_169_0	A_59_1_A_55_1	0.5000	0.0000	0.0000	0.0000	1	0.5000	inf	0.0000
B_134_0_B_169_0	A_66_1_A_62_1	-0.8333	0.2887	0.0000	0.0000	1	-0.2560	-2.8868	0.0039
B_134_0_B_169_0	C_105_0_A_51_1	0.5000	0.0000	0.0000	0.0000	1	0.5000	inf	0.0000
B_142_1_B_139_1	A_150_1_A_149_0	-0.6667	0.2887	0.0000	0.0000	1	-0.0893	-2.3094	0.0209
B_142_1_B_139_1	A_158_1_A_156_0	-0.5000	0.0000	0.0000	0.0000	1	-0.5000	-inf	0.0000
B_142_1_B_139_1	A_44_0_B_152_0	0.5000	0.0000	0.0000	0.0000	1	0.5000	inf	0.0000
B_142_1_B_139_1	A_5_1_B_17_1	0.6667	0.2887	0.0000	0.0000	1	0.0893	2.3094	0.0209
B_142_1_B_139_1	A_99_1_A_98_0	-0.5000	0.0000	0.0000	0.0000	1	-0.5000	-inf	0.0000
B_142_1_B_139_1	B_142_1_B_139_1	1.0000	0.0000	0.0000	0.0000	1	1.0000	inf	0.0000
B_142_1_B_139_1	B_51_1_B_37_1	-0.6667	0.2887	0.0000	0.0000	1	-0.0893	-2.3094	0.0209
B_142_1_B_139_1	B_89_1_B_86_1	0.6667	0.2887	0.0000	0.0000	1	0.0893	2.3094	0.0209
B_142_1_B_139_1	C_117_1_C_114_1	-0.8333	0.2887	0.0000	0.0000	1	-0.2560	-2.8868	0.0039
B_145_1_B_158_1	A_59_1_A_55_1	0.5000	0.0000	0.0000	0.0000	1	0.5000	inf	0.0000
B_145_1_B_158_1	A_68_1_A_65_1	0.6667	0.2887	-0.3333	0.2887	1	0.1835	2.4495	0.0143
B_145_1_B_158_1	A_6_1_A_27_0	0.5000	0.0000	-0.1667	0.2887	1	0.0893	2.3094	0.0209
B_145_1_B_158_1	B_123_1_B_95_1	-0.6667	0.2887	0.5000	0.5000	1	-0.0120	-2.0207	0.0433
B_145_1_B_158_1	B_157_0_B_146_1	0.8333	0.2887	0.0000	0.0000	1	0.2560	2.8868	0.0039
B_145_1_B_158_1	B_26_1_B_42_0	-0.6667	0.2887	0.1667	0.2887	1	-0.0168	-2.0412	0.0412
B_145_1_B_158_1	B_43_1_B_41_0	-0.5000	0.0000	0.0000	0.0000	1	-0.5000	-inf	0.0000
B_145_1_B_158_1	B_69_1_B_66_1	0.5000	0.0000	-0.1667	0.2887	1	0.0893	2.3094	0.0209
B_145_1_B_158_1	B_72_0_B_69_0	0.3333	0.5774	-1.0000	0.0000	1	0.1786	2.3094	0.0209
B_145_1_B_158_1	B_80_0_B_76_1	0.8333	0.2887	0.0000	0.0000	1	0.2560	2.8868	0.0039
B_145_1_B_158_1	B_86_1_B_82_1	-0.1667	0.2887	0.6667	0.2887	1	-0.0168	-2.0412	0.0412
B_145_1_B_158_1	B_86_1_B_83_1	0.0000	0.0000	-0.6667	0.2887	1	0.0893	2.3094	0.0209
B_145_1_B_158_1	B_93_0_B_153_1	0.6667	0.2887	-0.1667	0.2887	1	0.0168	2.0412	0.0412
B_149_0_A_28_1	A_53_1_C_105_1	-1.0000	0.0000	0.0000	0.0000	1	-1.0000	-inf	0.0000
B_149_0_A_28_1	A_5_0_A_27_0	0.5000	0.0000	-0.1667	0.2887	1	0.0893	2.3094	0.0209
B_149_0_A_28_1	B_168_1_B_190_1	1.0000	0.0000	-0.1667	0.2887	1	0.5893	4.0415	0.0001
B_149_0_A_28_1	B_179_0_B_95_1	0.5000	0.0000	-0.1667	0.2887	1	0.0893	2.3094	0.0209
B_149_0_A_28_1	B_36_1_B_35_0	-0.5000	0.0000	0.0000	0.0000	1	-0.5000	-inf	0.0000
B_149_0_A_28_1	B_6_0_B_4_1	-0.6667	0.2887	0.0000	0.0000	1	-0.0893	-2.3094	0.0209
B_149_0_A_28_1	B_74_1_B_71_1	0.8333	0.2887	0.0000	0.0000	1	0.2560	2.8868	0.0039
B_149_0_A_28_1	B_90_0_B_86_1	-0.5000	0.0000	0.1667	0.2887	1	-0.0893	-2.3094	0.0209
B_149_0_A_28_1	C_105_0_A_51_1	-0.5000	0.0000	0.0000	0.0000	1	-0.5000	-inf	0.0000
B_157_0_B_146_1	A_157_0_A_158_0	0.6667	0.2887	0.0000	0.0000	1	0.0893	2.3094	0.0209
B_157_0_B_146_1	A_38_1_A_35_1	0.6667	0.2887	0.0000	0.0000	1	0.0893	2.3094	0.0209
B_157_0_B_146_1	A_50_0_A_47_0	1.0000	0.0000	0.0000	0.0000	1	1.0000	inf	0.0000
B_157_0_B_146_1	A_50_1_A_47_1	0.5000	0.0000	0.0000	0.0000	1	0.5000	inf	0.0000
B_157_0_B_146_1	A_59_1_A_56_1	-0.8333	0.2887	0.0000	0.0000	1	-0.2560	-2.8868	0.0039
B_157_0_B_146_1	A_5_1_B_17_1	0.8333	0.2887	0.0000	0.0000	1	0.2560	2.8868	0.0039
B_157_0_B_146_1	A_68_1_A_65_1	0.5000	0.0000	0.0000	0.0000	1	0.5000	inf	0.0000
B_157_0_B_146_1	A_99_1_A_98_0	-0.6667	0.2887	0.0000	0.0000	1	-0.0893	-2.3094	0.0209
B_157_0_B_146_1	B_123_1_B_95_1	-0.8333	0.2887	0.0000	0.0000	1	-0.2560	-2.8868	0.0039
B_157_0_B_146_1	B_145_1_B_158_1	0.8333	0.2887	0.0000	0.0000	1	0.2560	2.8868	0.0039
B_157_0_B_146_1	B_157_0_B_146_1	1.0000	0.0000	0.0000	0.0000	1	1.0000	inf	0.0000
B_157_0_B_146_1	B_25_0_B_41_0	-0.6667	0.2887	0.0000	0.0000	1	-0.0893	-2.3094	0.0209
B_157_0_B_146_1	B_26_1_B_42_0	-0.8333	0.2887	0.0000	0.0000	1	-0.2560	-2.8868	0.0039
B_157_0_B_146_1	B_67_1_B_64_1	0.6667	0.2887	0.0000	0.0000	1	0.0893	2.3094	0.0209
B_157_0_B_146_1	B_80_0_B_76_1	0.6667	0.2887	0.0000	0.0000	1	0.0893	2.3094	0.0209
B_157_0_B_146_1	B_90_1_B_86_1	0.6667	0.2887	0.0000	0.0000	1	0.0893	2.3094	0.0209
B_157_0_B_146_1	B_93_0_A_47_0	-1.0000	0.0000	0.0000	0.0000	1	-1.0000	-inf	0.0000
B_157_0_B_146_1	B_93_0_B_153_1	0.8333	0.2887	0.0000	0.0000	1	0.2560	2.8868	0.0039
B_157_0_B_146_1	C_105_0_A_51_1	0.6667	0.2887	0.0000	0.0000	1	0.0893	2.3094	0.0209
B_157_0_B_146_1	C_117_1_C_114_1	-0.6667	0.2887	0.0000	0.0000	1	-0.0893	-2.3094	0.0209
B_168_1_B_190_0	A_30_1_A_29_0	0.8333	0.2887	-0.1667	0.2887	1	0.1835	2.4495	0.0143
B_168_1_B_190_0	A_53_1_C_105_1	0.8333	0.2887	0.0000	0.0000	1	0.2560	2.8868	0.0039
B_168_1_B_190_0	B_36_1_B_35_0	0.6667	0.2887	0.0000	0.0000	1	0.0893	2.3094	0.0209
B_168_1_B_190_0	B_6_0_B_4_1	0.5000	0.0000	0.0000	0.0000	1	0.5000	inf	0.0000
B_168_1_B_190_0	B_74_1_B_71_1	-0.6667	0.2887	0.0000	0.0000	1	-0.0893	-2.3094	0.0209
B_168_1_B_190_0	B_80_0_B_76_1	-0.5000	0.0000	0.0000	0.0000	1	-0.5000	-inf	0.0000
B_168_1_B_190_1	A_53_1_C_105_1	-1.0000	0.0000	0.0000	0.0000	1	-1.0000	-inf	0.0000
B_168_1_B_190_1	B_149_0_A_28_1	1.0000	0.0000	-0.1667	0.2887	1	0.5893	4.0415	0.0001
B_168_1_B_190_1	B_36_1_B_35_0	-0.5000	0.0000	0.0000	0.0000	1	-0.5000	-inf	0.0000
B_168_1_B_190_1	B_6_0_B_4_1	-0.6667	0.2887	0.0000	0.0000	1	-0.0893	-2.3094	0.0209
B_168_1_B_190_1	C_105_0_A_51_1	-0.5000	0.0000	0.0000	0.0000	1	-0.5000	-inf	0.0000
B_179_0_B_95_1	A_53_1_C_105_1	-0.5000	0.0000	0.0000	0.0000	1	-0.5000	-inf	0.0000
B_179_0_B_95_1	A_5_1_B_17_1	-0.5000	0.0000	0.0000	0.0000	1	-0.5000	-inf	0.0000
B_179_0_B_95_1	B_149_0_A_28_1	0.5000	0.0000	-0.1667	0.2887	1	0.0893	2.3094	0.0209
B_179_0_B_95_1	B_23_1_B_22_0	0.6667	0.2887	-0.1667	0.2887	1	0.0168	2.0412	0.0412
B_179_0_B_95_1	B_25_0_B_41_0	0.6667	0.2887	0.0000	0.0000	1	0.0893	2.3094	0.0209
B_179_0_B_95_1	B_36_1_B_35_0	-1.0000	0.0000	0.0000	0.0000	1	-1.0000	-inf	0.0000
B_179_0_B_95_1	B_89_1_B_86_1	-0.5000	0.0000	0.3333	0.2887	1	-0.2560	-2.8868	0.0039
B_180_1_B_177_1	A_121_0_A_149_0	0.0000	0.0000	-0.8333	0.2887	1	0.2560	2.8868	0.0039
B_180_1_B_177_1	B_111_0_A_184_0	-0.3333	0.5774	1.0000	0.0000	1	-0.1786	-2.3094	0.0209
B_180_1_B_177_1	B_70_1_B_67_1	0.1667	0.2887	-0.8333	0.2887	1	0.1835	2.4495	0.0143
B_180_1_B_177_1	B_91_1_B_87_1	0.1667	0.2887	-0.6667	0.2887	1	0.0168	2.0412	0.0412
B_180_1_B_177_1	C_105_1_A_51_1	0.0000	0.0000	1.0000	0.0000	1	-1.0000	-inf	0.0000
B_23_1_B_22_0	A_118_0_A_166_0	-0.6667	0.2887	0.0000	0.0000	1	-0.0893	-2.3094	0.0209
B_23_1_B_22_0	A_44_0_A_134_1	-0.8333	0.2887	0.0000	0.0000	1	-0.2560	-2.8868	0.0039
B_23_1_B_22_0	A_48_1_A_45_1	0.8333	0.2887	-0.1667	0.2887	1	0.1835	2.4495	0.0143
B_23_1_B_22_0	A_66_1_A_62_1	-0.5000	0.0000	0.0000	0.0000	1	-0.5000	-inf	0.0000
B_23_1_B_22_0	B_179_0_B_95_1	0.6667	0.2887	-0.1667	0.2887	1	0.0168	2.0412	0.0412
B_23_1_B_22_0	B_36_1_B_35_0	-0.6667	0.2887	0.0000	0.0000	1	-0.0893	-2.3094	0.0209
B_23_1_B_22_0	B_43_1_B_41_0	0.6667	0.2887	0.0000	0.0000	1	0.0893	2.3094	0.0209
B_23_1_B_22_0	B_92_0_B_87_0	-0.6667	0.2887	0.0000	0.0000	1	-0.0893	-2.3094	0.0209
B_25_0_B_41_0	A_38_1_A_35_1	-0.6667	0.2887	0.0000	0.0000	1	-0.0893	-2.3094	0.0209
B_25_0_B_41_0	A_50_0_A_47_0	-0.6667	0.2887	0.0000	0.0000	1	-0.0893	-2.3094	0.0209
B_25_0_B_41_0	A_5_1_B_17_1	-0.8333	0.2887	0.0000	0.0000	1	-0.2560	-2.8868	0.0039
B_25_0_B_41_0	A_66_1_A_62_1	-0.5000	0.0000	0.0000	0.0000	1	-0.5000	-inf	0.0000
B_25_0_B_41_0	A_99_1_A_98_0	0.6667	0.2887	0.0000	0.0000	1	0.0893	2.3094	0.0209
B_25_0_B_41_0	B_123_1_B_95_1	0.8333	0.2887	0.0000	0.0000	1	0.2560	2.8868	0.0039
B_25_0_B_41_0	B_130_0_B_128_0	-0.8333	0.2887	0.0000	0.0000	1	-0.2560	-2.8868	0.0039
B_25_0_B_41_0	B_157_0_B_146_1	-0.6667	0.2887	0.0000	0.0000	1	-0.0893	-2.3094	0.0209
B_25_0_B_41_0	B_179_0_B_95_1	0.6667	0.2887	0.0000	0.0000	1	0.0893	2.3094	0.0209
B_25_0_B_41_0	B_25_0_B_41_0	1.0000	0.0000	0.0000	0.0000	1	1.0000	inf	0.0000
B_25_0_B_41_0	B_26_1_B_42_0	0.8333	0.2887	0.0000	0.0000	1	0.2560	2.8868	0.0039
B_25_0_B_41_0	B_36_1_B_35_0	-0.6667	0.2887	0.0000	0.0000	1	-0.0893	-2.3094	0.0209
B_25_0_B_41_0	B_67_1_B_64_1	-0.6667	0.2887	0.0000	0.0000	1	-0.0893	-2.3094	0.0209
B_25_0_B_41_0	B_90_1_B_86_1	-1.0000	0.0000	0.0000	0.0000	1	-1.0000	-inf	0.0000
B_25_0_B_41_0	B_92_0_B_87_0	-0.6667	0.2887	0.0000	0.0000	1	-0.0893	-2.3094	0.0209
B_25_0_B_41_0	B_93_0_A_47_0	0.6667	0.2887	0.0000	0.0000	1	0.0893	2.3094	0.0209
B_25_0_B_41_0	B_93_0_B_153_1	-0.5000	0.0000	0.0000	0.0000	1	-0.5000	-inf	0.0000
B_26_1_B_42_0	A_50_0_A_47_0	-0.8333	0.2887	0.1667	0.2887	1	-0.1835	-2.4495	0.0143
B_26_1_B_42_0	A_50_1_A_47_1	-0.6667	0.2887	0.0000	0.0000	1	-0.0893	-2.3094	0.0209
B_26_1_B_42_0	A_59_1_A_56_1	0.6667	0.2887	0.0000	0.0000	1	0.0893	2.3094	0.0209
B_26_1_B_42_0	A_5_0_A_27_0	-0.6667	0.2887	0.0000	0.0000	1	-0.0893	-2.3094	0.0209
B_26_1_B_42_0	A_5_1_B_17_1	-0.6667	0.2887	0.0000	0.0000	1	-0.0893	-2.3094	0.0209
B_26_1_B_42_0	A_99_1_A_98_0	0.5000	0.0000	0.0000	0.0000	1	0.5000	inf	0.0000
B_26_1_B_42_0	B_123_1_B_95_1	1.0000	0.0000	0.0000	0.0000	1	1.0000	inf	0.0000
B_26_1_B_42_0	B_145_1_B_158_1	-0.6667	0.2887	0.1667	0.2887	1	-0.0168	-2.0412	0.0412
B_26_1_B_42_0	B_157_0_B_146_1	-0.8333	0.2887	0.0000	0.0000	1	-0.2560	-2.8868	0.0039
B_26_1_B_42_0	B_25_0_B_41_0	0.8333	0.2887	0.0000	0.0000	1	0.2560	2.8868	0.0039
B_26_1_B_42_0	B_93_0_A_47_0	0.8333	0.2887	-0.1667	0.2887	1	0.1835	2.4495	0.0143
B_26_1_B_42_0	B_93_0_B_153_1	-0.6667	0.2887	0.0000	0.0000	1	-0.0893	-2.3094	0.0209
B_28_1_B_40_1	A_150_1_A_149_0	-0.6667	0.2887	0.0000	0.0000	1	-0.0893	-2.3094	0.0209
B_28_1_B_40_1	A_6_1_A_27_0	-0.6667	0.2887	0.0000	0.0000	1	-0.0893	-2.3094	0.0209
B_28_1_B_40_1	B_130_0_B_128_0	0.6667	0.2887	0.0000	0.0000	1	0.0893	2.3094	0.0209
B_28_1_B_40_1	B_35_1_B_33_1	0.8333	0.2887	0.0000	0.0000	1	0.2560	2.8868	0.0039
B_28_1_B_40_1	B_43_1_B_41_0	0.6667	0.2887	0.0000	0.0000	1	0.0893	2.3094	0.0209
B_28_1_B_40_1	B_51_1_B_37_1	-0.6667	0.2887	0.1667	0.2887	1	-0.0168	-2.0412	0.0412
B_35_1_B_33_1	A_118_0_A_166_0	-0.5000	0.0000	0.0000	0.0000	1	-0.5000	-inf	0.0000
B_35_1_B_33_1	A_143_0_B_36_0	0.6667	0.2887	-0.1667	0.2887	1	0.0168	2.0412	0.0412
B_35_1_B_33_1	A_150_1_A_149_0	-0.5000	0.0000	0.0000	0.0000	1	-0.5000	-inf	0.0000
B_35_1_B_33_1	A_50_1_A_46_1	-0.5000	0.0000	0.1667	0.2887	1	-0.0893	-2.3094	0.0209
B_35_1_B_33_1	A_5_0_A_27_0	0.5000	0.0000	0.0000	0.0000	1	0.5000	inf	0.0000
B_35_1_B_33_1	A_6_1_A_27_0	-0.5000	0.0000	0.1667	0.2887	1	-0.0893	-2.3094	0.0209
B_35_1_B_33_1	B_130_0_B_128_0	0.5000	0.0000	-0.1667	0.2887	1	0.0893	2.3094	0.0209
B_35_1_B_33_1	B_28_1_B_40_1	0.8333	0.2887	0.0000	0.0000	1	0.2560	2.8868	0.0039
B_35_1_B_33_1	B_43_1_B_41_0	0.5000	0.0000	0.0000	0.0000	1	0.5000	inf	0.0000
B_35_1_B_33_1	B_6_0_B_4_1	-0.6667	0.2887	0.0000	0.0000	1	-0.0893	-2.3094	0.0209
B_35_1_B_33_1	B_90_0_B_86_1	-0.5000	0.0000	0.0000	0.0000	1	-0.5000	-inf	0.0000
B_35_1_B_33_1	B_92_0_B_87_0	-0.5000	0.0000	0.0000	0.0000	1	-0.5000	-inf	0.0000
B_35_1_B_33_1	B_96_1_B_96_0	0.6667	0.2887	-0.1667	0.2887	1	0.0168	2.0412	0.0412
B_36_1_B_35_0	A_157_0_A_158_0	-0.5000	0.0000	0.0000	0.0000	1	-0.5000	-inf	0.0000
B_36_1_B_35_0	A_164_0_A_120_0	-0.5000	0.0000	0.0000	0.0000	1	-0.5000	-inf	0.0000
B_36_1_B_35_0	A_30_1_A_29_0	0.8333	0.2887	0.0000	0.0000	1	0.2560	2.8868	0.0039
B_36_1_B_35_0	A_53_1_C_105_1	0.5000	0.0000	0.0000	0.0000	1	0.5000	inf	0.0000
B_36_1_B_35_0	A_5_1_B_17_1	0.5000	0.0000	0.0000	0.0000	1	0.5000	inf	0.0000
B_36_1_B_35_0	B_130_0_B_128_0	0.5000	0.0000	0.0000	0.0000	1	0.5000	inf	0.0000
B_36_1_B_35_0	B_149_0_A_28_1	-0.5000	0.0000	0.0000	0.0000	1	-0.5000	-inf	0.0000
B_36_1_B_35_0	B_168_1_B_190_0	0.6667	0.2887	0.0000	0.0000	1	0.0893	2.3094	0.0209
B_36_1_B_35_0	B_168_1_B_190_1	-0.5000	0.0000	0.0000	0.0000	1	-0.5000	-inf	0.0000
B_36_1_B_35_0	B_179_0_B_95_1	-1.0000	0.0000	0.0000	0.0000	1	-1.0000	-inf	0.0000
B_36_1_B_35_0	B_23_1_B_22_0	-0.6667	0.2887	0.0000	0.0000	1	-0.0893	-2.3094	0.0209
B_36_1_B_35_0	B_25_0_B_41_0	-0.6667	0.2887	0.0000	0.0000	1	-0.0893	-2.3094	0.0209
B_36_1_B_35_0	B_36_1_B_35_0	1.0000	0.0000	0.0000	0.0000	1	1.0000	inf	0.0000
B_36_1_B_35_0	B_89_1_B_86_1	0.5000	0.0000	0.0000	0.0000	1	0.5000	inf	0.0000
B_36_1_B_35_0	B_90_1_B_86_1	0.6667	0.2887	0.0000	0.0000	1	0.0893	2.3094	0.0209
B_43_1_B_41_0	A_118_0_A_166_0	-1.0000	0.0000	0.0000	0.0000	1	-1.0000	-inf	0.0000
B_43_1_B_41_0	A_44_0_A_134_1	-0.8333	0.2887	0.0000	0.0000	1	-0.2560	-2.8868	0.0039
B_43_1_B_41_0	A_44_0_A_30_0	-0.8333	0.2887	0.0000	0.0000	1	-0.2560	-2.8868	0.0039
B_43_1_B_41_0	A_48_1_A_45_1	0.8333	0.2887	0.0000	0.0000	1	0.2560	2.8868	0.0039
B_43_1_B_41_0	A_50_1_A_46_1	0.5000	0.0000	0.0000	0.0000	1	0.5000	inf	0.0000
B_43_1_B_41_0	A_50_1_A_47_1	-0.8333	0.2887	0.0000	0.0000	1	-0.2560	-2.8868	0.0039
B_43_1_B_41_0	A_59_1_A_56_1	0.5000	0.0000	0.0000	0.0000	1	0.5000	inf	0.0000
B_43_1_B_41_0	A_5_0_A_27_0	-0.5000	0.0000	0.0000	0.0000	1	-0.5000	-inf	0.0000
B_43_1_B_41_0	A_6_1_A_27_0	-1.0000	0.0000	0.0000	0.0000	1	-1.0000	-inf	0.0000
B_43_1_B_41_0	B_145_1_B_158_1	-0.5000	0.0000	0.0000	0.0000	1	-0.5000	-inf	0.0000
B_43_1_B_41_0	B_23_1_B_22_0	0.6667	0.2887	0.0000	0.0000	1	0.0893	2.3094	0.0209
B_43_1_B_41_0	B_28_1_B_40_1	0.6667	0.2887	0.0000	0.0000	1	0.0893	2.3094	0.0209
B_43_1_B_41_0	B_35_1_B_33_1	0.5000	0.0000	0.0000	0.0000	1	0.5000	inf	0.0000
B_43_1_B_41_0	B_43_1_B_41_0	1.0000	0.0000	0.0000	0.0000	1	1.0000	inf	0.0000
B_43_1_B_41_0	B_89_1_B_86_1	-0.5000	0.0000	0.0000	0.0000	1	-0.5000	-inf	0.0000
B_43_1_B_41_0	C_105_0_A_51_1	0.5000	0.0000	0.0000	0.0000	1	0.5000	inf	0.0000
B_48_0_B_47_1	A_130_0_A_150_1	-0.1667	0.2887	0.8333	0.2887	1	-0.1835	-2.4495	0.0143
B_48_0_B_47_1	A_140_1_A_144_1	0.0000	0.0000	-0.8333	0.2887	1	0.2560	2.8868	0.0039
B_48_0_B_47_1	A_144_1_A_142_0	-0.1667	0.2887	0.6667	0.2887	1	-0.0168	-2.0412	0.0412
B_48_0_B_47_1	A_156_0_A_158_0	0.0000	0.0000	-0.8333	0.2887	1	0.2560	2.8868	0.0039
B_48_0_B_47_1	A_44_0_A_133_1	0.0000	0.0000	0.8333	0.2887	1	-0.2560	-2.8868	0.0039
B_48_0_B_47_1	A_62_1_A_58_1	-0.3333	0.2887	0.6667	0.2887	1	-0.1835	-2.4495	0.0143
B_48_0_B_47_1	A_71_1_A_67_1	0.0000	0.0000	0.6667	0.2887	1	-0.0893	-2.3094	0.0209
B_48_0_B_47_1	B_114_1_B_104_1	-0.1667	0.2887	-1.0000	0.0000	1	0.2560	2.8868	0.0039
B_48_0_B_47_1	B_83_0_B_87_0	0.0000	0.0000	0.8333	0.2887	1	-0.2560	-2.8868	0.0039
B_48_0_B_47_1	B_94_0_B_178_1	-0.1667	0.2887	0.8333	0.2887	1	-0.1835	-2.4495	0.0143
B_51_0_B_36_1	B_62_0_B_46_0	0.1667	0.2887	-0.6667	0.2887	1	0.0168	2.0412	0.0412
B_51_1_B_37_1	A_140_1_A_144_1	0.0000	0.0000	-0.8333	0.2887	1	0.2560	2.8868	0.0039
B_51_1_B_37_1	A_143_0_B_36_0	-0.8333	0.2887	0.5000	0.5000	1	-0.1786	-2.3094	0.0209
B_51_1_B_37_1	A_150_1_A_149_0	1.0000	0.0000	-0.3333	0.5774	1	0.1786	2.3094	0.0209
B_51_1_B_37_1	A_156_0_A_158_0	0.0000	0.0000	-0.8333	0.2887	1	0.2560	2.8868	0.0039
B_51_1_B_37_1	A_57_0_A_55_0	-0.5000	0.0000	0.0000	0.0000	1	-0.5000	-inf	0.0000
B_51_1_B_37_1	B_142_1_B_139_1	-0.6667	0.2887	0.0000	0.0000	1	-0.0893	-2.3094	0.0209
B_51_1_B_37_1	B_28_1_B_40_1	-0.6667	0.2887	0.1667	0.2887	1	-0.0168	-2.0412	0.0412
B_51_1_B_37_1	B_70_1_B_67_1	0.1667	0.2887	-0.6667	0.2887	1	0.0168	2.0412	0.0412
B_51_1_B_37_1	B_83_0_B_87_0	0.0000	0.0000	0.8333	0.2887	1	-0.2560	-2.8868	0.0039
B_51_1_B_37_1	B_94_0_B_178_1	-0.3333	0.2887	0.8333	0.2887	1	-0.3502	-2.8577	0.0043
B_51_1_B_37_1	C_117_1_C_114_1	0.8333	0.2887	0.0000	0.0000	1	0.2560	2.8868	0.0039
B_60_1_B_57_1	A_38_0_A_134_0	0.1667	0.2887	-0.6667	0.2887	1	0.0168	2.0412	0.0412
B_60_1_B_57_1	A_59_1_A_55_1	0.6667	0.2887	0.0000	0.0000	1	0.0893	2.3094	0.0209
B_60_1_B_57_1	A_62_0_C_110_1	0.5000	0.5000	-1.0000	0.0000	1	0.5000	3.0000	0.0027
B_60_1_B_57_1	A_75_1_A_72_1	0.3333	0.2887	-0.6667	0.2887	1	0.1835	2.4495	0.0143
B_60_1_B_57_1	A_80_1_A_77_1	0.3333	0.2887	-0.8333	0.2887	1	0.3502	2.8577	0.0043
B_60_1_B_57_1	B_69_1_B_66_1	0.6667	0.2887	-0.1667	0.2887	1	0.0168	2.0412	0.0412
B_60_1_B_57_1	B_6_0_B_4_1	-0.6667	0.2887	0.0000	0.0000	1	-0.0893	-2.3094	0.0209
B_60_1_B_57_1	B_74_1_B_71_1	0.5000	0.0000	-0.1667	0.2887	1	0.0893	2.3094	0.0209
B_60_1_B_57_1	B_80_0_B_76_1	0.6667	0.2887	0.0000	0.0000	1	0.0893	2.3094	0.0209
B_60_1_B_57_1	B_83_0_B_87_0	0.0000	0.0000	-0.6667	0.2887	1	0.0893	2.3094	0.0209
B_60_1_B_57_1	B_90_0_B_86_1	-0.8333	0.2887	0.1667	0.2887	1	-0.1835	-2.4495	0.0143
B_60_1_B_57_1	B_92_0_B_87_0	-0.8333	0.2887	0.0000	0.0000	1	-0.2560	-2.8868	0.0039
B_60_1_B_57_1	B_96_1_B_96_0	1.0000	0.0000	0.1667	0.2887	1	0.2560	2.8868	0.0039
B_62_0_B_46_0	B_51_0_B_36_1	0.1667	0.2887	-0.6667	0.2887	1	0.0168	2.0412	0.0412
B_62_1_B_58_1	A_59_1_A_55_1	0.6667	0.2887	0.0000	0.0000	1	0.0893	2.3094	0.0209
B_62_1_B_58_1	B_6_0_B_4_1	-0.6667	0.2887	0.0000	0.0000	1	-0.0893	-2.3094	0.0209
B_62_1_B_58_1	B_80_0_B_76_1	0.6667	0.2887	0.0000	0.0000	1	0.0893	2.3094	0.0209
B_62_1_B_58_1	B_90_0_B_86_1	-0.8333	0.2887	0.1667	0.2887	1	-0.1835	-2.4495	0.0143
B_62_1_B_58_1	B_92_0_B_87_0	-0.8333	0.2887	0.0000	0.0000	1	-0.2560	-2.8868	0.0039
B_62_1_B_58_1	B_96_1_B_96_0	1.0000	0.0000	-0.3333	0.5774	1	0.1786	2.3094	0.0209
B_67_1_B_64_1	A_38_1_A_35_1	1.0000	0.0000	-0.6667	0.5774	1	0.5120	2.8868	0.0039
B_67_1_B_64_1	A_50_1_A_47_1	0.8333	0.2887	0.0000	0.0000	1	0.2560	2.8868	0.0039
B_67_1_B_64_1	A_59_1_A_55_1	-0.5000	0.0000	0.0000	0.0000	1	-0.5000	-inf	0.0000
B_67_1_B_64_1	A_5_0_A_27_0	0.5000	0.0000	0.0000	0.0000	1	0.5000	inf	0.0000
B_67_1_B_64_1	B_157_0_B_146_1	0.6667	0.2887	0.0000	0.0000	1	0.0893	2.3094	0.0209
B_67_1_B_64_1	B_25_0_B_41_0	-0.6667	0.2887	0.0000	0.0000	1	-0.0893	-2.3094	0.0209
B_67_1_B_64_1	B_90_1_B_86_1	0.6667	0.2887	-0.1667	0.2887	1	0.0168	2.0412	0.0412
B_67_1_B_64_1	B_98_0_B_96_1	-0.6667	0.2887	0.0000	0.0000	1	-0.0893	-2.3094	0.0209
B_69_1_B_66_1	A_164_0_A_166_0	0.6667	0.2887	0.0000	0.0000	1	0.0893	2.3094	0.0209
B_69_1_B_66_1	A_57_0_A_55_0	-0.5000	0.0000	0.0000	0.0000	1	-0.5000	-inf	0.0000
B_69_1_B_66_1	A_59_1_A_55_1	1.0000	0.0000	0.0000	0.0000	1	1.0000	inf	0.0000
B_69_1_B_66_1	A_59_1_A_56_1	-0.5000	0.0000	0.0000	0.0000	1	-0.5000	-inf	0.0000
B_69_1_B_66_1	A_66_1_A_62_1	-0.6667	0.2887	0.0000	0.0000	1	-0.0893	-2.3094	0.0209
B_69_1_B_66_1	B_145_1_B_158_1	0.5000	0.0000	-0.1667	0.2887	1	0.0893	2.3094	0.0209
B_69_1_B_66_1	B_60_1_B_57_1	0.6667	0.2887	-0.1667	0.2887	1	0.0168	2.0412	0.0412
B_69_1_B_66_1	B_80_0_B_76_1	0.6667	0.2887	0.0000	0.0000	1	0.0893	2.3094	0.0209
B_69_1_B_66_1	B_90_0_B_86_1	-0.5000	0.0000	0.0000	0.0000	1	-0.5000	-inf	0.0000
B_69_1_B_66_1	B_92_0_B_87_0	-0.5000	0.0000	0.0000	0.0000	1	-0.5000	-inf	0.0000
B_6_0_B_4_1	A_143_0_B_36_0	-0.6667	0.2887	0.0000	0.0000	1	-0.0893	-2.3094	0.0209
B_6_0_B_4_1	A_164_0_A_120_0	-0.6667	0.2887	0.0000	0.0000	1	-0.0893	-2.3094	0.0209
B_6_0_B_4_1	A_30_1_A_29_0	0.6667	0.2887	0.0000	0.0000	1	0.0893	2.3094	0.0209
B_6_0_B_4_1	A_50_1_A_46_1	0.8333	0.2887	0.0000	0.0000	1	0.2560	2.8868	0.0039
B_6_0_B_4_1	A_53_1_C_105_1	0.6667	0.2887	0.0000	0.0000	1	0.0893	2.3094	0.0209
B_6_0_B_4_1	A_5_0_A_27_0	-0.8333	0.2887	0.0000	0.0000	1	-0.2560	-2.8868	0.0039
B_6_0_B_4_1	B_149_0_A_28_1	-0.6667	0.2887	0.0000	0.0000	1	-0.0893	-2.3094	0.0209
B_6_0_B_4_1	B_168_1_B_190_0	0.5000	0.0000	0.0000	0.0000	1	0.5000	inf	0.0000
B_6_0_B_4_1	B_168_1_B_190_1	-0.6667	0.2887	0.0000	0.0000	1	-0.0893	-2.3094	0.0209
B_6_0_B_4_1	B_35_1_B_33_1	-0.6667	0.2887	0.0000	0.0000	1	-0.0893	-2.3094	0.0209
B_6_0_B_4_1	B_60_1_B_57_1	-0.6667	0.2887	0.0000	0.0000	1	-0.0893	-2.3094	0.0209
B_6_0_B_4_1	B_62_1_B_58_1	-0.6667	0.2887	0.0000	0.0000	1	-0.0893	-2.3094	0.0209
B_6_0_B_4_1	B_6_0_B_4_1	1.0000	0.0000	0.0000	0.0000	1	1.0000	inf	0.0000
B_6_0_B_4_1	B_74_1_B_71_1	-0.8333	0.2887	0.0000	0.0000	1	-0.2560	-2.8868	0.0039
B_6_0_B_4_1	B_90_0_B_86_1	0.8333	0.2887	0.0000	0.0000	1	0.2560	2.8868	0.0039
B_6_0_B_4_1	B_96_1_B_96_0	-0.6667	0.2887	0.0000	0.0000	1	-0.0893	-2.3094	0.0209
B_70_1_B_67_1	A_121_0_A_149_0	0.0000	0.0000	1.0000	0.0000	1	-1.0000	-inf	0.0000
B_70_1_B_67_1	A_130_0_A_150_1	0.1667	0.2887	-0.8333	0.2887	1	0.1835	2.4495	0.0143
B_70_1_B_67_1	A_156_0_A_158_0	0.0000	0.0000	0.8333	0.2887	1	-0.2560	-2.8868	0.0039
B_70_1_B_67_1	A_44_0_A_133_1	0.0000	0.0000	-0.8333	0.2887	1	0.2560	2.8868	0.0039
B_70_1_B_67_1	A_49_1_A_45_1	0.0000	0.0000	-0.8333	0.2887	1	0.2560	2.8868	0.0039
B_70_1_B_67_1	A_62_1_A_58_1	0.1667	0.2887	-1.0000	0.0000	1	0.5893	4.0415	0.0001
B_70_1_B_67_1	B_105_0_A_182_1	0.1667	0.2887	-0.6667	0.2887	1	0.0168	2.0412	0.0412
B_70_1_B_67_1	B_114_1_B_104_1	0.0000	0.0000	0.6667	0.2887	1	-0.0893	-2.3094	0.0209
B_70_1_B_67_1	B_180_1_B_177_1	0.1667	0.2887	-0.8333	0.2887	1	0.1835	2.4495	0.0143
B_70_1_B_67_1	B_51_1_B_37_1	0.1667	0.2887	-0.6667	0.2887	1	0.0168	2.0412	0.0412
B_70_1_B_67_1	B_71_1_B_67_1	0.0000	0.0000	0.8333	0.2887	1	-0.2560	-2.8868	0.0039
B_70_1_B_67_1	B_91_1_B_87_1	-0.1667	0.2887	0.8333	0.2887	1	-0.1835	-2.4495	0.0143
B_70_1_B_67_1	B_93_0_B_89_1	0.1667	0.2887	-0.6667	0.2887	1	0.0168	2.0412	0.0412
B_70_1_B_67_1	C_105_1_A_51_1	0.0000	0.0000	-0.8333	0.2887	1	0.2560	2.8868	0.0039
B_71_1_B_67_1	A_130_0_A_150_1	0.1667	0.2887	-0.6667	0.2887	1	0.0168	2.0412	0.0412
B_71_1_B_67_1	A_140_1_A_144_1	0.0000	0.0000	0.6667	0.2887	1	-0.0893	-2.3094	0.0209
B_71_1_B_67_1	A_156_0_A_158_0	0.0000	0.0000	0.6667	0.2887	1	-0.0893	-2.3094	0.0209
B_71_1_B_67_1	A_30_1_A_29_0	0.3333	0.2887	-1.0000	0.0000	1	0.7560	4.6188	0.0000
B_71_1_B_67_1	A_44_0_A_133_1	0.1667	0.2887	-0.6667	0.2887	1	0.0168	2.0412	0.0412
B_71_1_B_67_1	B_70_1_B_67_1	0.0000	0.0000	0.8333	0.2887	1	-0.2560	-2.8868	0.0039
B_72_0_B_69_0	B_145_1_B_158_1	0.3333	0.5774	-1.0000	0.0000	1	0.1786	2.3094	0.0209
B_72_0_B_69_0	B_86_1_B_83_1	0.0000	0.0000	0.6667	0.2887	1	-0.0893	-2.3094	0.0209
B_72_0_B_69_0	C_106_0_A_55_0	0.1667	0.2887	-1.0000	0.0000	1	0.5893	4.0415	0.0001
B_73_1_B_69_1	A_140_1_A_144_1	0.0000	0.0000	-0.8333	0.2887	1	0.2560	2.8868	0.0039
B_73_1_B_69_1	B_86_1_B_82_1	0.0000	0.0000	-0.8333	0.2887	1	0.2560	2.8868	0.0039
B_73_1_B_69_1	B_86_1_B_83_1	0.0000	0.0000	0.8333	0.2887	1	-0.2560	-2.8868	0.0039
B_74_1_B_71_1	A_53_1_C_105_1	-0.8333	0.2887	0.0000	0.0000	1	-0.2560	-2.8868	0.0039
B_74_1_B_71_1	A_5_0_A_27_0	0.6667	0.2887	0.0000	0.0000	1	0.0893	2.3094	0.0209
B_74_1_B_71_1	B_149_0_A_28_1	0.8333	0.2887	0.0000	0.0000	1	0.2560	2.8868	0.0039
B_74_1_B_71_1	B_168_1_B_190_0	-0.6667	0.2887	0.0000	0.0000	1	-0.0893	-2.3094	0.0209
B_74_1_B_71_1	B_60_1_B_57_1	0.5000	0.0000	-0.1667	0.2887	1	0.0893	2.3094	0.0209
B_74_1_B_71_1	B_6_0_B_4_1	-0.8333	0.2887	0.0000	0.0000	1	-0.2560	-2.8868	0.0039
B_74_1_B_71_1	B_90_0_B_86_1	-0.6667	0.2887	0.0000	0.0000	1	-0.0893	-2.3094	0.0209
B_74_1_B_71_1	B_98_0_B_96_1	0.6667	0.2887	0.0000	0.0000	1	0.0893	2.3094	0.0209
B_80_0_B_76_1	A_143_0_B_36_0	0.6667	0.2887	0.0000	0.0000	1	0.0893	2.3094	0.0209
B_80_0_B_76_1	A_157_0_A_158_0	0.6667	0.2887	0.0000	0.0000	1	0.0893	2.3094	0.0209
B_80_0_B_76_1	A_30_1_A_29_0	-0.6667	0.2887	0.0000	0.0000	1	-0.0893	-2.3094	0.0209
B_80_0_B_76_1	A_50_0_A_47_0	0.6667	0.2887	0.0000	0.0000	1	0.0893	2.3094	0.0209
B_80_0_B_76_1	A_59_1_A_55_1	0.6667	0.2887	0.0000	0.0000	1	0.0893	2.3094	0.0209
B_80_0_B_76_1	A_59_1_A_56_1	-0.8333	0.2887	0.0000	0.0000	1	-0.2560	-2.8868	0.0039
B_80_0_B_76_1	A_68_1_A_65_1	0.8333	0.2887	0.0000	0.0000	1	0.2560	2.8868	0.0039
B_80_0_B_76_1	B_145_1_B_158_1	0.8333	0.2887	0.0000	0.0000	1	0.2560	2.8868	0.0039
B_80_0_B_76_1	B_157_0_B_146_1	0.6667	0.2887	0.0000	0.0000	1	0.0893	2.3094	0.0209
B_80_0_B_76_1	B_168_1_B_190_0	-0.5000	0.0000	0.0000	0.0000	1	-0.5000	-inf	0.0000
B_80_0_B_76_1	B_60_1_B_57_1	0.6667	0.2887	0.0000	0.0000	1	0.0893	2.3094	0.0209
B_80_0_B_76_1	B_62_1_B_58_1	0.6667	0.2887	0.0000	0.0000	1	0.0893	2.3094	0.0209
B_80_0_B_76_1	B_69_1_B_66_1	0.6667	0.2887	0.0000	0.0000	1	0.0893	2.3094	0.0209
B_80_0_B_76_1	B_80_0_B_76_1	1.0000	0.0000	0.0000	0.0000	1	1.0000	inf	0.0000
B_80_0_B_76_1	B_90_0_B_86_1	-0.8333	0.2887	0.0000	0.0000	1	-0.2560	-2.8868	0.0039
B_80_0_B_76_1	B_93_0_A_47_0	-0.6667	0.2887	0.0000	0.0000	1	-0.0893	-2.3094	0.0209
B_80_0_B_76_1	B_93_0_B_153_1	0.5000	0.0000	0.0000	0.0000	1	0.5000	inf	0.0000
B_80_0_B_76_1	B_96_1_B_96_0	0.6667	0.2887	0.0000	0.0000	1	0.0893	2.3094	0.0209
B_80_0_B_76_1	C_105_0_A_51_1	0.6667	0.2887	0.0000	0.0000	1	0.0893	2.3094	0.0209
B_81_0_C_106_1	C_106_0_A_55_0	-0.5000	0.5000	0.8333	0.2887	1	-0.1786	-2.3094	0.0209
B_83_0_B_87_0	A_130_0_A_150_1	0.0000	0.0000	0.6667	0.2887	1	-0.0893	-2.3094	0.0209
B_83_0_B_87_0	A_140_1_A_144_1	0.0000	0.0000	-0.6667	0.2887	1	0.0893	2.3094	0.0209
B_83_0_B_87_0	A_144_1_A_142_0	0.0000	0.0000	0.8333	0.2887	1	-0.2560	-2.8868	0.0039
B_83_0_B_87_0	A_156_0_A_158_0	0.0000	0.0000	-0.6667	0.2887	1	0.0893	2.3094	0.0209
B_83_0_B_87_0	A_44_0_A_133_1	0.0000	0.0000	0.6667	0.2887	1	-0.0893	-2.3094	0.0209
B_83_0_B_87_0	A_62_0_C_110_1	0.0000	0.0000	0.6667	0.2887	1	-0.0893	-2.3094	0.0209
B_83_0_B_87_0	A_71_1_A_67_1	0.0000	0.0000	0.8333	0.2887	1	-0.2560	-2.8868	0.0039
B_83_0_B_87_0	A_80_1_A_77_1	0.0000	0.0000	0.8333	0.2887	1	-0.2560	-2.8868	0.0039
B_83_0_B_87_0	B_114_1_B_104_1	0.0000	0.0000	-0.8333	0.2887	1	0.2560	2.8868	0.0039
B_83_0_B_87_0	B_48_0_B_47_1	0.0000	0.0000	0.8333	0.2887	1	-0.2560	-2.8868	0.0039
B_83_0_B_87_0	B_51_1_B_37_1	0.0000	0.0000	0.8333	0.2887	1	-0.2560	-2.8868	0.0039
B_83_0_B_87_0	B_60_1_B_57_1	0.0000	0.0000	-0.6667	0.2887	1	0.0893	2.3094	0.0209
B_83_0_B_87_0	B_83_0_B_87_0	0.0000	0.0000	1.0000	0.0000	1	-1.0000	-inf	0.0000
B_83_0_B_87_0	B_94_0_B_178_1	0.0000	0.0000	1.0000	0.0000	1	-1.0000	-inf	0.0000
B_86_1_B_82_1	A_140_1_A_144_1	0.0000	0.0000	0.6667	0.2887	1	-0.0893	-2.3094	0.0209
B_86_1_B_82_1	B_145_1_B_158_1	-0.1667	0.2887	0.6667	0.2887	1	-0.0168	-2.0412	0.0412
B_86_1_B_82_1	B_73_1_B_69_1	0.0000	0.0000	-0.8333	0.2887	1	0.2560	2.8868	0.0039
B_86_1_B_82_1	B_86_1_B_83_1	0.0000	0.0000	-1.0000	0.0000	1	1.0000	inf	0.0000
B_86_1_B_83_1	A_140_1_A_144_1	0.0000	0.0000	-0.6667	0.2887	1	0.0893	2.3094	0.0209
B_86_1_B_83_1	A_17_1_A_17_0	0.0000	0.0000	-0.6667	0.2887	1	0.0893	2.3094	0.0209
B_86_1_B_83_1	B_145_1_B_158_1	0.0000	0.0000	-0.6667	0.2887	1	0.0893	2.3094	0.0209
B_86_1_B_83_1	B_72_0_B_69_0	0.0000	0.0000	0.6667	0.2887	1	-0.0893	-2.3094	0.0209
B_86_1_B_83_1	B_73_1_B_69_1	0.0000	0.0000	0.8333	0.2887	1	-0.2560	-2.8868	0.0039
B_86_1_B_83_1	B_86_1_B_82_1	0.0000	0.0000	-1.0000	0.0000	1	1.0000	inf	0.0000
B_86_1_B_83_1	B_86_1_B_83_1	0.0000	0.0000	1.0000	0.0000	1	-1.0000	-inf	0.0000
B_86_1_B_83_1	C_106_0_A_55_0	0.0000	0.0000	-0.6667	0.2887	1	0.0893	2.3094	0.0209
B_89_1_B_86_1	A_118_0_A_166_0	0.5000	0.0000	-0.1667	0.2887	1	0.0893	2.3094	0.0209
B_89_1_B_86_1	A_44_0_A_134_1	0.6667	0.2887	-0.1667	0.2887	1	0.0168	2.0412	0.0412
B_89_1_B_86_1	A_44_0_A_30_0	0.6667	0.2887	-0.5000	0.5000	1	0.0120	2.0207	0.0433
B_89_1_B_86_1	A_59_1_A_55_1	0.5000	0.0000	0.0000	0.0000	1	0.5000	inf	0.0000
B_89_1_B_86_1	B_142_1_B_139_1	0.6667	0.2887	0.0000	0.0000	1	0.0893	2.3094	0.0209
B_89_1_B_86_1	B_179_0_B_95_1	-0.5000	0.0000	0.3333	0.2887	1	-0.2560	-2.8868	0.0039
B_89_1_B_86_1	B_36_1_B_35_0	0.5000	0.0000	0.0000	0.0000	1	0.5000	inf	0.0000
B_89_1_B_86_1	B_43_1_B_41_0	-0.5000	0.0000	0.0000	0.0000	1	-0.5000	-inf	0.0000
B_89_1_B_86_1	B_92_0_B_87_0	0.5000	0.0000	0.0000	0.0000	1	0.5000	inf	0.0000
B_90_0_B_86_1	A_157_0_A_158_0	-0.5000	0.0000	0.1667	0.2887	1	-0.0893	-2.3094	0.0209
B_90_0_B_86_1	A_164_0_A_120_0	-0.5000	0.0000	0.0000	0.0000	1	-0.5000	-inf	0.0000
B_90_0_B_86_1	A_53_1_C_105_1	0.5000	0.0000	0.0000	0.0000	1	0.5000	inf	0.0000
B_90_0_B_86_1	A_59_1_A_55_1	-0.5000	0.0000	0.0000	0.0000	1	-0.5000	-inf	0.0000
B_90_0_B_86_1	A_68_1_A_65_1	-0.6667	0.2887	0.1667	0.2887	1	-0.0168	-2.0412	0.0412
B_90_0_B_86_1	B_149_0_A_28_1	-0.5000	0.0000	0.1667	0.2887	1	-0.0893	-2.3094	0.0209
B_90_0_B_86_1	B_35_1_B_33_1	-0.5000	0.0000	0.0000	0.0000	1	-0.5000	-inf	0.0000
B_90_0_B_86_1	B_60_1_B_57_1	-0.8333	0.2887	0.1667	0.2887	1	-0.1835	-2.4495	0.0143
B_90_0_B_86_1	B_62_1_B_58_1	-0.8333	0.2887	0.1667	0.2887	1	-0.1835	-2.4495	0.0143
B_90_0_B_86_1	B_69_1_B_66_1	-0.5000	0.0000	0.0000	0.0000	1	-0.5000	-inf	0.0000
B_90_0_B_86_1	B_6_0_B_4_1	0.8333	0.2887	0.0000	0.0000	1	0.2560	2.8868	0.0039
B_90_0_B_86_1	B_74_1_B_71_1	-0.6667	0.2887	0.0000	0.0000	1	-0.0893	-2.3094	0.0209
B_90_0_B_86_1	B_80_0_B_76_1	-0.8333	0.2887	0.0000	0.0000	1	-0.2560	-2.8868	0.0039
B_90_0_B_86_1	B_96_1_B_96_0	-0.8333	0.2887	0.0000	0.0000	1	-0.2560	-2.8868	0.0039
B_90_0_B_86_1	C_105_0_A_51_1	-0.5000	0.0000	0.0000	0.0000	1	-0.5000	-inf	0.0000
B_90_1_B_86_1	A_5_1_B_17_1	0.8333	0.2887	0.0000	0.0000	1	0.2560	2.8868	0.0039
B_90_1_B_86_1	A_66_1_A_62_1	0.5000	0.0000	0.0000	0.0000	1	0.5000	inf	0.0000
B_90_1_B_86_1	A_99_1_A_98_0	-0.6667	0.2887	0.0000	0.0000	1	-0.0893	-2.3094	0.0209
B_90_1_B_86_1	B_130_0_B_128_0	0.8333	0.2887	-0.1667	0.2887	1	0.1835	2.4495	0.0143
B_90_1_B_86_1	B_157_0_B_146_1	0.6667	0.2887	0.0000	0.0000	1	0.0893	2.3094	0.0209
B_90_1_B_86_1	B_25_0_B_41_0	-1.0000	0.0000	0.0000	0.0000	1	-1.0000	-inf	0.0000
B_90_1_B_86_1	B_36_1_B_35_0	0.6667	0.2887	0.0000	0.0000	1	0.0893	2.3094	0.0209
B_90_1_B_86_1	B_67_1_B_64_1	0.6667	0.2887	-0.1667	0.2887	1	0.0168	2.0412	0.0412
B_90_1_B_86_1	B_92_0_B_87_0	0.6667	0.2887	0.0000	0.0000	1	0.0893	2.3094	0.0209
B_91_1_B_87_1	A_121_0_A_149_0	0.0000	0.0000	0.8333	0.2887	1	-0.2560	-2.8868	0.0039
B_91_1_B_87_1	A_130_0_A_150_1	0.1667	0.2887	-0.6667	0.2887	1	0.0168	2.0412	0.0412
B_91_1_B_87_1	A_156_0_A_158_0	0.0000	0.0000	0.6667	0.2887	1	-0.0893	-2.3094	0.0209
B_91_1_B_87_1	A_44_0_A_133_1	0.0000	0.0000	-0.6667	0.2887	1	0.0893	2.3094	0.0209
B_91_1_B_87_1	A_49_1_A_45_1	0.0000	0.0000	-0.6667	0.2887	1	0.0893	2.3094	0.0209
B_91_1_B_87_1	A_62_1_A_58_1	0.1667	0.2887	-0.8333	0.2887	1	0.1835	2.4495	0.0143
B_91_1_B_87_1	B_180_1_B_177_1	0.1667	0.2887	-0.6667	0.2887	1	0.0168	2.0412	0.0412
B_91_1_B_87_1	B_70_1_B_67_1	-0.1667	0.2887	0.8333	0.2887	1	-0.1835	-2.4495	0.0143
B_91_1_B_87_1	B_93_0_B_89_1	0.1667	0.2887	-0.8333	0.2887	1	0.1835	2.4495	0.0143
B_91_1_B_87_1	C_105_1_A_51_1	0.0000	0.0000	-0.6667	0.2887	1	0.0893	2.3094	0.0209
B_92_0_B_87_0	A_59_1_A_55_1	-0.5000	0.0000	0.0000	0.0000	1	-0.5000	-inf	0.0000
B_92_0_B_87_0	A_5_1_B_17_1	0.5000	0.0000	0.0000	0.0000	1	0.5000	inf	0.0000
B_92_0_B_87_0	A_66_1_A_62_1	0.8333	0.2887	0.0000	0.0000	1	0.2560	2.8868	0.0039
B_92_0_B_87_0	A_68_1_A_65_1	-0.6667	0.2887	0.0000	0.0000	1	-0.0893	-2.3094	0.0209
B_92_0_B_87_0	A_99_1_A_98_0	-0.6667	0.2887	0.0000	0.0000	1	-0.0893	-2.3094	0.0209
B_92_0_B_87_0	B_130_0_B_128_0	0.5000	0.0000	0.0000	0.0000	1	0.5000	inf	0.0000
B_92_0_B_87_0	B_23_1_B_22_0	-0.6667	0.2887	0.0000	0.0000	1	-0.0893	-2.3094	0.0209
B_92_0_B_87_0	B_25_0_B_41_0	-0.6667	0.2887	0.0000	0.0000	1	-0.0893	-2.3094	0.0209
B_92_0_B_87_0	B_35_1_B_33_1	-0.5000	0.0000	0.0000	0.0000	1	-0.5000	-inf	0.0000
B_92_0_B_87_0	B_60_1_B_57_1	-0.8333	0.2887	0.0000	0.0000	1	-0.2560	-2.8868	0.0039
B_92_0_B_87_0	B_62_1_B_58_1	-0.8333	0.2887	0.0000	0.0000	1	-0.2560	-2.8868	0.0039
B_92_0_B_87_0	B_69_1_B_66_1	-0.5000	0.0000	0.0000	0.0000	1	-0.5000	-inf	0.0000
B_92_0_B_87_0	B_89_1_B_86_1	0.5000	0.0000	0.0000	0.0000	1	0.5000	inf	0.0000
B_92_0_B_87_0	B_90_1_B_86_1	0.6667	0.2887	0.0000	0.0000	1	0.0893	2.3094	0.0209
B_92_0_B_87_0	B_92_0_B_87_0	1.0000	0.0000	0.0000	0.0000	1	1.0000	inf	0.0000
B_92_0_B_87_0	B_96_1_B_96_0	-0.8333	0.2887	0.0000	0.0000	1	-0.2560	-2.8868	0.0039
B_92_0_B_87_0	C_105_0_A_51_1	-0.5000	0.0000	0.0000	0.0000	1	-0.5000	-inf	0.0000
B_93_0_A_47_0	A_157_0_A_158_0	-0.6667	0.2887	0.5000	0.5000	1	-0.0120	-2.0207	0.0433
B_93_0_A_47_0	A_38_1_A_35_1	-0.6667	0.2887	0.1667	0.2887	1	-0.0168	-2.0412	0.0412
B_93_0_A_47_0	A_50_1_A_47_1	-0.5000	0.0000	0.1667	0.2887	1	-0.0893	-2.3094	0.0209
B_93_0_A_47_0	A_59_1_A_56_1	0.8333	0.2887	0.0000	0.0000	1	0.2560	2.8868	0.0039
B_93_0_A_47_0	A_5_1_B_17_1	-0.8333	0.2887	0.0000	0.0000	1	-0.2560	-2.8868	0.0039
B_93_0_A_47_0	A_99_1_A_98_0	0.6667	0.2887	0.0000	0.0000	1	0.0893	2.3094	0.0209
B_93_0_A_47_0	B_157_0_B_146_1	-1.0000	0.0000	0.0000	0.0000	1	-1.0000	-inf	0.0000
B_93_0_A_47_0	B_25_0_B_41_0	0.6667	0.2887	0.0000	0.0000	1	0.0893	2.3094	0.0209
B_93_0_A_47_0	B_26_1_B_42_0	0.8333	0.2887	-0.1667	0.2887	1	0.1835	2.4495	0.0143
B_93_0_A_47_0	B_80_0_B_76_1	-0.6667	0.2887	0.0000	0.0000	1	-0.0893	-2.3094	0.0209
B_93_0_A_47_0	C_105_0_A_51_1	-0.6667	0.2887	0.0000	0.0000	1	-0.0893	-2.3094	0.0209
B_93_0_A_47_0	C_117_1_C_114_1	0.6667	0.2887	0.0000	0.0000	1	0.0893	2.3094	0.0209
B_93_0_B_153_1	A_53_1_C_105_1	0.6667	0.2887	0.0000	0.0000	1	0.0893	2.3094	0.0209
B_93_0_B_153_1	A_57_0_A_55_0	-0.6667	0.2887	0.0000	0.0000	1	-0.0893	-2.3094	0.0209
B_93_0_B_153_1	A_59_1_A_56_1	-0.6667	0.2887	0.0000	0.0000	1	-0.0893	-2.3094	0.0209
B_93_0_B_153_1	A_5_1_B_17_1	0.6667	0.2887	0.0000	0.0000	1	0.0893	2.3094	0.0209
B_93_0_B_153_1	A_66_1_A_62_1	-0.5000	0.0000	0.0000	0.0000	1	-0.5000	-inf	0.0000
B_93_0_B_153_1	B_123_1_B_95_1	-0.6667	0.2887	0.1667	0.2887	1	-0.0168	-2.0412	0.0412
B_93_0_B_153_1	B_145_1_B_158_1	0.6667	0.2887	-0.1667	0.2887	1	0.0168	2.0412	0.0412
B_93_0_B_153_1	B_157_0_B_146_1	0.8333	0.2887	0.0000	0.0000	1	0.2560	2.8868	0.0039
B_93_0_B_153_1	B_25_0_B_41_0	-0.5000	0.0000	0.0000	0.0000	1	-0.5000	-inf	0.0000
B_93_0_B_153_1	B_26_1_B_42_0	-0.6667	0.2887	0.0000	0.0000	1	-0.0893	-2.3094	0.0209
B_93_0_B_153_1	B_80_0_B_76_1	0.5000	0.0000	0.0000	0.0000	1	0.5000	inf	0.0000
B_93_0_B_153_1	C_105_0_A_51_1	0.8333	0.2887	0.0000	0.0000	1	0.2560	2.8868	0.0039
B_93_0_B_153_1	C_117_1_C_114_1	-0.5000	0.0000	0.0000	0.0000	1	-0.5000	-inf	0.0000
B_93_0_B_89_1	A_121_0_A_149_0	0.0000	0.0000	-0.6667	0.2887	1	0.0893	2.3094	0.0209
B_93_0_B_89_1	B_70_1_B_67_1	0.1667	0.2887	-0.6667	0.2887	1	0.0168	2.0412	0.0412
B_93_0_B_89_1	B_91_1_B_87_1	0.1667	0.2887	-0.8333	0.2887	1	0.1835	2.4495	0.0143
B_93_0_B_89_1	C_105_1_A_51_1	0.0000	0.0000	0.8333	0.2887	1	-0.2560	-2.8868	0.0039
B_94_0_B_178_1	A_140_1_A_144_1	0.0000	0.0000	-0.6667	0.2887	1	0.0893	2.3094	0.0209
B_94_0_B_178_1	A_156_0_A_158_0	0.0000	0.0000	-0.6667	0.2887	1	0.0893	2.3094	0.0209
B_94_0_B_178_1	A_44_0_A_133_1	-0.1667	0.2887	0.6667	0.2887	1	-0.0168	-2.0412	0.0412
B_94_0_B_178_1	A_80_1_A_77_1	-0.5000	0.5000	0.8333	0.2887	1	-0.1786	-2.3094	0.0209
B_94_0_B_178_1	B_48_0_B_47_1	-0.1667	0.2887	0.8333	0.2887	1	-0.1835	-2.4495	0.0143
B_94_0_B_178_1	B_51_1_B_37_1	-0.3333	0.2887	0.8333	0.2887	1	-0.3502	-2.8577	0.0043
B_94_0_B_178_1	B_83_0_B_87_0	0.0000	0.0000	1.0000	0.0000	1	-1.0000	-inf	0.0000
B_96_1_B_96_0	A_59_1_A_55_1	0.6667	0.2887	0.0000	0.0000	1	0.0893	2.3094	0.0209
B_96_1_B_96_0	A_66_1_A_62_1	-0.6667	0.2887	0.0000	0.0000	1	-0.0893	-2.3094	0.0209
B_96_1_B_96_0	A_99_1_A_98_0	0.5000	0.0000	0.0000	0.0000	1	0.5000	inf	0.0000
B_96_1_B_96_0	B_35_1_B_33_1	0.6667	0.2887	-0.1667	0.2887	1	0.0168	2.0412	0.0412
B_96_1_B_96_0	B_60_1_B_57_1	1.0000	0.0000	0.1667	0.2887	1	0.2560	2.8868	0.0039
B_96_1_B_96_0	B_62_1_B_58_1	1.0000	0.0000	-0.3333	0.5774	1	0.1786	2.3094	0.0209
B_96_1_B_96_0	B_6_0_B_4_1	-0.6667	0.2887	0.0000	0.0000	1	-0.0893	-2.3094	0.0209
B_96_1_B_96_0	B_80_0_B_76_1	0.6667	0.2887	0.0000	0.0000	1	0.0893	2.3094	0.0209
B_96_1_B_96_0	B_90_0_B_86_1	-0.8333	0.2887	0.0000	0.0000	1	-0.2560	-2.8868	0.0039
B_96_1_B_96_0	B_92_0_B_87_0	-0.8333	0.2887	0.0000	0.0000	1	-0.2560	-2.8868	0.0039
B_96_1_B_96_0	C_105_0_A_51_1	0.6667	0.2887	0.0000	0.0000	1	0.0893	2.3094	0.0209
B_98_0_B_96_1	A_38_1_A_35_1	-0.6667	0.2887	0.0000	0.0000	1	-0.0893	-2.3094	0.0209
B_98_0_B_96_1	A_99_1_A_98_0	0.6667	0.2887	0.0000	0.0000	1	0.0893	2.3094	0.0209
B_98_0_B_96_1	B_67_1_B_64_1	-0.6667	0.2887	0.0000	0.0000	1	-0.0893	-2.3094	0.0209
B_98_0_B_96_1	B_74_1_B_71_1	0.6667	0.2887	0.0000	0.0000	1	0.0893	2.3094	0.0209
C_105_0_A_51_1	A_143_0_B_36_0	0.6667	0.2887	0.0000	0.0000	1	0.0893	2.3094	0.0209
C_105_0_A_51_1	A_50_0_A_47_0	0.6667	0.2887	0.0000	0.0000	1	0.0893	2.3094	0.0209
C_105_0_A_51_1	A_53_1_C_105_1	0.5000	0.0000	0.0000	0.0000	1	0.5000	inf	0.0000
C_105_0_A_51_1	A_57_0_A_55_0	-0.5000	0.0000	0.0000	0.0000	1	-0.5000	-inf	0.0000
C_105_0_A_51_1	A_68_1_A_65_1	0.8333	0.2887	0.0000	0.0000	1	0.2560	2.8868	0.0039
C_105_0_A_51_1	A_6_1_A_27_0	-0.5000	0.0000	0.0000	0.0000	1	-0.5000	-inf	0.0000
C_105_0_A_51_1	B_134_0_B_169_0	0.5000	0.0000	0.0000	0.0000	1	0.5000	inf	0.0000
C_105_0_A_51_1	B_149_0_A_28_1	-0.5000	0.0000	0.0000	0.0000	1	-0.5000	-inf	0.0000
C_105_0_A_51_1	B_157_0_B_146_1	0.6667	0.2887	0.0000	0.0000	1	0.0893	2.3094	0.0209
C_105_0_A_51_1	B_168_1_B_190_1	-0.5000	0.0000	0.0000	0.0000	1	-0.5000	-inf	0.0000
C_105_0_A_51_1	B_43_1_B_41_0	0.5000	0.0000	0.0000	0.0000	1	0.5000	inf	0.0000
C_105_0_A_51_1	B_80_0_B_76_1	0.6667	0.2887	0.0000	0.0000	1	0.0893	2.3094	0.0209
C_105_0_A_51_1	B_90_0_B_86_1	-0.5000	0.0000	0.0000	0.0000	1	-0.5000	-inf	0.0000
C_105_0_A_51_1	B_92_0_B_87_0	-0.5000	0.0000	0.0000	0.0000	1	-0.5000	-inf	0.0000
C_105_0_A_51_1	B_93_0_A_47_0	-0.6667	0.2887	0.0000	0.0000	1	-0.0893	-2.3094	0.0209
C_105_0_A_51_1	B_93_0_B_153_1	0.8333	0.2887	0.0000	0.0000	1	0.2560	2.8868	0.0039
C_105_0_A_51_1	B_96_1_B_96_0	0.6667	0.2887	0.0000	0.0000	1	0.0893	2.3094	0.0209
C_105_0_A_51_1	C_117_1_C_114_1	-0.6667	0.2887	0.0000	0.0000	1	-0.0893	-2.3094	0.0209
C_105_1_A_51_1	A_49_1_A_45_1	-0.1667	0.2887	1.0000	0.0000	1	-0.5893	-4.0415	0.0001
C_105_1_A_51_1	A_62_1_A_58_1	-0.1667	0.2887	0.8333	0.2887	1	-0.1835	-2.4495	0.0143
C_105_1_A_51_1	B_180_1_B_177_1	0.0000	0.0000	1.0000	0.0000	1	-1.0000	-inf	0.0000
C_105_1_A_51_1	B_70_1_B_67_1	0.0000	0.0000	-0.8333	0.2887	1	0.2560	2.8868	0.0039
C_105_1_A_51_1	B_91_1_B_87_1	0.0000	0.0000	-0.6667	0.2887	1	0.0893	2.3094	0.0209
C_105_1_A_51_1	B_93_0_B_89_1	0.0000	0.0000	0.8333	0.2887	1	-0.2560	-2.8868	0.0039
C_106_0_A_55_0	A_17_1_A_17_0	-0.3333	0.2887	1.0000	0.0000	1	-0.7560	-4.6188	0.0000
C_106_0_A_55_0	A_68_1_A_64_1	-0.3333	0.2887	0.8333	0.2887	1	-0.3502	-2.8577	0.0043
C_106_0_A_55_0	B_72_0_B_69_0	0.1667	0.2887	-1.0000	0.0000	1	0.5893	4.0415	0.0001
C_106_0_A_55_0	B_81_0_C_106_1	-0.5000	0.5000	0.8333	0.2887	1	-0.1786	-2.3094	0.0209
C_106_0_A_55_0	B_86_1_B_83_1	0.0000	0.0000	-0.6667	0.2887	1	0.0893	2.3094	0.0209
C_117_1_C_114_1	A_143_0_B_36_0	-0.6667	0.2887	0.0000	0.0000	1	-0.0893	-2.3094	0.0209
C_117_1_C_114_1	A_150_1_A_149_0	0.8333	0.2887	0.0000	0.0000	1	0.2560	2.8868	0.0039
C_117_1_C_114_1	A_157_0_A_158_0	-0.6667	0.2887	0.0000	0.0000	1	-0.0893	-2.3094	0.0209
C_117_1_C_114_1	A_158_1_A_156_0	0.6667	0.2887	0.0000	0.0000	1	0.0893	2.3094	0.0209
C_117_1_C_114_1	A_44_0_B_152_0	-0.6667	0.2887	0.0000	0.0000	1	-0.0893	-2.3094	0.0209
C_117_1_C_114_1	A_50_0_A_47_0	-0.6667	0.2887	0.0000	0.0000	1	-0.0893	-2.3094	0.0209
C_117_1_C_114_1	A_5_1_B_17_1	-0.8333	0.2887	0.0000	0.0000	1	-0.2560	-2.8868	0.0039
C_117_1_C_114_1	A_99_1_A_98_0	0.6667	0.2887	0.0000	0.0000	1	0.0893	2.3094	0.0209
C_117_1_C_114_1	B_142_1_B_139_1	-0.8333	0.2887	0.0000	0.0000	1	-0.2560	-2.8868	0.0039
C_117_1_C_114_1	B_157_0_B_146_1	-0.6667	0.2887	0.0000	0.0000	1	-0.0893	-2.3094	0.0209
C_117_1_C_114_1	B_51_1_B_37_1	0.8333	0.2887	0.0000	0.0000	1	0.2560	2.8868	0.0039
C_117_1_C_114_1	B_93_0_A_47_0	0.6667	0.2887	0.0000	0.0000	1	0.0893	2.3094	0.0209
C_117_1_C_114_1	B_93_0_B_153_1	-0.5000	0.0000	0.0000	0.0000	1	-0.5000	-inf	0.0000
C_117_1_C_114_1	C_105_0_A_51_1	-0.6667	0.2887	0.0000	0.0000	1	-0.0893	-2.3094	0.0209
C_117_1_C_114_1	C_117_1_C_114_1	1.0000	0.0000	0.0000	0.0000	1	1.0000	inf	0.0000
