seg1	res1	rnm1	bb1	seg2	res2	rnm2	bb2	WT.pcca2	bN82A.pcca2	aT41A.pcca1
A	4	GLU	1	A	4	GLU	1	"(array([0. , 0.1, 0.2, 0.3, 0.4, 0.5, 0.6, 0.7, 0.8, 0.9, 1. ]), array([8.88888889, 0.        , 0.        , 0.        , 0.        ,
       0.        , 0.        , 0.        , 0.        , 1.11111111]), array([1.9245009, 0.       , 0.       , 0.       , 0.       , 0.       ,
       0.       , 0.       , 0.       , 1.9245009]))"	0	0
A	5	HIP	1	B	17	PHE	1	"(array([0. , 0.1, 0.2, 0.3, 0.4, 0.5, 0.6, 0.7, 0.8, 0.9, 1. ]), array([1.11111111, 0.        , 0.        , 0.        , 0.        ,
       0.        , 0.        , 0.        , 0.        , 8.88888889]), array([1.9245009, 0.       , 0.       , 0.       , 0.       , 0.       ,
       0.       , 0.       , 0.       , 1.9245009]))"	"(array([0. , 0.1, 0.2, 0.3, 0.4, 0.5, 0.6, 0.7, 0.8, 0.9, 1. ]), array([2.22222222, 0.        , 0.        , 0.        , 0.        ,
       0.        , 0.        , 0.        , 0.        , 7.77777778]), array([1.9245009, 0.       , 0.       , 0.       , 0.       , 0.       ,
       0.       , 0.       , 0.       , 1.9245009]))"	"(array([0. , 0.1, 0.2, 0.3, 0.4, 0.5, 0.6, 0.7, 0.8, 0.9, 1. ]), array([3.33333333, 0.        , 0.        , 0.        , 0.        ,
       0.        , 0.        , 0.        , 0.        , 6.66666667]), array([0., 0., 0., 0., 0., 0., 0., 0., 0., 0.]))"
