rgn1	rgn2	aT41A.pcca1	aT41A.pcca1	WT.pcca2	WT.pcca2	lsdm	sdiff	score	pval
		mf	sf	mf	sf				
a1_0	b1_8	0.2568	0.2803	-0.3753	0.0980	1	0.0382	2.1288	0.0333
a1_10	a2_12	-0.2896	0.3353	0.6833	0.3151	1	-0.0525	-2.1141	0.0345
a1_11	b1_18	-0.7477	0.1729	0.0081	0.1377	1	-0.3137	-3.4195	0.0006
a1_13	b2_16	0.4774	0.1680	-0.2502	0.0889	1	0.3475	3.8282	0.0001
a1_16	a2_32	0.3204	0.1639	-0.0149	0.0210	1	0.0048	2.0288	0.0425
a1_16	b1_3	0.3518	0.1681	-0.0038	0.0054	1	0.0194	2.1152	0.0344
a1_17	b1_25	0.2300	0.1305	-0.3411	0.2257	1	0.0497	2.1907	0.0285
a1_17	b2_16	0.4025	0.2139	-0.2219	0.1225	1	0.1313	2.5328	0.0113
a1_18	b1_17	0.7316	0.3863	-0.0857	0.1061	1	0.0161	2.0403	0.0413
a1_24	a2_5	0.2299	0.0747	-0.1186	0.1261	1	0.0554	2.3778	0.0174
a1_24	b1_12	0.6867	0.0936	-0.7235	0.5751	1	0.2449	2.4204	0.0155
a1_6	b1_5	0.0688	0.1015	-0.2311	0.0227	1	0.0918	2.8818	0.0040
a1_7	b1_17	-0.1929	0.0542	-0.0108	0.0329	1	-0.0552	-2.8715	0.0041
a2_12	b1_10	-0.0587	0.0323	-0.6600	0.2644	1	0.0686	2.2574	0.0240
a2_12	b1_18	-0.1987	0.1297	0.5511	0.1943	1	-0.2827	-3.2106	0.0013
a2_12	b1_21	0.0207	0.0293	-0.2130	0.1071	1	0.0117	2.1057	0.0352
a2_13	b1_4	-0.3140	0.1652	0.2456	0.0909	1	-0.1824	-2.9671	0.0030
a2_18	b1_5	-0.4459	0.2903	0.7952	0.4805	1	-0.1183	-2.2106	0.0271
a2_23	b2_7	-0.8769	0.4456	0.1003	0.0543	1	-0.0794	-2.1768	0.0295
a2_27	a2_30	-0.2258	0.1199	0.0808	0.0949	1	-0.0007	-2.0048	0.0450
a2_27	b2_30	-0.2789	0.1467	0.1372	0.0721	1	-0.0893	-2.5462	0.0109
a2_30	b1_26	0.5783	0.1627	0.0744	0.0380	1	0.1698	3.0163	0.0026
a2_4	a2_24	0.0313	0.1289	-0.5668	0.0406	1	0.3279	4.4267	0.0000
a2_5	b1_25	0.4860	0.1912	-0.1748	0.2295	1	0.0634	2.2122	0.0270
a2_5	b2_9	0.4892	0.2596	-0.1542	0.1634	1	0.0299	2.0976	0.0359
a2_6	b1_18	-0.2794	0.0800	0.0255	0.0536	1	-0.1123	-3.1657	0.0015
a2_6	b1_4	-0.6317	0.1367	0.0039	0.0410	1	-0.3502	-4.4549	0.0000
a2_7	b1_10	-0.0462	0.1321	0.6268	0.1884	1	-0.2128	-2.9248	0.0034
a2_7	b2_0	0.1276	0.1840	-0.4263	0.1626	1	0.0628	2.2555	0.0241
a2_8	a2_18	-0.0803	0.0466	0.4627	0.1297	1	-0.2674	-3.9404	0.0001
a2_8	b1_14	0.0744	0.1052	-1.0638	0.4763	1	0.1625	2.3332	0.0196
a2_9	b2_24	0.6674	0.4362	-0.5112	0.1753	1	0.2383	2.5070	0.0122
b1_14	b2_11	0.0806	0.1140	0.8549	0.2216	1	-0.2759	-3.1069	0.0019
b1_2	b2_1	-0.1004	0.0655	0.3082	0.1560	1	-0.0703	-2.4157	0.0157
b1_20	b2_16	0.4543	0.3418	-0.7905	0.4673	1	0.0868	2.1500	0.0316
b1_25	b1_29	-0.6005	0.1738	0.0031	0.0836	1	-0.2178	-3.1294	0.0018
b1_25	b2_28	-0.3085	0.1934	0.1798	0.0666	1	-0.0793	-2.3875	0.0170
b1_29	b2_13	0.5022	0.1081	0.0387	0.0547	1	0.2212	3.8253	0.0001
b1_5	b2_11	-0.0844	0.1194	1.8564	0.9148	1	-0.0957	-2.1037	0.0354
b1_8	b1_14	-0.0870	0.0436	0.7801	0.4313	1	-0.0003	-2.0006	0.0454
b1_8	b2_8	-0.6579	0.2566	0.3545	0.1948	1	-0.3681	-3.1425	0.0017
b2_0	b2_16	0.3333	0.2450	-0.2598	0.1419	1	0.0269	2.0952	0.0362
b2_1	b2_16	0.3611	0.2599	-0.6173	0.3696	1	0.0748	2.1655	0.0303
b2_11	b2_11	0.0421	0.0596	-0.5465	0.2738	1	0.0282	2.1006	0.0357
b2_12	c2_3	0.5459	0.1376	-0.0410	0.0339	1	0.3034	4.1408	0.0000
b2_13	b2_13	-0.0067	0.0095	0.1694	0.0849	1	-0.0053	-2.0616	0.0392
b2_22	c2_3	-0.4719	0.1766	0.0110	0.0155	1	-0.1284	-2.7245	0.0064
b2_7	b2_20	-0.3329	0.1769	0.1194	0.0793	1	-0.0646	-2.3334	0.0196
b2_7	b2_24	-0.6941	0.3969	0.1218	0.0736	1	-0.0086	-2.0212	0.0433
