rgn1	rgn2	bN82A.pcca2	bN82A.pcca2	WT.pcca2	WT.pcca2	lsdm	sdiff	score	pval
		mf	sf	mf	sf				
a1_0	b1_8	-0.0002	0.0002	-0.3753	0.0980	1	0.1792	3.8291	0.0001
a1_0	b2_20	0.0001	0.0001	0.1636	0.0536	1	-0.0564	-3.0529	0.0023
a1_10	a2_1	-0.3009	0.1507	0.1592	0.0849	1	-0.1143	-2.6607	0.0078
a1_10	a2_21	0.2531	0.1119	-0.4674	0.2775	1	0.1221	2.4081	0.0160
a1_17	a1_21	-0.3188	0.1595	0.0840	0.0700	1	-0.0545	-2.3129	0.0207
a1_18	b1_29	0.1323	0.0495	-0.0123	0.0174	1	0.0397	2.7568	0.0058
a1_20	a2_32	-0.0816	0.1154	0.4032	0.2054	1	-0.0136	-2.0577	0.0396
a1_6	b1_29	0.6798	0.1943	-0.1180	0.0661	1	0.3873	3.8872	0.0001
a1_6	b2_20	-0.6294	0.1704	0.0612	0.2348	1	-0.1104	-2.3805	0.0173
a1_8	a1_20	-0.0138	0.0196	0.1448	0.0766	1	-0.0004	-2.0056	0.0449
a1_8	a1_27	0.4253	0.1896	0.0354	0.0198	1	0.0086	2.0453	0.0408
a1_8	b1_0	0.5415	0.1036	-0.0297	0.0959	1	0.2890	4.0476	0.0001
a2_12	a2_21	-0.5153	0.2752	0.4715	0.2916	1	-0.1849	-2.4610	0.0139
a2_12	b2_29	-0.1725	0.0979	0.1119	0.0596	1	-0.0552	-2.4821	0.0131
a2_13	c2_3	-0.3983	0.2771	0.2481	0.1162	1	-0.0455	-2.1514	0.0314
a2_15	b1_26	0.0229	0.0324	0.2136	0.0876	1	-0.0038	-2.0404	0.0413
a2_15	b2_6	-0.0297	0.0419	-0.4413	0.1289	1	0.1405	3.0368	0.0024
a2_15	b2_8	0.0227	0.0320	-0.1434	0.0727	1	0.0070	2.0887	0.0367
a2_15	b2_9	0.0230	0.0326	0.2100	0.0835	1	-0.0077	-2.0859	0.0370
a2_18	a2_27	1.0616	0.3705	-0.0261	0.2776	1	0.1618	2.3495	0.0188
a2_21	a2_25	0.2461	0.1192	-0.3163	0.2456	1	0.0165	2.0603	0.0394
a2_21	a2_27	-0.6556	0.1284	0.1422	0.2393	1	-0.2546	-2.9377	0.0033
a2_21	b1_10	-0.7512	0.4943	0.5860	0.3628	1	-0.1109	-2.1809	0.0292
a2_22	b2_12	-0.0919	0.0461	0.0207	0.0293	1	-0.0035	-2.0640	0.0390
a2_23	b2_15	0.3861	0.1999	-0.0728	0.1029	1	0.0092	2.0409	0.0413
a2_23	b2_17	0.7824	0.1218	-0.1192	0.1712	1	0.4815	4.2921	0.0000
a2_23	b2_20	1.2503	0.6329	-0.2079	0.2597	1	0.0899	2.1314	0.0331
a2_24	b2_16	0.4642	0.2550	-0.3486	0.2722	1	0.0669	2.1793	0.0293
a2_24	b2_22	1.4476	0.5907	0.0419	0.0592	1	0.2185	2.3681	0.0179
a2_28	b1_12	-0.1577	0.0145	0.1396	0.0775	1	-0.1397	-3.7729	0.0002
a2_28	b2_22	-0.1106	0.0310	-0.0165	0.0233	1	-0.0166	-2.4282	0.0152
a2_29	b1_22	-0.4304	0.1948	0.3495	0.3173	1	-0.0353	-2.0947	0.0362
a2_3	b2_22	0.4306	0.1336	-0.0362	0.0512	1	0.1807	3.2632	0.0011
a2_4	b2_5	-0.3651	0.1039	0.4923	0.1702	1	-0.4585	-4.2994	0.0000
b1_0	b1_20	-0.7302	0.0316	0.4265	0.4580	1	-0.2386	-2.5198	0.0117
b1_14	b2_11	0.0237	0.3313	0.8549	0.2216	1	-0.0339	-2.0850	0.0371
b1_14	b2_22	0.4186	0.1589	-0.0252	0.0356	1	0.1182	2.7258	0.0064
b1_2	b1_23	-1.0107	0.4575	0.1211	0.2706	1	-0.0688	-2.1294	0.0332
b1_2	b2_12	0.3105	0.0930	0.0381	0.0538	1	0.0574	2.5341	0.0113
b2_1	b2_16	0.1995	0.1044	-0.6173	0.3696	1	0.0487	2.1268	0.0334
b2_17	b2_29	0.2625	0.0766	0.0132	0.0186	1	0.0917	3.1638	0.0016
b2_19	c2_6	0.0703	0.0994	-0.2685	0.1343	1	0.0047	2.0281	0.0425
b2_22	b2_27	0.4292	0.1814	0.0302	0.0428	1	0.0262	2.1404	0.0323
b2_3	b2_19	-0.0573	0.0300	-0.6407	0.2301	1	0.1193	2.5144	0.0119
b2_9	b2_24	-0.0995	0.0921	0.2524	0.0445	1	-0.1473	-3.4394	0.0006
