rgn1	rgn2	aT41A.pcca1	aT41A.pcca1	bN82A.pcca2	bN82A.pcca2	lsdm	sdiff	score	pval
		mf	sf	mf	sf				
a1_13	a2_30	0.1193	0.0745	-0.0637	0.0515	1	0.0018	2.0197	0.0434
a1_13	b1_29	0.3527	0.0630	-0.0967	0.1827	1	0.0628	2.3248	0.0201
a1_13	b2_16	0.4774	0.1680	-0.1032	0.0671	1	0.2188	3.2095	0.0013
a1_13	b2_31	-0.3938	0.1857	0.0934	0.1462	1	-0.0145	-2.0615	0.0393
a1_15	b1_29	0.3157	0.1760	-0.2737	0.1512	1	0.1253	2.5400	0.0111
a1_16	b2_9	0.2185	0.0340	-0.0686	0.0723	1	0.1273	3.5929	0.0003
a1_17	a1_21	0.0595	0.0882	-0.3188	0.1595	1	0.0138	2.0758	0.0379
a1_17	b1_23	0.1160	0.1641	-0.7416	0.2480	1	0.2629	2.8841	0.0039
a1_18	b1_9	-0.3886	0.1795	0.0252	0.0223	1	-0.0519	-2.2868	0.0222
a1_18	b2_26	0.2755	0.1940	-0.1354	0.0652	1	0.0016	2.0081	0.0446
a1_18	c2_3	0.7965	0.2508	0.0228	0.2003	1	0.1317	2.4102	0.0159
a1_20	a2_4	-0.0977	0.0270	0.0038	0.0053	1	-0.0466	-3.6945	0.0002
a1_20	b1_9	-0.1800	0.0944	0.0304	0.0431	1	-0.0030	-2.0287	0.0425
a1_21	b2_21	0.0684	0.0401	-0.1657	0.0862	1	0.0441	2.4643	0.0137
a1_22	a2_15	0.7502	0.3547	0.0120	0.0169	1	0.0280	2.0790	0.0376
a1_5	a1_12	-0.1817	0.0923	0.1325	0.0675	1	-0.0854	-2.7471	0.0060
a1_5	a1_23	-0.0844	0.0567	0.2152	0.1078	1	-0.0562	-2.4612	0.0138
a1_5	a1_24	0.1349	0.0688	-0.2804	0.1130	1	0.1507	3.1396	0.0017
a1_5	a2_4	-0.0275	0.0374	-0.2437	0.0981	1	0.0062	2.0594	0.0395
a1_5	a2_8	0.0369	0.0522	-0.2000	0.0950	1	0.0201	2.1855	0.0289
a1_5	b1_2	0.0260	0.1601	-0.3658	0.0402	1	0.0616	2.3732	0.0176
a1_5	b2_27	-0.0306	0.0433	-0.2388	0.0605	1	0.0593	2.7967	0.0052
a1_6	b2_20	-0.0311	0.1072	-0.6294	0.1704	1	0.1956	2.9717	0.0030
a1_7	a2_15	-0.2285	0.0797	0.0086	0.0122	1	-0.0759	-2.9413	0.0033
a1_7	b1_17	-0.1929	0.0542	-0.0265	0.0375	1	-0.0346	-2.5253	0.0116
a1_8	b1_0	0.1145	0.1619	0.5415	0.1036	1	-0.0427	-2.2223	0.0263
a1_9	b1_9	-0.2356	0.0754	0.0072	0.0700	1	-0.0369	-2.3589	0.0183
a2_0	a2_19	0.0584	0.0762	-0.5605	0.1799	1	0.2282	3.1683	0.0015
a2_0	a2_3	-0.3031	0.2859	1.0717	0.6197	1	-0.0098	-2.0144	0.0440
a2_0	b1_10	0.0990	0.2928	-0.4981	0.0377	1	0.0066	2.0225	0.0431
a2_10	a2_26	-0.4771	0.2398	0.5828	0.3119	1	-0.2730	-2.6938	0.0071
a2_14	b2_26	-0.0492	0.0263	0.2809	0.1583	1	-0.0092	-2.0575	0.0396
a2_16	b2_10	0.0976	0.1660	-0.9306	0.4271	1	0.1116	2.2436	0.0249
a2_17	b2_1	-0.0719	0.0489	0.1462	0.0934	1	-0.0073	-2.0689	0.0386
a2_18	a2_27	-0.5908	0.5278	1.0616	0.3705	1	-0.3626	-2.5623	0.0104
a2_19	a2_24	-0.0523	0.0739	1.0023	0.4498	1	-0.1429	-2.3136	0.0207
a2_21	b2_10	0.0781	0.0464	-0.6901	0.2991	1	0.1627	2.5375	0.0112
a2_24	b2_22	-0.2351	0.4623	1.4476	0.5907	1	-0.1826	-2.2434	0.0249
a2_26	b2_23	0.3527	0.4714	-0.8558	0.3453	1	0.0399	2.0682	0.0386
a2_29	b1_22	0.1706	0.1357	-0.4304	0.1948	1	0.1261	2.5313	0.0114
a2_3	a2_30	-0.4450	0.2347	0.2910	0.2593	1	-0.0366	-2.1048	0.0353
a2_30	b1_26	0.5783	0.1627	0.1337	0.1148	1	0.0464	2.2328	0.0256
a2_30	b1_9	-0.3320	0.1562	0.0107	0.0491	1	-0.0153	-2.0938	0.0363
a2_31	b1_9	0.3491	0.0866	0.0472	0.0668	1	0.0831	2.7597	0.0058
a2_32	c2_2	0.4028	0.2036	-0.0436	0.0218	1	0.0369	2.1802	0.0292
a2_5	b1_25	0.4860	0.1912	-0.1657	0.0837	1	0.2342	3.1220	0.0018
a2_5	c2_0	0.9978	0.4382	-0.1143	0.0994	1	0.2135	2.4752	0.0133
b1_0	b2_16	0.4420	0.2227	-0.1712	0.1320	1	0.0955	2.3689	0.0178
b1_0	b2_20	-0.0952	0.1346	0.6112	0.2412	1	-0.1540	-2.5577	0.0105
b1_11	b1_22	-0.0987	0.1025	0.4730	0.2354	1	-0.0582	-2.2268	0.0260
b1_14	b1_23	0.0019	0.0027	-0.2900	0.0957	1	0.1005	3.0500	0.0023
b1_18	c2_0	0.9106	0.2757	-0.2374	0.4185	1	0.1456	2.2906	0.0220
b1_2	b1_22	0.0475	0.2263	-0.5055	0.1069	1	0.0525	2.2097	0.0271
b1_25	b1_29	-0.6005	0.1738	0.1341	0.2345	1	-0.1508	-2.5166	0.0119
b1_25	c2_2	0.8387	0.2071	0.0429	0.0478	1	0.3707	3.7445	0.0002
b1_3	b1_3	-0.3714	0.3509	0.6355	0.3041	1	-0.0782	-2.1683	0.0301
b1_3	b2_12	1.1136	0.4572	0.0736	0.2146	1	0.0298	2.0591	0.0395
b1_4	b1_24	-0.9602	0.3612	0.3032	0.3720	1	-0.2264	-2.4365	0.0148
b1_5	b2_11	-0.0844	0.1194	0.7394	0.3908	1	-0.0065	-2.0159	0.0438
b1_6	b1_9	-0.7077	0.3167	0.0132	0.0187	1	-0.0865	-2.2727	0.0230
b1_7	b2_0	-0.0261	0.0336	0.1138	0.0584	1	-0.0051	-2.0755	0.0379
b1_7	b2_22	0.0520	0.0417	-0.0917	0.0552	1	0.0053	2.0760	0.0379
b1_7	b2_26	0.0505	0.0332	-0.0473	0.0238	1	0.0161	2.3935	0.0167
b1_7	b2_6	-0.0719	0.0362	0.0431	0.0301	1	-0.0209	-2.4428	0.0146
b2_26	b2_29	0.0481	0.0825	-0.3062	0.1336	1	0.0403	2.2565	0.0240
b2_8	b2_28	0.4243	0.2292	-0.2722	0.2260	1	0.0527	2.1637	0.0305
