rgn1	rgn2	aT41A.pcca1	aT41A.pcca1	bN82A.pcca2	bN82A.pcca2	lsdm	sdiff	score	pval
		mf	sf	mf	sf				
a1_0	a1_7	0.4444	0.1925	0.0000	0.0000	1	0.0595	2.3094	0.0209
a1_1	a1_7	0.2222	0.1925	0.7778	0.1925	1	-0.0112	-2.0412	0.0412
a1_18	a1_17	0.3333	0.0000	0.0000	0.0000	1	0.3333	inf	0.0000
a1_7	a1_8	0.3333	0.0000	0.6667	0.0000	1	-0.3333	-inf	0.0000
a2_17	a2_7	0.7778	0.1925	0.2222	0.1925	1	0.0112	2.0412	0.0412
a2_25	a2_28	0.6667	0.0000	0.3333	0.0000	1	0.3333	inf	0.0000
b1_14	b1_19	0.0000	0.0000	0.5556	0.1925	1	-0.1707	-2.8868	0.0039
b1_17	b1_16	1.0000	0.0000	0.4444	0.1925	1	0.1707	2.8868	0.0039
b1_26	c2_2	0.5556	0.1925	0.0000	0.0000	1	0.1707	2.8868	0.0039
b1_29	b1_27	0.3333	0.0000	0.0000	0.0000	1	0.3333	inf	0.0000
b1_8	b1_12	0.0000	0.0000	0.4444	0.1925	1	-0.0595	-2.3094	0.0209
b2_28	b2_27	0.0000	0.0000	0.4444	0.1925	1	-0.0595	-2.3094	0.0209
b2_8	b2_21	0.0000	0.0000	0.5556	0.1925	1	-0.1707	-2.8868	0.0039
