rgn1	rgn2	bN82A.pcca2	bN82A.pcca2	WT.pcca2	WT.pcca2	lsdm	sdiff	score	pval
		mf	sf	mf	sf				
a1_18	a1_17	0.0000	0.0000	0.4444	0.1925	1	-0.0595	-2.3094	0.0209
a1_2	a1_6	0.6667	0.0000	0.1111	0.1925	1	0.1707	2.8868	0.0039
a2_11	a2_24	0.3333	0.0000	0.7778	0.1925	1	-0.0595	-2.3094	0.0209
a2_29	a2_25	0.1111	0.1925	0.7778	0.1925	1	-0.1223	-2.4495	0.0143
b1_26	b1_25	0.2222	0.1925	0.6667	0.0000	1	-0.0595	-2.3094	0.0209
b1_4	a1_0	0.3333	0.0000	1.1111	0.3849	1	-0.0080	-2.0207	0.0433
b1_4	b1_7	0.7778	0.1925	0.2222	0.1925	1	0.0112	2.0412	0.0412
b1_8	a2_17	0.0000	0.0000	0.3333	0.0000	1	-0.3333	-inf	0.0000
b2_12	b2_14	0.4444	0.1925	0.0000	0.0000	1	0.0595	2.3094	0.0209
b2_6	b2_3	0.5556	0.1925	0.0000	0.0000	1	0.1707	2.8868	0.0039
