rgn1	rgn2	bN82A.pcca2	bN82A.pcca2	WT.pcca2	WT.pcca2	lsdm	sdiff	score	pval
		mf	sf	mf	sf				
a1_1	b1_22	0.1991	0.1029	-0.0300	0.0424	1	0.0064	2.0574	0.0396
a1_1	c2_5	-1.1047	0.4693	0.1765	0.2495	1	-0.2182	-2.4105	0.0159
a1_11	a2_3	1.7656	0.9241	-0.0871	0.0494	1	0.0018	2.0019	0.0453
a1_11	b1_12	4.1992	2.1012	-0.4228	0.2753	1	0.3838	2.1811	0.0292
a1_11	b1_13	-0.9897	0.4994	0.2448	0.3462	1	-0.0191	-2.0315	0.0422
a1_11	b2_5	1.8973	0.9487	-0.1363	0.1927	1	0.0974	2.1006	0.0357
a1_13	a1_20	-0.8165	0.1949	0.0571	0.0808	1	-0.4518	-4.1415	0.0000
a1_13	a2_12	0.8620	0.3629	0.0000	0.0000	1	0.1362	2.3752	0.0175
a1_13	b1_27	-1.7140	0.2953	-0.0634	0.0897	1	-1.0333	-5.3481	0.0000
a1_13	b2_25	-1.2069	0.5227	0.3014	0.4263	1	-0.1594	-2.2364	0.0253
a1_17	a1_19	-0.5822	0.3687	0.2204	0.1351	1	-0.0171	-2.0435	0.0410
a1_18	a2_17	-0.2112	0.1078	0.0327	0.0222	1	-0.0237	-2.2149	0.0268
a1_19	a2_22	-1.2639	0.3545	0.0441	0.0623	1	-0.5881	-3.6336	0.0003
a1_19	b2_0	0.9761	0.4304	-0.2565	0.2097	1	0.2751	2.5746	0.0100
a1_19	c2_4	-0.8810	0.4417	0.4849	0.3272	1	-0.2665	-2.4849	0.0130
a1_19	c2_5	-1.1695	0.3747	0.1631	0.0825	1	-0.5651	-3.4728	0.0005
a1_20	c2_3	-0.0115	0.4064	-1.8331	0.7941	1	0.0375	2.0420	0.0412
a1_21	a2_13	-0.7607	0.4214	0.4878	0.2913	1	-0.2241	-2.4375	0.0148
a1_21	a2_17	-0.6215	0.3320	0.1888	0.1708	1	-0.0637	-2.1706	0.0300
a1_21	c2_6	-0.4922	0.2678	0.4094	0.2153	1	-0.2145	-2.6241	0.0087
a1_22	b2_15	-1.0334	0.5587	0.2236	0.1584	1	-0.0956	-2.1647	0.0304
a1_22	c2_3	-0.6771	0.3404	1.4712	0.9933	1	-0.0482	-2.0459	0.0408
a1_23	b1_22	-0.8228	0.4145	0.1617	0.2287	1	-0.0378	-2.0798	0.0375
a1_23	b2_5	-0.6964	0.3540	0.1582	0.2237	1	-0.0170	-2.0406	0.0413
a1_27	b2_23	-0.6299	0.3262	0.0384	0.0543	1	-0.0069	-2.0208	0.0433
a1_3	a2_9	-0.0304	0.0429	0.5159	0.2590	1	-0.0212	-2.0807	0.0375
a1_3	b1_19	0.0248	0.0351	-0.4887	0.2520	1	0.0045	2.0178	0.0436
a1_3	b1_29	-0.0152	0.0216	0.4988	0.2507	1	-0.0107	-2.0426	0.0411
a1_4	b1_22	-0.1607	0.0969	0.7618	0.3955	1	-0.1081	-2.2654	0.0235
a1_5	a1_19	-1.2814	0.4539	0.0451	0.0638	1	-0.4097	-2.8937	0.0038
a1_5	a2_25	-0.9363	0.2850	0.0629	0.0890	1	-0.4021	-3.3468	0.0008
a1_7	c2_4	-0.0610	0.0863	0.6309	0.3183	1	-0.0325	-2.0985	0.0359
a1_9	c2_1	0.1413	0.1999	-0.6989	0.3558	1	0.0241	2.0590	0.0395
a2_0	a2_30	-0.8740	0.4438	0.2290	0.3082	1	-0.0224	-2.0414	0.0412
a2_11	b2_2	3.5273	1.7755	-0.3877	0.2082	1	0.3398	2.1901	0.0285
a2_12	b1_27	1.3692	0.0937	0.2730	0.3860	1	0.3017	2.7595	0.0058
a2_12	b1_3	-0.8327	0.4232	0.0303	0.0428	1	-0.0122	-2.0287	0.0425
a2_13	a2_27	0.2708	0.1750	-0.1574	0.1046	1	0.0205	2.1004	0.0357
a2_13	b1_22	-0.5596	0.5865	0.8410	0.1509	1	-0.1894	-2.3128	0.0207
a2_15	a2_27	-0.1980	0.1027	0.0316	0.0248	1	-0.0183	-2.1735	0.0297
a2_15	b1_17	0.1716	0.0860	-0.0444	0.0628	1	0.0030	2.0284	0.0425
a2_16	a2_23	0.0967	0.1367	-0.6354	0.3255	1	0.0260	2.0737	0.0381
a2_17	a2_22	-1.1068	0.3829	0.2225	0.3147	1	-0.3381	-2.6821	0.0073
a2_17	b2_17	0.3997	0.5653	-1.7414	0.8886	1	0.0347	2.0330	0.0421
a2_18	b2_6	-1.4357	0.7533	0.8752	0.5727	1	-0.4183	-2.4420	0.0146
a2_19	b1_1	-0.2943	0.1717	0.7967	0.4696	1	-0.0909	-2.1819	0.0291
a2_2	b1_11	0.0762	0.1078	-0.3449	0.1725	1	0.0144	2.0707	0.0384
a2_20	a2_21	0.0174	0.0245	-0.3600	0.1776	1	0.0189	2.1054	0.0353
a2_20	a2_27	0.4348	0.2182	-0.0831	0.0545	1	0.0682	2.3031	0.0213
a2_20	b2_10	-0.9627	0.4817	0.4771	0.2655	1	-0.3398	-2.6178	0.0089
a2_20	b2_20	-0.0148	0.0209	0.3768	0.1888	1	-0.0117	-2.0615	0.0393
a2_21	a2_31	0.0473	0.0669	-0.7352	0.3658	1	0.0388	2.1045	0.0353
a2_22	a2_25	-1.8124	0.6305	-0.1037	0.1467	1	-0.4140	-2.6395	0.0083
a2_23	b1_27	-0.1571	0.0875	0.6725	0.3365	1	-0.1341	-2.3858	0.0170
a2_23	b1_5	-0.5972	0.3786	0.4979	0.3702	1	-0.0361	-2.0682	0.0386
a2_23	c2_4	0.2942	0.1670	-0.8895	0.4722	1	0.1819	2.3632	0.0181
a2_25	b1_17	-0.3473	0.1739	0.0573	0.0811	1	-0.0209	-2.1088	0.0350
a2_25	c2_6	-0.6710	0.3576	0.8974	0.6526	1	-0.0801	-2.1077	0.0351
a2_27	b1_11	0.2249	0.1405	-0.0956	0.0556	1	0.0184	2.1215	0.0339
a2_30	c2_1	0.2096	0.2964	-0.6392	0.1870	1	0.1479	2.4221	0.0154
a2_31	b1_23	-0.1483	0.2097	0.9113	0.4571	1	-0.0537	-2.1068	0.0351
a2_8	b1_1	0.3143	0.4445	-1.2866	0.6468	1	0.0313	2.0399	0.0414
a2_9	b1_1	-0.1211	0.1712	1.0390	0.3490	1	-0.3827	-2.9845	0.0028
b1_10	b2_10	1.1256	0.4853	-0.1616	0.3335	1	0.1096	2.1861	0.0288
b1_10	b2_13	-0.9130	0.4576	0.4302	0.4635	1	-0.0405	-2.0622	0.0392
b1_11	b1_15	-0.1002	0.1417	1.0529	0.5375	1	-0.0415	-2.0747	0.0380
b1_11	b2_22	0.6148	0.3807	-0.3082	0.1555	1	0.1006	2.2445	0.0248
b1_14	b1_24	0.4795	0.4149	-1.1645	0.6827	1	0.0461	2.0578	0.0396
b1_19	b2_6	-0.3334	0.2762	1.5226	0.6201	1	-0.4983	-2.7341	0.0063
b1_20	b2_26	-0.7330	0.3675	0.0080	0.0112	1	-0.0057	-2.0155	0.0439
b1_22	b2_25	-0.3328	0.3890	0.7695	0.0523	1	-0.3173	-2.8084	0.0050
b1_22	b2_26	-0.6044	0.3050	0.1508	0.2133	1	-0.0108	-2.0291	0.0424
b1_22	c2_0	-0.0269	0.0381	0.4012	0.2006	1	-0.0197	-2.0966	0.0360
b1_27	b2_8	0.9518	0.4766	-0.5972	0.3000	1	0.4228	2.7509	0.0059
b1_29	b2_14	0.2864	0.4050	-0.7210	0.1185	1	0.1633	2.3870	0.0170
b1_29	b2_26	0.7522	0.3766	-0.0444	0.0628	1	0.0330	2.0866	0.0369
b1_5	b1_5	0.7776	0.3957	-0.1915	0.2709	1	0.0101	2.0210	0.0433
b1_5	b2_22	-0.0357	0.0598	0.3175	0.1592	1	-0.0131	-2.0772	0.0378
b2_0	b2_2	-1.4903	0.8176	0.6541	0.6408	1	-0.0667	-2.0642	0.0390
b2_10	b2_14	-0.1830	0.2588	0.7221	0.3706	1	-0.0011	-2.0025	0.0452
b2_11	b2_18	-0.5037	0.2521	0.5076	0.3353	1	-0.1723	-2.4106	0.0159
b2_11	c2_3	-0.0875	0.3652	-1.8939	0.4542	1	0.6408	3.0994	0.0019
b2_2	b2_25	-2.1484	1.4531	2.0141	1.4085	1	-0.1150	-2.0568	0.0397
b2_25	c2_0	0.0430	0.0608	-0.2709	0.1356	1	0.0167	2.1124	0.0347
b2_4	b2_14	0.0727	0.1028	-0.5043	0.2546	1	0.0278	2.1012	0.0356
b2_7	b2_29	0.3203	0.4529	-1.5573	0.7787	1	0.0760	2.0843	0.0371
b2_7	b2_30	0.2120	0.2998	-1.1967	0.2076	1	0.6794	3.8631	0.0001
