rgn1	rgn2	aT41A.pcca1	aT41A.pcca1	bN82A.pcca2	bN82A.pcca2	lsdm	sdiff	score	pval
		mf	sf	mf	sf				
a1_0	a1_9	1.1263	0.0825	0.0000	0.0000	1	0.9613	13.6520	0.0000
a1_0	a2_2	1.5883	0.6026	0.0000	0.0000	1	0.3830	2.6356	0.0084
a1_0	b1_19	0.6521	0.2779	0.0000	0.0000	1	0.0962	2.3461	0.0190
a1_0	b2_8	0.5832	0.2421	0.0000	0.0000	1	0.0991	2.4095	0.0160
a1_1	a2_21	-0.0846	0.0518	1.0139	0.5074	1	-0.0784	-2.1537	0.0313
a1_10	a1_22	0.4265	0.2591	-0.7207	0.3604	1	0.2595	2.5845	0.0098
a1_10	a2_26	0.2758	0.1116	-0.0974	0.1378	1	0.0186	2.1049	0.0353
a1_11	b1_12	-0.7257	0.9965	4.1992	2.1012	1	-0.2740	-2.1178	0.0342
a1_13	a1_20	-0.0609	0.1473	-0.8165	0.1949	1	0.2671	3.0934	0.0020
a1_13	a2_26	-0.4058	0.1288	0.0597	0.0845	1	-0.1575	-3.0223	0.0025
a1_13	b2_25	0.0639	0.2701	-1.2069	0.5227	1	0.0942	2.1601	0.0308
a1_13	b2_26	-0.4457	0.3792	1.1670	0.6903	1	-0.0375	-2.0477	0.0406
a1_15	b1_19	-0.8192	0.3079	-0.0164	0.0887	1	-0.1620	-2.5056	0.0122
a1_17	b2_31	-0.1155	0.1959	0.6244	0.3135	1	-0.0006	-2.0016	0.0453
a1_19	a1_23	-1.2413	0.6897	1.4957	1.1402	1	-0.0719	-2.0540	0.0400
a1_19	a2_22	-0.0972	0.0537	-1.2639	0.3545	1	0.4495	3.2537	0.0011
a1_19	b2_0	-0.2880	0.1946	0.9761	0.4304	1	-0.3194	-2.6764	0.0074
a1_19	b2_15	-0.1602	0.1153	0.7583	0.4144	1	-0.0581	-2.1351	0.0328
a1_19	b2_18	0.2007	0.2169	-0.6324	0.3385	1	0.0290	2.0722	0.0382
a1_19	c2_5	0.0642	0.3980	-1.1695	0.3747	1	0.1405	2.2570	0.0240
a1_2	a2_0	0.2003	0.0435	0.0000	0.0000	1	0.1134	4.6103	0.0000
a1_2	a2_24	-0.5197	0.1456	0.0000	0.0000	1	-0.2285	-3.5693	0.0004
a1_2	a2_3	-0.3762	0.1752	0.0000	0.0000	1	-0.0257	-2.1468	0.0318
a1_2	b1_12	0.3050	0.0915	0.0000	0.0000	1	0.1220	3.3325	0.0009
a1_2	b1_26	0.5410	0.0342	0.0000	0.0000	1	0.4725	15.8032	0.0000
a1_2	b1_3	-0.5467	0.1985	0.0000	0.0000	1	-0.1497	-2.7541	0.0059
a1_2	b1_8	-0.0991	0.0474	0.0000	0.0000	1	-0.0043	-2.0897	0.0366
a1_2	b2_15	-0.2353	0.0961	0.0000	0.0000	1	-0.0432	-2.4499	0.0143
a1_2	b2_17	-0.4320	0.1106	0.0000	0.0000	1	-0.2107	-3.9047	0.0001
a1_2	b2_24	0.3928	0.1454	0.0000	0.0000	1	0.1020	2.7013	0.0069
a1_20	a2_27	0.0487	0.1480	-0.4566	0.2033	1	0.0023	2.0090	0.0445
a1_20	b1_16	0.0951	0.0742	-1.2745	0.6747	1	0.0121	2.0178	0.0436
a1_20	b1_24	0.1944	0.1015	-0.7659	0.4665	1	0.0056	2.0117	0.0443
a1_20	b2_26	-0.1227	0.0615	0.6076	0.3148	1	-0.0889	-2.2771	0.0228
a1_21	a2_13	0.5159	0.4060	-0.7607	0.4214	1	0.1064	2.1818	0.0291
a1_21	a2_17	0.1846	0.1432	-0.6215	0.3320	1	0.0830	2.2297	0.0258
a1_21	c2_6	0.3287	0.1649	-0.4922	0.2678	1	0.1919	2.6103	0.0090
a1_22	b2_15	0.3239	0.3189	-1.0334	0.5587	1	0.0706	2.1098	0.0349
a1_23	a2_8	-0.8421	0.1975	0.1458	0.2063	1	-0.4169	-3.4601	0.0005
a1_23	b2_31	0.4985	0.4195	-0.7927	0.4397	1	0.0758	2.1247	0.0336
a1_24	b2_16	-0.2841	0.0821	0.1269	0.1795	1	-0.0163	-2.0824	0.0373
a1_26	a2_17	0.0889	0.0559	-0.5193	0.2737	1	0.0496	2.1774	0.0295
a1_27	b1_19	-0.5682	0.1800	0.2292	0.1221	1	-0.3623	-3.6659	0.0002
a1_3	b1_20	-0.4552	0.0884	0.2191	0.3098	1	-0.0299	-2.0929	0.0364
a1_4	a2_4	-1.1588	0.3282	0.8789	0.8501	1	-0.2152	-2.2361	0.0253
a1_4	b1_24	-0.7490	0.3791	0.5126	0.3192	1	-0.2705	-2.5458	0.0109
a1_4	b2_0	-0.7898	0.4159	0.1062	0.1093	1	-0.0359	-2.0835	0.0372
a1_5	a1_19	-0.1588	0.0907	-1.2814	0.4539	1	0.1968	2.4251	0.0153
a1_5	a2_3	-0.5797	0.1125	1.0182	0.5724	1	-0.4313	-2.7395	0.0062
a1_5	a2_4	-0.8946	0.5282	0.4530	0.4120	1	-0.0077	-2.0116	0.0443
a1_7	a1_15	0.4430	0.1794	-0.1285	0.1817	1	0.0609	2.2385	0.0252
a1_7	a2_27	-0.3807	0.0360	-0.0099	0.0140	1	-0.2935	-9.5919	0.0000
a1_7	b2_22	-0.3962	0.0665	0.0708	0.1002	1	-0.2265	-3.8836	0.0001
a1_8	a1_15	-0.7522	0.2648	-0.1534	0.1107	1	-0.0248	-2.0865	0.0369
a1_8	a1_16	-0.3301	0.0863	0.1614	0.2282	1	-0.0036	-2.0147	0.0439
a1_8	a2_10	-0.9478	0.4325	0.0673	0.0666	1	-0.1399	-2.3198	0.0204
a1_8	b1_8	0.2497	0.1346	-0.2189	0.1347	1	0.0877	2.4605	0.0139
a1_9	a2_10	-1.0292	0.1169	-0.2054	0.2904	1	-0.1977	-2.6314	0.0085
a1_9	b1_6	0.4998	0.1321	-0.1210	0.1711	1	0.1885	2.8719	0.0041
a2_0	a2_32	0.4998	0.4857	-1.6588	0.8905	1	0.1298	2.1280	0.0333
a2_1	b2_0	-0.8780	0.3709	0.2621	0.3707	1	-0.0914	-2.1743	0.0297
a2_10	c2_6	0.6891	0.4206	-0.4841	0.2446	1	0.2001	2.4113	0.0159
a2_11	a2_15	-0.9103	0.7358	1.9474	1.2196	1	-0.0089	-2.0062	0.0448
a2_11	b1_23	-0.7443	0.3756	0.0554	0.0783	1	-0.0322	-2.0840	0.0372
a2_11	b2_2	-0.5976	0.6041	3.5273	1.7755	1	-0.3741	-2.1995	0.0278
a2_12	a2_12	0.5181	0.5188	-0.8857	0.4435	1	0.0387	2.0567	0.0397
a2_12	b1_27	-0.6529	0.9001	1.3692	0.0937	1	-0.2122	-2.2344	0.0255
a2_12	b1_3	0.5286	0.2241	-0.8327	0.4232	1	0.4035	2.8424	0.0045
a2_17	a2_22	0.0476	0.1894	-1.1068	0.3829	1	0.3000	2.7024	0.0069
a2_17	b2_16	-0.2097	0.1398	0.8959	0.4748	1	-0.1158	-2.2340	0.0255
a2_17	b2_6	-0.1264	0.1332	2.4024	1.1679	1	-0.1779	-2.1514	0.0314
a2_2	a2_27	0.6633	0.2096	0.0289	0.0409	1	0.2072	2.9704	0.0030
a2_2	a2_6	0.7466	0.3272	-0.0125	0.0176	1	0.1038	2.3167	0.0205
a2_2	b1_20	0.9430	0.3409	-0.0878	0.1242	1	0.3053	2.8416	0.0045
a2_2	b2_14	1.0505	0.3673	0.0042	0.0060	1	0.3115	2.8479	0.0044
a2_2	c2_6	0.9455	0.2322	0.0602	0.0851	1	0.3908	3.5805	0.0003
a2_20	b2_10	0.2052	0.2879	-0.9627	0.4817	1	0.0455	2.0811	0.0374
a2_22	a2_25	-0.4715	0.1907	-1.8124	0.6305	1	0.0235	2.0356	0.0418
a2_22	c2_6	0.7820	0.4207	-0.6846	0.5688	1	0.0516	2.0729	0.0382
a2_23	b2_14	1.0803	0.3793	0.0054	0.0076	1	0.3161	2.8331	0.0046
a2_24	b2_20	-0.3255	0.1761	0.1106	0.0555	1	-0.0668	-2.3615	0.0182
a2_25	b1_14	-0.0972	0.0985	0.2072	0.1047	1	-0.0168	-2.1171	0.0343
a2_25	b2_2	-0.4608	0.3608	1.1418	0.6161	1	-0.1746	-2.2445	0.0248
a2_26	b1_18	-0.5674	0.2233	0.0000	0.0000	1	-0.1207	-2.5404	0.0111
a2_26	b1_3	0.5132	0.0687	-0.0486	0.0687	1	0.3675	5.7818	0.0000
a2_26	b2_27	-0.6899	0.3007	0.0000	0.0000	1	-0.0884	-2.2941	0.0218
a2_27	c2_6	-0.5265	0.1772	0.3445	0.2109	1	-0.3200	-3.1616	0.0016
a2_3	b2_16	0.3675	0.2762	-0.7510	0.4571	1	0.0502	2.0940	0.0363
a2_31	b2_27	-0.7105	0.1482	0.0000	0.0000	1	-0.4141	-4.7941	0.0000
a2_4	b1_10	0.8619	0.5707	-0.6937	0.3617	1	0.2042	2.3022	0.0213
a2_4	b2_13	0.8502	0.3580	-0.5495	0.3625	1	0.3807	2.7472	0.0060
a2_4	b2_20	-0.7763	0.3883	0.6680	0.5926	1	-0.0274	-2.0387	0.0415
a2_5	b2_27	-1.3896	0.4390	0.0000	0.0000	1	-0.5116	-3.1653	0.0015
a2_6	b1_1	0.2012	0.1645	-0.2506	0.1348	1	0.0265	2.1248	0.0336
a2_8	a2_13	-0.6549	0.2805	0.1547	0.2188	1	-0.0982	-2.2761	0.0228
a2_9	a2_9	0.7937	0.4012	-0.0267	0.0377	1	0.0144	2.0358	0.0418
b1_0	b1_25	0.4714	0.2414	-0.0388	0.0548	1	0.0150	2.0607	0.0393
b1_0	b1_5	-0.6090	0.3640	0.3153	0.2777	1	-0.0086	-2.0188	0.0435
b1_1	b2_8	-0.2539	0.0697	0.0384	0.0543	1	-0.1156	-3.3086	0.0009
b1_11	b1_17	0.4819	0.0574	-0.1986	0.1406	1	0.3768	4.4818	0.0000
b1_11	b2_16	-0.0756	0.0676	0.4740	0.2396	1	-0.0516	-2.2074	0.0273
b1_11	b2_17	-0.3561	0.1441	-0.0168	0.0238	1	-0.0472	-2.3232	0.0202
b1_14	b1_22	0.7038	0.3190	-0.2474	0.2725	1	0.1122	2.2674	0.0234
b1_15	b1_22	1.4265	0.7097	-0.3155	0.4462	1	0.0654	2.0780	0.0377
b1_17	b1_26	-0.9406	0.3202	0.7733	0.4004	1	-0.6885	-3.3430	0.0008
b1_17	b1_27	-1.8469	0.6582	0.5018	0.3570	1	-0.8511	-3.1366	0.0017
b1_17	b2_17	1.0646	0.2781	-0.3392	0.4797	1	0.2948	2.5317	0.0114
b1_17	b2_24	-0.8929	0.2716	0.3999	0.5426	1	-0.0793	-2.1306	0.0331
b1_17	b2_27	-1.6291	0.7395	0.4267	0.6035	1	-0.1469	-2.1539	0.0312
b1_18	c2_2	0.3128	0.1095	0.0000	0.0000	1	0.0937	2.8555	0.0043
b1_19	b2_22	0.9354	0.2109	-0.0443	0.1064	1	0.5072	4.1467	0.0000
b1_2	b2_25	-0.7204	0.3877	1.2059	0.8379	1	-0.0798	-2.0864	0.0369
b1_21	b1_24	0.1291	0.1903	-0.7231	0.3710	1	0.0183	2.0438	0.0410
b1_24	b2_13	0.5455	0.4144	-0.9240	0.5153	1	0.1470	2.2222	0.0263
b1_24	b2_25	0.0527	0.0404	-0.4423	0.2248	1	0.0381	2.1667	0.0303
b1_25	b2_22	0.8899	0.3202	0.0381	0.0538	1	0.2025	2.6235	0.0087
b1_25	c2_2	0.2090	0.0698	0.0018	0.0025	1	0.0675	2.9656	0.0030
b1_27	b2_20	0.6736	0.3381	-0.4592	0.4228	1	0.0501	2.0926	0.0364
b1_27	b2_27	-1.4510	0.3125	0.2441	0.3453	1	-0.7637	-3.6399	0.0003
b1_6	b2_17	0.2930	0.0969	0.0000	0.0000	1	0.0992	3.0230	0.0025
b1_9	b2_16	0.1009	0.1678	-0.7117	0.3613	1	0.0158	2.0396	0.0414
b2_11	b2_18	0.2474	0.1468	-0.5037	0.2521	1	0.1676	2.5745	0.0100
b2_13	b2_16	0.0966	0.1688	-0.9481	0.4766	1	0.0335	2.0662	0.0388
b2_16	b2_25	-0.1306	0.0628	0.2899	0.1513	1	-0.0928	-2.5667	0.0103
b2_2	b2_26	-0.1638	0.1969	0.9849	0.5077	1	-0.0598	-2.1098	0.0349
b2_22	b2_31	-0.4364	0.3158	0.3170	0.1959	1	-0.0101	-2.0273	0.0426
b2_3	c2_0	-0.6560	0.3396	0.0986	0.1394	1	-0.0203	-2.0552	0.0399
