rgn1	rgn2	aT41A.pcca1	aT41A.pcca1	WT.pcca2	WT.pcca2	lsdm	sdiff	score	pval
		mf	sf	mf	sf				
a1_0	a1_9	1.1263	0.0825	0.3734	0.2557	1	0.2155	2.8021	0.0051
a1_0	b1_19	0.6521	0.2779	-0.3335	0.2312	1	0.2625	2.7262	0.0064
a1_0	b2_12	0.7418	0.3965	-0.1997	0.2233	1	0.0315	2.0692	0.0385
a1_0	b2_8	0.5832	0.2421	-0.6072	0.3704	1	0.3055	2.6906	0.0071
a1_10	b2_23	-0.7007	0.1522	0.2822	0.2358	1	-0.4217	-3.5024	0.0005
a1_11	a1_11	0.4074	0.3024	-1.1103	0.5552	1	0.2533	2.4006	0.0164
a1_12	a2_25	-0.0463	0.0153	0.0210	0.0296	1	-0.0005	-2.0140	0.0440
a1_13	a2_26	-0.4058	0.1288	0.0000	0.0000	1	-0.1482	-3.1507	0.0016
a1_15	b2_5	-1.1328	0.4742	0.0000	0.0000	1	-0.1844	-2.3888	0.0169
a1_18	b1_14	-0.0694	0.1582	1.4102	0.7069	1	-0.0308	-2.0425	0.0411
a1_19	a2_26	0.2607	0.1304	-0.0224	0.0316	1	0.0147	2.1095	0.0349
a1_19	a2_3	-0.2290	0.1231	0.1224	0.0705	1	-0.0676	-2.4768	0.0133
a1_2	a2_24	-0.5197	0.1456	0.1141	0.2531	1	-0.0498	-2.1704	0.0300
a1_2	a2_3	-0.3762	0.1752	0.3026	0.2867	1	-0.0068	-2.0202	0.0434
a1_20	c2_3	0.2137	0.2311	-1.8331	0.7941	1	0.3927	2.4749	0.0133
a1_21	b1_1	-0.4999	0.3169	0.2276	0.1185	1	-0.0509	-2.1504	0.0315
a1_22	b2_10	0.4888	0.2306	-0.8651	0.5084	1	0.2375	2.4254	0.0153
a1_23	a2_8	-0.8421	0.1975	0.1805	0.2552	1	-0.3772	-3.1689	0.0015
a1_23	b2_9	-0.9898	0.5185	0.2108	0.2981	1	-0.0045	-2.0075	0.0447
a1_26	a2_1	-0.3153	0.1723	0.0590	0.0335	1	-0.0232	-2.1319	0.0330
a1_4	a1_5	-0.8793	0.2951	-0.0734	0.1038	1	-0.1803	-2.5765	0.0100
a1_4	a2_4	-1.1588	0.3282	1.0836	0.5645	1	-0.9364	-3.4340	0.0006
a1_4	b2_0	-0.7898	0.4159	0.6752	0.5282	1	-0.1205	-2.1792	0.0293
a1_5	a2_3	-0.5797	0.1125	-0.1307	0.1848	1	-0.0164	-2.0760	0.0379
a1_5	b2_0	-0.6486	0.0307	0.1784	0.2523	1	-0.3187	-3.2539	0.0011
a1_5	b2_18	0.4425	0.1618	-0.0814	0.1152	1	0.1267	2.6378	0.0083
a1_7	a1_15	0.4430	0.1794	-0.0673	0.0952	1	0.1042	2.5131	0.0120
a1_7	a1_7	0.3396	0.1298	-0.1313	0.1856	1	0.0178	2.0787	0.0376
a1_7	a2_27	-0.3807	0.0360	0.1611	0.1773	1	-0.1799	-2.9945	0.0027
a1_7	c2_6	-0.2786	0.1073	0.0772	0.0937	1	-0.0708	-2.4972	0.0125
a1_8	a1_15	-0.7522	0.2648	0.0000	0.0000	1	-0.2227	-2.8410	0.0045
a1_8	a1_16	-0.3301	0.0863	0.0031	0.0043	1	-0.1604	-3.8571	0.0001
a1_9	b1_6	0.4998	0.1321	-0.1178	0.2775	1	0.0030	2.0097	0.0445
a2_0	a2_5	-0.2871	0.1670	0.1905	0.1485	1	-0.0306	-2.1368	0.0326
a2_0	b1_17	-0.2734	0.1201	0.0526	0.0744	1	-0.0434	-2.3069	0.0211
a2_0	b1_5	-0.2595	0.2098	1.0616	0.5943	1	-0.0606	-2.0962	0.0361
a2_10	b1_20	1.0011	0.2654	-0.0231	0.1029	1	0.4549	3.5979	0.0003
a2_11	a2_11	-1.3942	0.8405	0.5411	0.4124	1	-0.0628	-2.0671	0.0387
a2_11	b1_19	-0.7388	0.2134	0.2680	0.4262	1	-0.0536	-2.1124	0.0346
a2_11	b1_25	-1.4624	0.2791	0.4213	0.7393	1	-0.3033	-2.3837	0.0171
a2_12	b1_3	0.5286	0.2241	0.0303	0.0428	1	0.0419	2.1838	0.0290
a2_17	a2_19	0.4979	0.3774	-0.7870	0.3980	1	0.1878	2.3424	0.0192
a2_17	a2_28	0.2091	0.1286	-0.1227	0.0615	1	0.0466	2.3270	0.0200
a2_17	b2_17	0.1293	0.2879	-1.7414	0.8886	1	0.0025	2.0026	0.0452
a2_2	a2_27	0.6633	0.2096	0.0709	0.1348	1	0.0940	2.3772	0.0174
a2_2	b1_20	0.9430	0.3409	-0.3927	0.2593	1	0.4791	3.1187	0.0018
a2_2	b2_14	1.0505	0.3673	-0.2883	0.1541	1	0.5421	3.3609	0.0008
a2_20	a2_31	-0.3193	0.2113	0.9843	0.4315	1	-0.3427	-2.7133	0.0067
a2_20	b1_26	-0.1059	0.1124	0.5781	0.3135	1	-0.0179	-2.0538	0.0400
a2_20	c2_2	0.2401	0.1073	0.0168	0.0238	1	0.0034	2.0309	0.0423
a2_21	b2_0	0.3443	0.1749	-0.1420	0.1014	1	0.0821	2.4059	0.0161
a2_21	b2_11	-0.0071	0.0100	-1.7132	0.7672	1	0.1716	2.2236	0.0262
a2_21	b2_15	0.1518	0.0884	-0.1876	0.1024	1	0.0689	2.5098	0.0121
a2_22	a2_27	0.4646	0.0819	0.0296	0.0419	1	0.2509	4.7268	0.0000
a2_23	b1_20	0.7185	0.4766	-0.8087	0.4194	1	0.2575	2.4057	0.0161
a2_26	b1_0	-0.4856	0.2431	0.0744	0.1052	1	-0.0303	-2.1146	0.0345
a2_26	b1_3	0.5132	0.0687	-0.1336	0.1889	1	0.2447	3.2174	0.0013
a2_28	b2_12	-0.1055	0.0579	0.0839	0.0710	1	-0.0062	-2.0677	0.0387
a2_30	b2_11	-0.2322	0.3606	-2.1296	0.4637	1	0.7227	3.2304	0.0012
a2_4	b2_12	0.4518	0.2291	-0.2492	0.1363	1	0.1677	2.6292	0.0086
a2_4	b2_20	-0.7763	0.3883	0.4048	0.2829	1	-0.2202	-2.4583	0.0140
a2_5	b2_27	-1.3896	0.4390	0.1274	0.4078	1	-0.3186	-2.5317	0.0114
a2_6	a2_10	0.4836	0.1800	-0.4473	0.2497	1	0.3153	3.0243	0.0025
a2_6	a2_30	0.2211	0.1009	-0.4277	0.2606	1	0.0899	2.3217	0.0203
a2_6	b1_23	0.4519	0.2835	-1.3825	0.7245	1	0.2785	2.3580	0.0184
a2_8	b2_30	-0.9604	0.8339	1.4699	0.8742	1	-0.0141	-2.0117	0.0443
b1_1	b2_22	0.3734	0.2693	-0.3492	0.2131	1	0.0357	2.1039	0.0354
b1_11	b1_17	0.4819	0.0574	0.0799	0.1130	1	0.1485	3.1717	0.0015
b1_11	b1_26	0.2969	0.0357	-0.4573	0.3568	1	0.0370	2.1031	0.0355
b1_12	b1_17	-0.7860	0.5055	0.3784	0.1931	1	-0.0820	-2.1516	0.0314
b1_15	b2_31	0.4176	0.4090	-1.1005	0.5774	1	0.1029	2.1454	0.0319
b1_17	b1_27	-1.8469	0.6582	-0.2921	0.4131	1	-0.0006	-2.0007	0.0454
b1_17	b2_17	1.0646	0.2781	-0.6449	0.6201	1	0.3504	2.5156	0.0119
b1_17	b2_27	-1.6291	0.7395	0.3058	0.4325	1	-0.2216	-2.2587	0.0239
b1_18	b1_22	0.6341	0.4369	-0.9631	0.2250	1	0.6143	3.2501	0.0012
b1_2	b1_20	-1.0294	0.6586	0.4058	0.2698	1	-0.0116	-2.0163	0.0438
b1_20	b2_16	-0.2043	0.1905	0.8907	0.4500	1	-0.1177	-2.2408	0.0250
b1_20	b2_23	-0.9131	0.4296	0.1695	0.1010	1	-0.2000	-2.4532	0.0142
b1_20	c2_6	-1.0554	0.1672	0.1642	0.0821	1	-0.8470	-6.5465	0.0000
b1_21	b2_8	0.1318	0.1065	-0.2548	0.1282	1	0.0531	2.3186	0.0204
b1_22	b2_31	-0.0273	0.1259	0.9711	0.2792	1	-0.3859	-3.2599	0.0011
b1_23	b2_9	-0.2178	0.1094	0.2670	0.1785	1	-0.0662	-2.3162	0.0205
b1_25	b2_2	-0.4906	0.3172	0.8350	0.5563	1	-0.0448	-2.0699	0.0385
b1_25	b2_22	0.8899	0.3202	-0.0007	0.0157	1	0.2494	2.7781	0.0055
b1_25	b2_31	0.3971	0.2006	-0.7165	0.3759	1	0.2614	2.6136	0.0090
b1_26	b2_27	-0.4928	0.3270	0.3537	0.1992	1	-0.0807	-2.2109	0.0270
b1_27	b2_27	-1.4510	0.3125	0.1499	0.4451	1	-0.5131	-2.9434	0.0032
b1_3	b1_27	0.6199	0.1570	-0.0700	0.0939	1	0.3240	3.7711	0.0002
b1_3	b1_3	0.5673	0.1447	0.0479	0.0677	1	0.1998	3.2504	0.0012
b1_5	b2_8	0.2835	0.1496	-0.2085	0.1912	1	0.0066	2.0271	0.0427
b1_6	b1_12	-0.3635	0.0897	-0.0572	0.0854	1	-0.0585	-2.4724	0.0134
b1_8	b1_15	0.4768	0.3804	-1.6974	0.8495	1	0.3127	2.3360	0.0195
b2_0	b2_13	0.5683	0.3868	-0.8023	0.4137	1	0.2378	2.4199	0.0155
b2_11	c2_3	0.1784	0.4640	-1.8939	0.4542	1	0.7738	3.1917	0.0014
b2_13	b2_16	0.0966	0.1688	-1.0311	0.5284	1	0.0183	2.0330	0.0421
b2_3	b2_27	-0.5845	0.4410	0.5081	0.2597	1	-0.0691	-2.1350	0.0328
b2_7	b2_20	0.5407	0.2732	-0.5045	0.2724	1	0.2737	2.7095	0.0067
