rgn	WT.pcca2	bN82A.pcca2	aT41A.pcca1
MHCII	"(array([0.9, 0.9, 1. , 1. , 1.1, 1.1, 1.2, 1.2, 1.3, 1.3, 1.4]), array([1.11111111, 0.        , 3.33333333, 0.        , 3.33333333,
       0.        , 1.11111111, 0.        , 1.11111111, 0.        ]), array([1.9245009 , 0.        , 3.33333333, 0.        , 3.33333333,
       0.        , 1.9245009 , 0.        , 1.9245009 , 0.        ]))"	"(array([1. , 1. , 1.1, 1.1, 1.2, 1.2, 1.3, 1.3, 1.4]), array([1.11111111, 0.        , 2.22222222, 0.        , 5.55555556,
       0.        , 1.11111111, 0.        ]), array([1.9245009, 0.       , 1.9245009, 0.       , 1.9245009, 0.       ,
       1.9245009, 0.       ]))"	"(array([0.7, 0.7, 0.8, 0.8, 0.9, 0.9, 1. , 1. , 1.1, 1.1, 1.2, 1.2, 1.3,
       1.3, 1.4]), array([0.        , 1.11111111, 0.        , 0.        , 0.        ,
       1.11111111, 0.        , 2.22222222, 0.        , 3.33333333,
       0.        , 1.11111111, 0.        , 1.11111111]), array([0.        , 1.9245009 , 0.        , 0.        , 0.        ,
       1.9245009 , 0.        , 3.84900179, 0.        , 3.33333333,
       0.        , 1.9245009 , 0.        , 1.9245009 ]))"
