rgn	WT.pcca2	WT.pcca2	bN82A.pcca2	bN82A.pcca2	aT41A.pcca1	aT41A.pcca1
	mf	sf	mf	sf	mf	sf
a1_0	2.5987	0.1369	2.5842	0.2269	2.3794	0.2840
a1_1	2.2505	0.0333	2.3415	0.1063	2.3220	0.0912
a1_10	1.4127	0.0184	1.3845	0.0309	1.4423	0.0307
a1_11	-0.0310	0.0739	-0.0644	0.0656	-0.0900	0.1329
a1_12	2.3596	0.0828	2.3231	0.0800	2.2938	0.1150
a1_13	1.1798	0.0660	1.0459	0.1628	1.1517	0.1216
a1_14	-0.5858	0.0724	-0.5742	0.0179	-0.5383	0.0722
a1_15	-0.3546	0.0280	-0.2843	0.0972	-0.3222	0.0339
a1_16	2.6209	0.0203	2.6974	0.0351	2.3598	0.4081
a1_17	0.4982	0.1922	0.3169	0.0381	0.2437	0.1339
a1_18	-0.6274	0.0416	-0.6763	0.0715	-0.6656	0.0561
a1_19	-0.3670	0.3107	-0.5298	0.0763	-0.5224	0.0415
a1_2	2.6127	0.0125	2.5974	0.0608	2.5912	0.0252
a1_20	-0.6087	0.0396	-0.6421	0.0366	-0.5791	0.0259
a1_21	-0.6730	0.0348	-0.6325	0.0537	-0.6468	0.0268
a1_22	-0.6628	0.0844	-0.5737	0.0644	-0.6460	0.0631
a1_23	-0.6103	0.0792	-0.6588	0.0292	-0.6792	0.0207
a1_24	0.0704	0.0984	0.0758	0.0440	0.0893	0.0295
a1_25	1.7263	0.4315	1.6957	0.3557	1.4144	0.4450
a1_26	2.4240	0.0475	2.3825	0.1208	2.3554	0.1043
a1_27	2.4003	0.0062	2.5310	0.0779	2.3973	0.0475
a1_3	2.3678	0.0572	2.4665	0.0058	2.4644	0.0417
a1_4	0.1336	0.0347	0.1619	0.0361	0.2039	0.0484
a1_5	2.6747	0.0438	2.4354	0.4214	2.4064	0.3666
a1_6	2.4333	0.0457	2.4742	0.0413	2.5067	0.0941
a1_7	1.8115	0.1226	1.6788	0.0471	1.6790	0.0913
a1_8	1.7256	0.0722	1.7717	0.0663	1.7277	0.1172
a1_9	1.1749	0.3332	1.5812	0.0462	1.6128	0.0993
a2_0	2.4637	0.0238	2.3749	0.0586	2.4296	0.0610
a2_1	1.8503	0.4130	2.1900	0.3473	2.6251	0.0383
a2_10	2.2272	0.3379	2.5135	0.0418	2.2147	0.4032
a2_11	2.3959	0.0296	2.4442	0.0328	2.3700	0.0506
a2_12	1.0664	0.0580	1.1580	0.0731	1.0826	0.0657
a2_13	1.8920	0.6524	1.9893	0.2359	1.8163	0.2981
a2_14	1.4559	0.2556	1.6256	0.4593	1.5265	0.4952
a2_15	1.2550	0.0408	2.1585	0.2974	1.9610	0.6851
a2_16	2.3786	0.0360	2.0147	0.2610	1.7568	0.6061
a2_17	1.5691	0.4164	1.7849	0.0280	1.7486	0.0329
a2_18	-0.0321	0.7952	0.2370	0.9553	0.0275	0.9448
a2_19	2.6911	0.0655	2.7281	0.0714	2.6971	0.0899
a2_2	1.4990	0.0404	1.4608	0.0748	1.5599	0.0919
a2_20	2.6603	0.0362	2.5615	0.1080	2.5520	0.0716
a2_21	1.9219	0.3698	2.1382	0.4930	1.7548	0.6592
a2_22	2.1290	0.2982	2.0872	0.3740	2.3034	0.0829
a2_23	0.8003	0.0635	0.7730	0.1375	0.7574	0.0117
a2_24	2.5564	0.0048	2.5770	0.0285	2.5693	0.0172
a2_25	2.2654	0.0301	2.2666	0.1005	2.2222	0.0555
a2_26	2.0142	0.8930	2.3456	0.3729	2.5199	0.0912
a2_27	0.7046	0.0782	0.7777	0.0702	0.6338	0.1348
a2_28	2.5823	0.0992	2.6189	0.0913	2.5524	0.0950
a2_29	2.4091	0.1502	2.4481	0.0435	2.5010	0.1261
a2_3	2.2345	0.0893	2.3351	0.0759	2.3770	0.0648
a2_30	2.5519	0.1436	2.5220	0.1444	2.1249	0.4913
a2_31	2.4898	0.0679	2.1649	0.4301	2.1585	0.5679
a2_4	1.6813	0.0737	1.6468	0.0320	1.7210	0.0463
a2_5	2.0591	0.7379	1.6662	0.3673	2.2632	0.3127
a2_6	2.2516	0.0660	2.2571	0.0721	2.2009	0.0064
a2_7	2.0499	0.0375	1.9563	0.0966	2.0183	0.0555
a2_8	2.7026	0.0608	2.7334	0.0196	2.7343	0.0293
a2_9	1.4785	0.2744	1.2546	0.0874	1.4255	0.1655
b1_0	2.5097	0.0489	2.3156	0.3259	2.2662	0.3540
b1_1	2.2912	0.0601	2.2852	0.0287	2.3406	0.0257
b1_10	1.5398	0.1182	1.6018	0.0442	1.6438	0.0584
b1_11	1.4400	0.0348	1.4293	0.0308	1.4584	0.0181
b1_12	1.4537	0.0321	1.5033	0.0702	1.4360	0.0483
b1_13	-0.1779	0.1680	-0.0926	0.0837	-0.1606	0.1232
b1_14	2.5270	0.0658	2.4732	0.1349	2.5592	0.0913
b1_15	1.3346	0.4455	1.6604	0.0803	1.6164	0.1314
b1_16	-0.2519	0.0778	-0.4078	0.0344	-0.4054	0.0790
b1_17	-0.6306	0.0128	-0.6920	0.0335	-0.6090	0.1207
b1_18	-0.6971	0.0616	-0.5792	0.0278	-0.5553	0.1327
b1_19	-0.4005	0.0476	-0.3366	0.1086	-0.2728	0.1363
b1_2	2.4347	0.0172	2.4133	0.0254	2.4116	0.0771
b1_20	0.0845	0.0518	0.0883	0.0481	0.2097	0.2223
b1_21	-0.5563	0.0688	-0.6203	0.0676	-0.5400	0.0319
b1_22	-0.5814	0.0626	-0.5867	0.0756	-0.5396	0.2045
b1_23	-0.4709	0.0681	-0.4192	0.0566	-0.4779	0.1048
b1_24	-0.7597	0.0468	-0.7432	0.2124	-0.6585	0.0555
b1_25	-0.7586	0.0877	-0.5037	0.1654	-0.4895	0.3203
b1_26	-0.6813	0.0867	-0.5483	0.0621	-0.0536	0.7161
b1_27	-0.5254	0.0533	-0.3889	0.1678	-0.0986	0.5491
b1_28	-0.4318	0.0935	-0.6145	0.0937	-0.5532	0.1221
b1_29	1.0117	0.3380	0.5762	0.2183	0.5210	0.3200
b1_3	1.9986	0.0465	2.1112	0.1225	2.2598	0.0631
b1_4	1.6716	0.1661	1.3286	0.3384	1.5514	0.0112
b1_5	0.3328	0.0265	0.6052	0.2327	0.7538	0.0913
b1_6	1.5485	0.3459	2.3978	0.4214	2.2733	0.4361
b1_7	2.3413	0.0889	2.4437	0.0505	2.5051	0.0438
b1_8	2.2315	0.0692	2.3290	0.0595	2.3890	0.0359
b1_9	1.8604	0.0434	1.7997	0.0523	1.8344	0.0981
b2_0	2.4034	0.0845	2.4618	0.0928	2.4448	0.0107
b2_1	2.5263	0.0534	2.4982	0.0444	2.4775	0.0083
b2_10	0.3152	0.6119	0.8640	0.1072	0.2210	0.7305
b2_11	2.3785	0.0238	2.4217	0.0795	2.4478	0.0775
b2_12	2.5538	0.1039	2.5253	0.0909	2.5796	0.0510
b2_13	1.0396	0.0150	0.9346	0.0790	0.9850	0.0826
b2_14	2.5477	0.1054	2.5007	0.0496	2.5119	0.0680
b2_15	0.8182	0.0576	0.8282	0.0591	0.7620	0.1003
b2_16	2.3715	0.4571	2.4478	0.1151	2.5749	0.0936
b2_17	1.2717	0.6732	0.9842	0.2510	1.0219	0.7311
b2_18	1.5662	0.3857	1.8133	0.0500	1.8038	0.1048
b2_19	0.4004	0.1303	0.4910	0.0438	0.4241	0.0383
b2_2	2.5651	0.1060	2.5223	0.0605	2.5449	0.0432
b2_20	2.7129	0.0360	2.7296	0.0748	2.4769	0.3848
b2_21	2.6455	0.0477	2.5550	0.0640	2.5047	0.0305
b2_22	2.3549	0.1417	2.2688	0.2006	2.3337	0.0552
b2_23	2.0046	0.1168	2.0425	0.1661	1.6408	0.3366
b2_24	1.7981	0.1673	1.7226	0.1652	1.6182	0.3633
b2_25	2.4860	0.1143	2.4025	0.0948	2.4814	0.0597
b2_26	2.3682	0.0482	2.3036	0.0206	2.3792	0.0297
b2_27	2.3659	0.1189	2.4128	0.0661	2.3674	0.0153
b2_28	0.6609	0.0510	0.6357	0.0684	0.7156	0.1032
b2_29	1.5978	0.0761	1.6427	0.0385	1.7424	0.1301
b2_3	1.4851	0.5978	2.1436	0.2070	2.4561	0.3451
b2_30	2.4429	0.0981	2.4480	0.0588	2.5366	0.1278
b2_31	2.5596	0.1047	2.5781	0.0123	2.4471	0.2334
b2_4	1.5033	0.1929	1.6931	0.0360	1.5549	0.1013
b2_5	1.4410	0.7369	1.1811	0.8013	1.3122	0.5513
b2_6	1.4754	0.0595	1.4691	0.1049	1.4412	0.0350
b2_7	2.3131	0.0391	2.4027	0.0258	2.3571	0.0873
b2_8	2.4024	0.0389	2.5053	0.0898	1.8708	0.6768
b2_9	1.7850	0.0672	1.7869	0.0144	1.7520	0.0649
c2_0	2.2082	0.5949	2.4101	0.0651	2.1493	0.3947
c2_1	1.0028	0.5166	1.5288	0.3580	1.5404	0.2476
c2_2	2.5418	0.0772	2.2359	0.7962	2.5983	0.0335
c2_3	2.6100	0.0166	2.6127	0.0302	2.3802	0.4159
c2_4	2.5553	0.0293	2.5416	0.0978	2.4646	0.0386
c2_5	1.6838	0.3351	1.6661	0.4401	1.5401	0.3980
c2_6	1.8280	0.6375	1.7653	0.2687	1.3983	0.9106
