seg	res	rnm	aT41A.pcca1	aT41A.pcca1	WT.pcca2	WT.pcca2	lsdm	sdiff	score	pval
			mf	sf	mf	sf				
A	72	ILE	0.2839	0.0347	0.1475	0.0282	1	0.0469	3.0480	0.0023
A	96	PRO	0.1804	0.0242	0.1095	0.0203	1	0.0078	2.2456	0.0247
B	26	LEU	0.0808	0.0232	0.0167	0.0031	1	0.0172	2.7354	0.0062
B	30	CYS	0.0267	0.0044	0.0128	0.0036	1	0.0026	2.4645	0.0137
B	41	ASP	0.1911	0.0303	0.0763	0.0074	1	0.0523	3.6737	0.0002
B	42	SER	0.3289	0.0296	0.2323	0.0380	1	0.0003	2.0057	0.0449
B	43	ASP	0.6686	0.0137	0.6087	0.0240	1	0.0047	2.1687	0.0301
B	75	VAL	0.0495	0.0572	0.1803	0.0273	1	-0.0041	-2.0649	0.0389
B	100	THR	0.2642	0.0145	0.1991	0.0136	1	0.0254	3.2773	0.0010
B	118	SER	0.0874	0.0089	0.0440	0.0047	1	0.0232	4.3068	0.0000
B	136	GLN	0.6726	0.0118	0.6242	0.0183	1	0.0048	2.2199	0.0264
B	145	THR	0.5516	0.0246	0.4904	0.0056	1	0.0108	2.4266	0.0152
C	109	MET	0.2256	0.0100	0.2924	0.0054	1	-0.0441	-5.8899	0.0000
C	110	ALA	0.0086	0.0065	0.1086	0.0157	1	-0.0661	-5.9037	0.0000
C	111	THR	0.3554	0.0321	0.4294	0.0127	1	-0.0050	-2.1457	0.0319
C	117	ALA	0.3367	0.0623	0.6261	0.0089	1	-0.1634	-4.5953	0.0000
C	119	PRO	0.1633	0.2114	0.7955	0.0861	1	-0.1757	-2.7698	0.0056
