seg	res	rnm	aT41A.pcca1	aT41A.pcca1	bN82A.pcca2	bN82A.pcca2	lsdm	sdiff	score	pval
			mf	sf	mf	sf				
A	7	ILE	0.0191	0.0057	0.0052	0.0020	1	0.0019	2.3214	0.0203
A	15	ASN	0.1913	0.0171	0.2290	0.0062	1	-0.0014	-2.0783	0.0377
A	24	PHE	0.0022	0.0010	0.0000	0.0001	1	0.0001	2.0986	0.0358
A	72	ILE	0.2839	0.0347	0.1611	0.0139	1	0.0480	3.2845	0.0010
B	26	LEU	0.0808	0.0232	0.0234	0.0159	1	0.0012	2.0420	0.0411
B	75	VAL	0.0495	0.0572	0.1873	0.0273	1	-0.0111	-2.1750	0.0296
B	110	GLN	0.3872	0.0043	0.3278	0.0164	1	0.0255	3.5051	0.0005
B	177	HIE	0.0256	0.0072	0.0422	0.0030	1	-0.0010	-2.1334	0.0329
C	110	ALA	0.0086	0.0065	0.0546	0.0150	1	-0.0132	-2.8046	0.0050
C	111	THR	0.3554	0.0321	0.4499	0.0240	1	-0.0144	-2.3595	0.0183
C	117	ALA	0.3367	0.0623	0.5895	0.0377	1	-0.1071	-3.4699	0.0005
