seg	res	rnm	bN82A.pcca2	bN82A.pcca2	WT.pcca2	WT.pcca2	lsdm	sdiff	score	pval
			mf	sf	mf	sf				
A	16	PRO	0.2435	0.0024	0.1847	0.0198	1	0.0189	2.9483	0.0032
A	24	PHE	0.0000	0.0001	0.0060	0.0028	1	-0.0004	-2.1512	0.0315
A	30	GLU	0.0282	0.0054	0.0116	0.0023	1	0.0049	2.8299	0.0047
A	82	ILE	0.0362	0.0036	0.0647	0.0097	1	-0.0078	-2.7492	0.0060
A	132	VAL	0.3985	0.1543	0.7814	0.0901	1	-0.0255	-2.1427	0.0321
A	147	LYS	0.1000	0.0221	0.1764	0.0239	1	-0.0112	-2.3442	0.0191
B	14	GLU	0.0807	0.0077	0.0308	0.0089	1	0.0264	4.2521	0.0000
B	15	CYX	0.0001	0.0002	0.0107	0.0034	1	-0.0037	-3.0921	0.0020
B	29	ARG	0.1257	0.0056	0.0637	0.0091	1	0.0406	5.7916	0.0000
B	41	ASP	0.1483	0.0189	0.0763	0.0074	1	0.0314	3.5467	0.0004
B	68	LEU	0.0523	0.0147	0.0155	0.0026	1	0.0068	2.4568	0.0140
B	100	THR	0.2593	0.0177	0.1991	0.0136	1	0.0156	2.7008	0.0069
B	118	SER	0.0803	0.0163	0.0440	0.0047	1	0.0023	2.1383	0.0325
B	182	SER	0.5306	0.0107	0.5712	0.0129	1	-0.0071	-2.4249	0.0153
C	109	MET	0.2489	0.0173	0.2924	0.0054	1	-0.0072	-2.4000	0.0164
C	110	ALA	0.0546	0.0150	0.1086	0.0157	1	-0.0106	-2.4902	0.0128
