seg	res	rnm	WT.pcca2	WT.pcca2	bN82A.pcca2	bN82A.pcca2	aT41A.pcca1	aT41A.pcca1
			mf	sf	mf	sf	mf	sf
A	4	GLU	0.6619	0.0834	0.6838	0.0646	0.6923	0.0544
A	5	HIP	0.3969	0.0286	0.3685	0.0551	0.3856	0.0573
A	6	VAL	0.1749	0.0203	0.1814	0.0193	0.1816	0.0549
A	7	ILE	0.0123	0.0076	0.0052	0.0020	0.0191	0.0057
A	8	ILE	0.1226	0.0280	0.0755	0.0165	0.0912	0.0406
A	9	GLN	0.0012	0.0017	0.0000	0.0000	0.0002	0.0004
A	10	ALA	0.0565	0.0087	0.0353	0.0112	0.0419	0.0185
A	11	GLH	0.0068	0.0028	0.0035	0.0022	0.0047	0.0026
A	12	PHE	0.0279	0.0120	0.0299	0.0024	0.0319	0.0100
A	13	TYR	0.0631	0.0086	0.0470	0.0163	0.0469	0.0255
A	14	LEU	0.0056	0.0050	0.0090	0.0040	0.0048	0.0067
A	15	ASN	0.2395	0.0290	0.2289	0.0062	0.1911	0.0171
A	16	PRO	0.1846	0.0198	0.2434	0.0024	0.2673	0.0551
A	17	ASP	0.3218	0.0346	0.2983	0.0155	0.3025	0.0261
A	18	GLN	0.5203	0.0849	0.4635	0.0459	0.4979	0.0335
A	19	SER	0.3198	0.0618	0.3284	0.0210	0.3138	0.0601
A	20	GLY	0.0912	0.0698	0.1243	0.0661	0.0694	0.0609
A	21	GLH	0.1166	0.0650	0.0865	0.0384	0.0975	0.0657
A	22	PHE	0.0018	0.0006	0.0020	0.0021	0.0014	0.0006
A	23	MET	0.0168	0.0035	0.0151	0.0048	0.0193	0.0064
A	24	PHE	0.0060	0.0028	0.0000	0.0001	0.0022	0.0010
A	25	ASH	0.0379	0.0204	0.0177	0.0043	0.0394	0.0162
A	26	PHE	0.0390	0.0185	0.0313	0.0152	0.0320	0.0275
A	27	ASP	0.3117	0.0416	0.3832	0.0508	0.3066	0.0958
A	28	GLY	0.5068	0.0324	0.3804	0.0584	0.3491	0.1472
A	29	ASH	0.0381	0.0099	0.0375	0.0272	0.0273	0.0268
A	30	GLU	0.0116	0.0023	0.0282	0.0054	0.0178	0.0068
A	31	ILE	0.0036	0.0044	0.0019	0.0026	0.0023	0.0026
A	32	PHE	0.0000	0.0000	0.0002	0.0003	0.0001	0.0001
A	33	HIP	0.0352	0.0215	0.0644	0.0208	0.0470	0.0407
A	34	VAL	0.0110	0.0088	0.0138	0.0124	0.0067	0.0043
A	35	ASP	0.1445	0.0373	0.1720	0.0664	0.1341	0.0323
A	36	MET	0.2023	0.0596	0.2571	0.0560	0.2856	0.0448
A	37	ALA	0.7852	0.0700	0.8047	0.0553	0.7985	0.0521
A	38	LYS	0.6100	0.0226	0.6255	0.0186	0.6132	0.0971
A	39	LYS	0.5766	0.0507	0.5846	0.0569	0.5612	0.0211
A	40	GLU	0.4150	0.0438	0.4266	0.0336	0.4544	0.0309
A	41	MTS	0.1555	0.0538	0.1614	0.0187	0.1675	0.0540
A	42	VAL	0.2506	0.0281	0.2767	0.0262	0.2645	0.0614
A	43	TRP	0.1724	0.0329	0.1719	0.0242	0.1842	0.0563
A	44	ARG	0.1184	0.0161	0.1752	0.0352	0.1590	0.0136
A	45	LEU	0.0780	0.0311	0.0455	0.0300	0.0650	0.0110
A	46	GLU	0.5469	0.0475	0.5170	0.0714	0.5488	0.0496
A	47	GLU	0.3844	0.0392	0.3967	0.0151	0.3951	0.0733
A	48	PHE	0.0019	0.0017	0.0303	0.0386	0.0085	0.0076
A	49	GLY	0.1899	0.0140	0.1818	0.0399	0.2419	0.0475
A	50	ARG	0.5005	0.0353	0.5509	0.0732	0.5424	0.0522
A	51	PHE	0.2977	0.0170	0.3878	0.1024	0.2481	0.0619
A	52	ALA	0.0058	0.0050	0.0318	0.0223	0.0191	0.0176
A	53	SER	0.2720	0.0723	0.2940	0.0732	0.3046	0.0075
A	54	PHE	0.0986	0.0088	0.0943	0.0306	0.1031	0.0056
A	55	GLU	0.4985	0.0450	0.5266	0.0927	0.4807	0.0426
A	56	ALA	0.0629	0.0278	0.0832	0.0247	0.0882	0.0388
A	57	GLN	0.5934	0.0304	0.6177	0.0624	0.5979	0.0102
A	58	GLY	0.1776	0.0281	0.2063	0.0463	0.1953	0.0321
A	59	ALA	0.1128	0.1943	0.0002	0.0003	0.0005	0.0006
A	60	LEU	0.2926	0.0268	0.2569	0.0492	0.1932	0.0573
A	61	ALA	0.4615	0.0890	0.5390	0.0166	0.5361	0.0168
A	62	ASN	0.0191	0.0185	0.0319	0.0088	0.0388	0.0366
A	63	ILE	0.0784	0.0311	0.0536	0.0236	0.0462	0.0420
A	64	ALA	0.4663	0.0327	0.4474	0.0301	0.4232	0.0438
A	65	VAL	0.2164	0.0211	0.1954	0.0057	0.1870	0.0561
A	66	ASP	0.0013	0.0015	0.0005	0.0005	0.0003	0.0006
A	67	LYS	0.3923	0.0555	0.3919	0.0561	0.4066	0.0354
A	68	ALA	0.2776	0.0309	0.2719	0.0659	0.3056	0.0328
A	69	ASN	0.0013	0.0017	0.0019	0.0018	0.0020	0.0004
A	70	LEU	0.0164	0.0027	0.0213	0.0042	0.0172	0.0127
A	71	GLU	0.4642	0.0674	0.5074	0.0324	0.4596	0.0829
A	72	ILE	0.1474	0.0282	0.1610	0.0139	0.2838	0.0347
A	73	MET	0.0042	0.0038	0.0022	0.0038	0.0008	0.0002
A	74	THR	0.0412	0.0173	0.0292	0.0018	0.0366	0.0261
A	75	LYS	0.6117	0.0652	0.5590	0.0665	0.5673	0.0385
A	76	ARG	0.1439	0.0537	0.2070	0.0296	0.2514	0.0165
A	77	SER	0.1112	0.0063	0.1140	0.0195	0.1085	0.0234
A	78	ASN	0.7040	0.0351	0.7205	0.0127	0.7210	0.0110
A	79	TYR	0.4567	0.0212	0.4890	0.0203	0.4867	0.0277
A	80	THR	0.4700	0.0294	0.5003	0.0267	0.4821	0.0551
A	81	PRO	0.4184	0.0470	0.4025	0.0286	0.3843	0.0103
A	82	ILE	0.0647	0.0097	0.0362	0.0036	0.0424	0.0205
A	83	THR	0.6774	0.0258	0.6993	0.0263	0.6390	0.0784
A	84	ASN	0.2923	0.0230	0.2868	0.0117	0.2686	0.0326
A	85	VAL	0.2652	0.0230	0.2551	0.0247	0.2583	0.0221
A	86	PRO	0.4080	0.0272	0.4647	0.0175	0.4228	0.0225
A	87	PRO	0.0731	0.0133	0.0683	0.0127	0.0655	0.0239
A	88	GLU	0.4206	0.0197	0.4312	0.0060	0.4542	0.0114
A	89	VAL	0.1017	0.0297	0.0870	0.0304	0.0810	0.0217
A	90	THR	0.3317	0.0544	0.3449	0.0439	0.3286	0.0688
A	91	VAL	0.1233	0.0174	0.1022	0.0279	0.1100	0.0320
A	92	LEU	0.1556	0.0378	0.2025	0.0395	0.1733	0.0447
A	93	THR	0.0916	0.0287	0.1080	0.0259	0.1348	0.0158
A	94	ASN	0.2427	0.0107	0.2486	0.0162	0.2506	0.0057
A	95	SER	0.2683	0.0420	0.1969	0.0696	0.2699	0.0195
A	96	PRO	0.1094	0.0202	0.1996	0.0448	0.1803	0.0242
A	97	VAL	0.2000	0.0454	0.2094	0.0632	0.2368	0.0729
A	98	GLU	0.4262	0.0246	0.4862	0.0600	0.5048	0.0671
A	99	LEU	0.5141	0.0789	0.4945	0.0463	0.4868	0.0697
A	100	ARG	0.5364	0.0444	0.5468	0.0731	0.5746	0.0674
A	101	GLU	0.4427	0.0117	0.4578	0.0860	0.4577	0.0173
A	102	PRO	0.7016	0.0520	0.6924	0.0454	0.7146	0.0216
A	103	ASN	0.0608	0.0056	0.0580	0.0057	0.0529	0.0139
A	104	VAL	0.2546	0.0055	0.2623	0.0352	0.2445	0.0169
A	105	LEU	0.0005	0.0008	0.0001	0.0002	0.0003	0.0006
A	106	ILE	0.0010	0.0011	0.0078	0.0032	0.0036	0.0039
A	107	CYX	0.0050	0.0069	0.0008	0.0007	0.0012	0.0021
A	108	PHE	0.1132	0.0330	0.1237	0.0106	0.1222	0.0404
A	109	ILE	0.0046	0.0059	0.0021	0.0026	0.0011	0.0019
A	110	ASP	0.0479	0.0237	0.0701	0.0218	0.0844	0.0321
A	111	LYS	0.3953	0.0131	0.3693	0.0281	0.4288	0.0484
A	112	PHE	0.0000	0.0000	0.0000	0.0000	0.0000	0.0000
A	113	THR	0.0004	0.0002	0.0007	0.0009	0.0006	0.0007
A	114	PRO	0.0012	0.0013	0.0000	0.0000	0.0000	0.0000
A	115	PRO	0.0224	0.0103	0.0192	0.0071	0.0237	0.0164
A	116	VAL	0.2628	0.0492	0.2173	0.0274	0.2339	0.0515
A	117	VAL	0.0738	0.0367	0.0394	0.0101	0.0576	0.0363
A	118	ASN	0.5013	0.0594	0.4772	0.0141	0.4739	0.0361
A	119	VAL	0.1229	0.0260	0.0906	0.0114	0.0806	0.0468
A	120	THR	0.2790	0.0493	0.3156	0.0849	0.2524	0.0411
A	121	TRP	0.0090	0.0047	0.0150	0.0126	0.0138	0.0051
A	122	LEU	0.1065	0.0282	0.1332	0.0087	0.1312	0.0168
A	123	ARG	0.3757	0.0443	0.3791	0.0227	0.3868	0.0143
A	124	ASN	0.4169	0.0185	0.4517	0.0409	0.4759	0.0568
A	125	GLY	0.6112	0.0367	0.6120	0.0642	0.6428	0.0400
A	126	LYS	0.7030	0.0449	0.6796	0.0174	0.7168	0.0228
A	127	PRO	0.6404	0.0176	0.6248	0.0938	0.6394	0.0243
A	128	VAL	0.2560	0.0439	0.2032	0.0190	0.2359	0.0720
A	129	THR	0.8679	0.0197	0.8598	0.0698	0.7923	0.1379
A	130	THR	0.3471	0.0040	0.4849	0.0795	0.4755	0.0651
A	131	GLY	0.4347	0.0873	0.6701	0.1856	0.4965	0.0812
A	132	VAL	0.7809	0.0901	0.3982	0.1542	0.5808	0.1332
A	133	SER	0.2547	0.0603	0.4424	0.0913	0.2922	0.1177
A	134	GLU	0.3447	0.0625	0.4406	0.0568	0.4083	0.0370
A	135	THR	0.0955	0.0247	0.0772	0.0212	0.0880	0.0314
A	136	VAL	0.0595	0.0275	0.1311	0.0414	0.0667	0.0489
A	137	PHE	0.0970	0.0122	0.1208	0.0148	0.1149	0.0201
A	138	LEU	0.0638	0.0356	0.0614	0.0202	0.0482	0.0259
A	139	PRO	0.1255	0.0181	0.1081	0.0170	0.0783	0.0212
A	140	ARG	0.1842	0.0035	0.1883	0.0237	0.1791	0.0166
A	141	GLU	0.5743	0.0293	0.6070	0.0925	0.6392	0.0716
A	142	ASP	0.3758	0.0277	0.3805	0.0134	0.3739	0.0256
A	143	HIE	0.0624	0.0109	0.1038	0.0454	0.0832	0.0069
A	144	LEU	0.0808	0.0241	0.0913	0.0047	0.0844	0.0296
A	145	PHE	0.0139	0.0030	0.0074	0.0075	0.0084	0.0053
A	146	ARG	0.2902	0.0148	0.2624	0.0215	0.2448	0.0322
A	147	LYS	0.1763	0.0239	0.0999	0.0221	0.1295	0.0693
A	148	PHE	0.0538	0.0243	0.0539	0.0120	0.0538	0.0340
A	149	HIE	0.1274	0.0247	0.0831	0.0400	0.0899	0.0494
A	150	TYR	0.0856	0.0219	0.0862	0.0121	0.0945	0.0321
A	151	LEU	0.0387	0.0239	0.0391	0.0337	0.0258	0.0081
A	152	PRO	0.5570	0.0448	0.5472	0.0472	0.5142	0.0841
A	153	PHE	0.0736	0.0134	0.0624	0.0039	0.0672	0.0005
A	154	LEU	0.4040	0.0347	0.5164	0.0549	0.4219	0.0551
A	155	PRO	0.0086	0.0149	0.0109	0.0139	0.0096	0.0135
A	156	SER	0.0698	0.0462	0.0816	0.0693	0.0885	0.0402
A	157	THR	0.5952	0.0748	0.5263	0.1172	0.5088	0.0755
A	158	GLU	0.6388	0.0790	0.6137	0.0111	0.6755	0.0505
A	159	ASP	0.0954	0.0153	0.1007	0.0137	0.1018	0.0371
A	160	VAL	0.3446	0.0188	0.3113	0.0322	0.2671	0.0417
A	161	TYR	0.0238	0.0144	0.0196	0.0053	0.0249	0.0115
A	162	ASP	0.1048	0.0199	0.1159	0.0176	0.1054	0.0107
A	163	CYX	0.0008	0.0009	0.0002	0.0001	0.0001	0.0001
A	164	ARG	0.3127	0.0408	0.2741	0.0062	0.3048	0.0305
A	165	VAL	0.0014	0.0011	0.0041	0.0056	0.0004	0.0004
A	166	GLU	0.3541	0.1058	0.3529	0.0399	0.3372	0.0333
A	167	HIE	0.0568	0.0209	0.0690	0.0129	0.0579	0.0044
A	168	TRP	0.3450	0.0597	0.2501	0.0093	0.2771	0.0183
A	169	GLY	0.5923	0.1792	0.7132	0.0414	0.6751	0.0233
A	170	LEU	0.3092	0.0333	0.3540	0.0455	0.3575	0.0359
A	171	ASP	0.8526	0.0219	0.8238	0.0431	0.8240	0.0268
A	172	GLU	0.6383	0.0064	0.6090	0.0309	0.6208	0.0201
A	173	PRO	0.3164	0.0022	0.3742	0.0430	0.3558	0.0206
A	174	LEU	0.3032	0.0150	0.3341	0.0430	0.3069	0.0433
A	175	LEU	0.5402	0.0729	0.5197	0.0301	0.5479	0.0276
A	176	LYS	0.4303	0.0304	0.4484	0.0086	0.4183	0.0282
A	177	HIP	0.3923	0.0206	0.4009	0.0247	0.4072	0.0162
A	178	TRP	0.1297	0.0345	0.1041	0.0340	0.1177	0.0441
A	179	GLU	0.3682	0.0100	0.3937	0.1030	0.4042	0.0932
A	180	PHE	0.1563	0.0897	0.1600	0.0444	0.2512	0.0307
A	181	ASP	0.4108	0.0484	0.4786	0.0453	0.4280	0.0691
A	182	ALA	0.3680	0.1160	0.3226	0.0448	0.3607	0.0706
A	183	PRO	0.3267	0.0458	0.5916	0.1321	0.3698	0.1082
A	184	SER	0.6356	0.0852	0.6617	0.1069	0.7194	0.1115
B	4	ARG	0.8421	0.0264	0.8626	0.0396	0.8675	0.0485
B	5	PRO	0.4552	0.0072	0.4299	0.0121	0.4440	0.0361
B	6	ARG	0.1576	0.0499	0.1356	0.0014	0.1436	0.0206
B	7	PHE	0.0856	0.0210	0.0804	0.0117	0.0858	0.0138
B	8	LEU	0.0046	0.0041	0.0086	0.0027	0.0072	0.0063
B	9	TRP	0.0026	0.0012	0.0043	0.0021	0.0052	0.0035
B	10	GLN	0.0197	0.0017	0.0223	0.0104	0.0218	0.0086
B	11	LEU	0.0096	0.0020	0.0185	0.0090	0.0230	0.0081
B	12	LYS	0.0225	0.0054	0.0488	0.0517	0.0295	0.0096
B	13	PHE	0.0064	0.0024	0.0037	0.0012	0.0044	0.0041
B	14	GLU	0.0308	0.0089	0.0806	0.0077	0.0572	0.0389
B	15	CYX	0.0107	0.0034	0.0001	0.0002	0.0040	0.0020
B	16	HIP	0.1826	0.0330	0.2254	0.0230	0.2252	0.0871
B	17	PHE	0.0410	0.0223	0.0282	0.0197	0.0480	0.0086
B	18	PHE	0.5517	0.0797	0.4904	0.0843	0.6182	0.0793
B	19	ASN	0.4381	0.0633	0.3368	0.0668	0.3788	0.0499
B	20	GLY	0.3081	0.1818	0.3554	0.1453	0.3521	0.2223
B	21	THR	0.7926	0.0939	0.7257	0.1046	0.8315	0.0210
B	22	GLU	0.5648	0.1073	0.3890	0.0244	0.4066	0.0237
B	23	ARG	0.6565	0.0999	0.7160	0.0151	0.7262	0.0835
B	24	VAL	0.1036	0.0185	0.1102	0.0369	0.1128	0.0413
B	25	ARG	0.3843	0.0169	0.3545	0.0180	0.4655	0.0816
B	26	LEU	0.0167	0.0031	0.0234	0.0158	0.0808	0.0232
B	27	LEU	0.1081	0.0226	0.1386	0.0396	0.1164	0.0657
B	28	GLU	0.0162	0.0015	0.0365	0.0151	0.0333	0.0150
B	29	ARG	0.0636	0.0091	0.1256	0.0056	0.1288	0.0678
B	30	CYS	0.0128	0.0036	0.0297	0.0139	0.0266	0.0044
B	31	ILE	0.0038	0.0028	0.0070	0.0036	0.0057	0.0008
B	32	TYR	0.0317	0.0058	0.0252	0.0026	0.0284	0.0195
B	33	ASN	0.0952	0.0343	0.0883	0.0094	0.1288	0.0333
B	34	GLN	0.2425	0.0438	0.2428	0.0156	0.2413	0.0228
B	35	GLU	0.5202	0.0099	0.5309	0.0421	0.4849	0.0657
B	36	GLU	0.0812	0.0127	0.1117	0.0142	0.0991	0.0187
B	37	SER	0.0082	0.0047	0.0056	0.0010	0.0062	0.0014
B	38	VAL	0.0019	0.0017	0.0063	0.0063	0.0133	0.0086
B	39	ARG	0.2975	0.0279	0.3488	0.0027	0.3480	0.0045
B	40	PHE	0.0026	0.0019	0.0145	0.0112	0.0561	0.0434
B	41	ASP	0.0762	0.0074	0.1482	0.0189	0.1909	0.0303
B	42	SER	0.2321	0.0380	0.2203	0.0497	0.3286	0.0295
B	43	ASP	0.6083	0.0240	0.5941	0.0433	0.6681	0.0136
B	44	VAL	0.4646	0.0630	0.4528	0.0096	0.4842	0.0376
B	45	GLY	0.1307	0.0353	0.0975	0.0371	0.2353	0.1879
B	46	GLU	0.2712	0.0345	0.2578	0.0313	0.2266	0.0158
B	47	TYR	0.0087	0.0044	0.0233	0.0058	0.0215	0.0096
B	48	ARG	0.4734	0.0444	0.5300	0.0535	0.4717	0.0197
B	49	ALA	0.3186	0.0836	0.2538	0.0559	0.3007	0.0558
B	50	VAL	0.4323	0.0383	0.4419	0.0465	0.4259	0.0947
B	51	THR	0.2904	0.0252	0.3011	0.0831	0.2741	0.0516
B	52	GLU	0.5938	0.0597	0.6295	0.0232	0.5946	0.0301
B	53	LEU	0.2701	0.0381	0.2724	0.0494	0.2513	0.0458
B	54	GLY	0.0015	0.0026	0.0000	0.0000	0.0037	0.0058
B	55	ARG	0.5095	0.0529	0.4883	0.0220	0.4674	0.0461
B	56	PRO	0.2288	0.0736	0.2038	0.1158	0.3404	0.0383
B	57	ASP	0.0039	0.0034	0.0030	0.0016	0.0040	0.0019
B	58	ALA	0.0570	0.0278	0.0641	0.0217	0.0873	0.0169
B	59	GLU	0.5357	0.0697	0.5396	0.0160	0.5641	0.0542
B	60	TYR	0.3269	0.0302	0.3311	0.0114	0.2900	0.0658
B	61	TRP	0.0127	0.0029	0.0259	0.0078	0.0174	0.0070
B	62	ASN	0.1547	0.0578	0.2106	0.0031	0.2187	0.1005
B	63	SER	0.5175	0.0744	0.5125	0.0903	0.4644	0.0605
B	64	GLN	0.2933	0.0051	0.3301	0.0444	0.3939	0.2118
B	65	LYS	0.6363	0.0133	0.7335	0.0557	0.6783	0.0578
B	66	ASP	0.6798	0.0295	0.6538	0.0389	0.6257	0.0345
B	67	LEU	0.3188	0.0129	0.2696	0.0994	0.1793	0.0772
B	68	LEU	0.0155	0.0026	0.0522	0.0147	0.0591	0.0354
B	69	GLU	0.4713	0.0215	0.5001	0.0252	0.4482	0.0339
B	70	GLN	0.5503	0.0195	0.5342	0.0179	0.4487	0.1546
B	71	ARG	0.0842	0.0110	0.0768	0.0086	0.0482	0.0364
B	72	ARG	0.3695	0.0136	0.4249	0.0430	0.3089	0.0968
B	73	ALA	0.3732	0.0183	0.3452	0.1226	0.4795	0.0581
B	74	ALA	0.1146	0.0592	0.1417	0.0542	0.2363	0.1561
B	75	VAL	0.1802	0.0273	0.1872	0.0273	0.0494	0.0572
B	76	ASP	0.3134	0.0261	0.3348	0.0586	0.2723	0.0437
B	77	THR	0.4008	0.0890	0.4139	0.0719	0.3634	0.0858
B	78	TYR	0.0303	0.0107	0.0171	0.0066	0.0234	0.0025
B	79	CYX	0.0053	0.0046	0.0012	0.0004	0.0068	0.0043
B	80	ARG	0.4238	0.0683	0.4456	0.0219	0.4814	0.0283
B	81	HIP	0.3508	0.0492	0.4896	0.1156	0.3699	0.0834
B	82	MTS	0.0062	0.0042	0.0382	0.0343	0.0113	0.0041
B	83	TYR	0.0618	0.0157	0.0425	0.0356	0.0694	0.0326
B	84	GLY	0.4476	0.0071	0.4035	0.1684	0.3914	0.1096
B	85	VAL	0.1688	0.0670	0.2615	0.0617	0.3191	0.1355
B	86	GLY	0.0079	0.0092	0.0154	0.0141	0.0563	0.0519
B	87	GLU	0.3076	0.0277	0.2355	0.0336	0.2539	0.0130
B	88	SER	0.5205	0.0420	0.4242	0.0934	0.4618	0.0987
B	89	PHE	0.1653	0.0266	0.1318	0.0360	0.2167	0.0806
B	90	THR	0.0406	0.0327	0.0645	0.0858	0.0489	0.0395
B	91	VAL	0.3379	0.1023	0.3170	0.1354	0.2810	0.0869
B	92	GLN	0.6471	0.0616	0.5687	0.0639	0.5536	0.0388
B	93	ARG	0.2161	0.0827	0.2460	0.0411	0.1999	0.0231
B	94	ARG	0.5619	0.0687	0.5601	0.0524	0.5800	0.0671
B	95	VAL	0.2978	0.0115	0.2969	0.0357	0.2973	0.0158
B	96	GLU	0.4171	0.1117	0.4511	0.0475	0.4317	0.0714
B	97	PRO	0.0365	0.0242	0.0322	0.0068	0.0323	0.0065
B	98	LYS	0.4606	0.0608	0.5295	0.0336	0.4894	0.0749
B	99	VAL	0.1504	0.0159	0.1534	0.0140	0.1715	0.0013
B	100	THR	0.1989	0.0136	0.2591	0.0177	0.2641	0.0145
B	101	VAL	0.1303	0.0078	0.1127	0.0121	0.1305	0.0278
B	102	TYR	0.2362	0.0321	0.2554	0.0290	0.2950	0.0101
B	103	PRO	0.2566	0.0430	0.2815	0.0651	0.3156	0.0661
B	104	SER	0.1067	0.0338	0.1754	0.0622	0.1376	0.0160
B	105	LYS	0.2028	0.0851	0.2821	0.1111	0.2846	0.1440
B	106	THR	0.5328	0.0656	0.5469	0.0672	0.5950	0.0979
B	107	GLN	0.5570	0.0326	0.5178	0.0541	0.5180	0.0462
B	108	PRO	0.7417	0.0122	0.7718	0.0512	0.7315	0.0675
B	109	LEU	0.8875	0.0529	0.9880	0.0181	0.9668	0.0738
B	110	GLN	0.4203	0.0588	0.3276	0.0164	0.3870	0.0043
B	111	HIP	0.6763	0.1036	0.7892	0.0344	0.6862	0.1258
B	112	HIE	0.2370	0.0689	0.2838	0.0502	0.2189	0.0149
B	113	ASN	0.2234	0.0250	0.3102	0.0870	0.1990	0.0830
B	114	LEU	0.1179	0.0472	0.1651	0.0480	0.1237	0.0566
B	115	LEU	0.0000	0.0000	0.0004	0.0003	0.0001	0.0002
B	116	VAL	0.0217	0.0090	0.0359	0.0134	0.0309	0.0264
B	117	CYX	0.0013	0.0012	0.0000	0.0000	0.0000	0.0000
B	118	SER	0.0439	0.0047	0.0802	0.0163	0.0873	0.0089
B	119	VAL	0.0031	0.0013	0.0032	0.0026	0.0023	0.0007
B	120	SER	0.0353	0.0119	0.0330	0.0052	0.0365	0.0070
B	121	GLY	0.1570	0.1115	0.1435	0.0227	0.1298	0.0098
B	122	PHE	0.0000	0.0000	0.0000	0.0000	0.0000	0.0000
B	123	TYR	0.0550	0.0130	0.0370	0.0151	0.0355	0.0129
B	124	PRO	0.2579	0.0187	0.1688	0.0630	0.2445	0.0318
B	125	GLY	0.2142	0.0118	0.1872	0.0148	0.1855	0.0275
B	126	SER	0.5098	0.0255	0.5352	0.0447	0.5262	0.0259
B	127	ILE	0.2060	0.0147	0.1694	0.0148	0.1870	0.0090
B	128	GLU	0.4631	0.0652	0.4617	0.0335	0.4068	0.0244
B	129	VAL	0.2335	0.0321	0.1751	0.0035	0.1926	0.0123
B	130	ARG	0.3097	0.0632	0.3447	0.0556	0.3508	0.0194
B	131	TRP	0.0252	0.0098	0.0107	0.0043	0.0244	0.0136
B	132	PHE	0.2102	0.0227	0.1847	0.0153	0.1787	0.0210
B	133	ARG	0.2457	0.0352	0.2133	0.0304	0.2106	0.0257
B	134	ASN	0.5066	0.1051	0.4699	0.0377	0.4480	0.0068
B	135	GLY	0.7889	0.0354	0.7194	0.0310	0.6992	0.0821
B	136	GLN	0.6237	0.0183	0.6366	0.0428	0.6722	0.0118
B	137	GLU	0.5058	0.0629	0.3661	0.0621	0.4061	0.0484
B	138	GLU	0.1297	0.0138	0.1388	0.0316	0.1289	0.0191
B	139	LYS	0.8119	0.0394	0.7675	0.0517	0.8182	0.0309
B	140	ALA	0.6504	0.0326	0.6453	0.0291	0.6601	0.0147
B	141	GLY	0.4490	0.0400	0.4202	0.0865	0.4146	0.0217
B	142	VAL	0.3163	0.0313	0.3293	0.0597	0.3470	0.0321
B	143	VAL	0.5393	0.0208	0.4862	0.0731	0.5097	0.0138
B	144	SER	0.5812	0.0393	0.5821	0.0654	0.5562	0.0256
B	145	THR	0.4901	0.0056	0.5465	0.0558	0.5513	0.0246
B	146	GLY	0.4652	0.0403	0.4380	0.0575	0.4067	0.0778
B	147	LEU	0.4339	0.0359	0.4912	0.0164	0.4614	0.0215
B	148	ILE	0.3391	0.0681	0.3206	0.0261	0.3078	0.0950
B	149	GLN	0.1448	0.0353	0.1561	0.0423	0.1226	0.0381
B	150	ASN	0.0183	0.0058	0.0277	0.0187	0.0249	0.0169
B	151	GLY	0.0405	0.0084	0.0368	0.0060	0.0307	0.0135
B	152	ASP	0.3685	0.0344	0.3284	0.0205	0.3424	0.0365
B	153	TRP	0.0311	0.0174	0.0346	0.0054	0.0223	0.0058
B	154	THR	0.1468	0.0076	0.1367	0.0106	0.1406	0.0190
B	155	PHE	0.1524	0.0170	0.1276	0.0374	0.1312	0.0250
B	156	GLN	0.0640	0.0099	0.0764	0.0207	0.0789	0.0148
B	157	THR	0.0625	0.0203	0.0847	0.0014	0.0743	0.0073
B	158	LEU	0.2574	0.0194	0.2514	0.0331	0.2403	0.0417
B	159	VAL	0.0477	0.0113	0.0496	0.0137	0.0574	0.0114
B	160	MET	0.2130	0.0350	0.2313	0.0148	0.2214	0.0416
B	161	LEU	0.0124	0.0011	0.0144	0.0031	0.0065	0.0031
B	162	GLU	0.4921	0.0555	0.5212	0.0275	0.4672	0.0113
B	163	THR	0.1086	0.0464	0.1770	0.0506	0.1330	0.0348
B	164	VAL	0.4009	0.1524	0.3212	0.0537	0.2938	0.0269
B	165	PRO	0.8219	0.1488	0.7866	0.1621	0.9543	0.0277
B	166	ARG	0.5790	0.0490	0.6093	0.0686	0.5419	0.0312
B	167	SER	0.6683	0.0694	0.6756	0.0631	0.7110	0.0365
B	168	GLY	0.6991	0.0586	0.6650	0.0707	0.7031	0.0431
B	169	GLU	0.0957	0.0615	0.0843	0.0641	0.0551	0.0221
B	170	VAL	0.2451	0.0256	0.2422	0.0081	0.2531	0.0264
B	171	TYR	0.0106	0.0084	0.0057	0.0037	0.0096	0.0088
B	172	THR	0.1677	0.0195	0.1547	0.0176	0.1672	0.0044
B	173	CYX	0.0002	0.0003	0.0010	0.0013	0.0000	0.0000
B	174	GLN	0.1523	0.0268	0.1566	0.0089	0.1704	0.0172
B	175	VAL	0.0009	0.0005	0.0012	0.0010	0.0011	0.0011
B	176	GLU	0.3532	0.0201	0.3477	0.0210	0.3555	0.0351
B	177	HIE	0.0265	0.0122	0.0422	0.0030	0.0256	0.0072
B	178	PRO	0.4802	0.0355	0.4501	0.0466	0.4993	0.0213
B	179	SER	0.1924	0.0495	0.2108	0.0250	0.1659	0.0469
B	180	VAL	0.2119	0.0450	0.2190	0.0234	0.2450	0.0796
B	181	THR	0.9660	0.0302	0.9965	0.0062	0.9833	0.0268
B	182	SER	0.5708	0.0129	0.5302	0.0107	0.5520	0.0267
B	183	PRO	0.4082	0.0887	0.4592	0.0501	0.4208	0.0332
B	184	LEU	0.2788	0.0706	0.2972	0.0344	0.2832	0.0170
B	185	THR	0.4630	0.0114	0.4693	0.0238	0.4845	0.0133
B	186	VAL	0.2368	0.0094	0.2357	0.0297	0.2185	0.0191
B	187	GLU	0.4494	0.0389	0.4512	0.0173	0.4452	0.0217
B	188	TRP	0.2337	0.0289	0.2365	0.0238	0.1990	0.0138
B	189	ARG	0.6100	0.0323	0.6203	0.0140	0.6141	0.0189
B	190	ALA	0.4841	0.0572	0.4316	0.0319	0.5415	0.1087
C	101	ACE	0.0000	0.0000	0.0000	0.0000	0.0000	0.0000
C	102	LYS	0.8146	0.0925	0.8156	0.0638	0.9817	0.0669
C	103	PRO	0.4351	0.0682	0.4768	0.1485	0.4626	0.0886
C	104	VAL	0.7160	0.0510	0.7120	0.0440	0.7936	0.0227
C	105	SER	0.1821	0.0399	0.3241	0.0766	0.1704	0.0081
C	106	LYS	0.5961	0.0866	0.6656	0.0716	0.5015	0.0905
C	107	TRP	0.0266	0.0128	0.0465	0.0165	0.0252	0.0116
C	108	ARG	0.4117	0.0086	0.4047	0.0634	0.3911	0.0258
C	109	MET	0.2922	0.0054	0.2488	0.0173	0.2255	0.0100
C	110	ALA	0.1086	0.0156	0.0545	0.0150	0.0086	0.0065
C	111	THR	0.4291	0.0126	0.4496	0.0240	0.3552	0.0320
C	112	PRO	0.0694	0.0234	0.0846	0.0193	0.0736	0.0119
C	113	LEU	0.1156	0.0232	0.1342	0.0208	0.0993	0.0723
C	114	LEU	0.4940	0.0156	0.4588	0.0670	0.3384	0.1166
C	115	MET	0.0224	0.0082	0.0256	0.0088	0.0334	0.0164
C	116	GLN	0.2330	0.0750	0.2117	0.1192	0.4135	0.0662
C	117	ALA	0.6256	0.0089	0.5891	0.0377	0.3365	0.0623
C	118	LEU	0.6162	0.0998	0.6197	0.0631	0.5068	0.1008
C	119	PRO	0.7950	0.0860	0.5955	0.0846	0.1632	0.2112
C	120	MET	0.6176	0.1613	0.7022	0.0755	0.8579	0.1116
C	121	NHE	0.0000	0.0000	0.0000	0.0000	0.0000	0.0000
