seg	res	rnm	aT41A.pcca1	aT41A.pcca1	bN82A.pcca2	bN82A.pcca2	lsdm	sdiff	score	pval
			mf	sf	mf	sf				
A	84	ASN	-1.1747	0.0412	-1.3236	0.0455	1	0.0263	2.4279	0.0152
A	120	THR	-2.2740	0.0490	-2.4991	0.0741	1	0.0475	2.5343	0.0113
A	127	PRO	-1.1837	0.0512	-1.0486	0.0186	1	-0.0263	-2.4825	0.0130
A	154	LEU	-2.1775	0.0955	-1.8944	0.0942	1	-0.0148	-2.1104	0.0348
A	173	PRO	-1.1057	0.1012	-1.3404	0.0421	1	0.0154	2.1402	0.0323
B	27	LEU	-2.4306	0.0063	-2.1304	0.0336	1	-0.2318	-8.7762	0.0000
B	74	ALA	-1.2650	0.0578	-0.9942	0.0509	1	-0.1168	-3.5157	0.0004
B	77	THR	-1.7576	0.0734	-1.3156	0.0927	1	-0.2055	-3.7378	0.0002
B	78	TYR	-1.1465	0.0784	-1.8064	0.1417	1	0.3360	4.0745	0.0000
B	104	SER	-2.6668	0.1091	-2.3113	0.1271	1	-0.0204	-2.1220	0.0338
B	107	GLN	-1.5627	0.2216	-2.3043	0.1856	1	0.1635	2.5657	0.0103
C	102	LYS	0.0000	0.0000	-1.5773	0.1203	1	1.3368	13.1165	0.0000
C	116	GLN	0.9600	0.0765	-1.1445	0.2256	1	1.6281	8.8350	0.0000
