seg	res	rnm	WT.pcca2	WT.pcca2	bN82A.pcca2	bN82A.pcca2	aT41A.pcca1	aT41A.pcca1
			mf	sf	mf	sf	mf	sf
A	5	HIP	-2.0375	0.2531	-1.6969	0.4941	-1.8841	0.4732
A	6	VAL	-2.3443	0.0620	-2.2988	0.0650	-2.2455	0.1123
A	7	ILE	-1.8617	0.0381	-2.1348	0.0798	-2.1518	0.1291
A	8	ILE	-2.1632	0.1186	-2.2073	0.0339	-2.3559	0.1451
A	9	GLN	-1.7731	0.0422	-1.8611	0.0887	-1.8246	0.0873
A	10	ALA	-2.3574	0.0788	-2.2936	0.0994	-2.2011	0.2830
A	11	GLH	-2.5462	0.0159	-2.5386	0.0749	-2.5354	0.0640
A	12	PHE	-2.5335	0.0533	-2.5540	0.0755	-2.5558	0.0810
A	13	TYR	-2.5011	0.0237	-2.4387	0.0804	-2.4268	0.0851
A	14	LEU	-2.1784	0.0279	-2.2316	0.1070	-2.1101	0.0688
A	15	ASN	-2.1013	0.0875	-2.1455	0.1025	-2.1803	0.0389
A	16	PRO	-1.4775	0.0711	-1.3610	0.0734	-1.4029	0.1175
A	17	ASP	-1.2274	0.1416	-1.1944	0.1008	-1.2254	0.0482
A	18	GLN	0.9136	0.1523	0.8928	0.0832	0.9395	0.0682
A	19	SER	-1.9513	0.3075	-2.0213	0.1743	-2.0709	0.1813
A	20	GLY	-1.5948	1.1010	-2.7643	0.1143	-2.7290	0.0757
A	21	GLH	-2.4386	0.0242	-2.3913	0.1824	-2.4862	0.1215
A	22	PHE	-2.3838	0.1575	-2.3934	0.0844	-2.4239	0.0907
A	23	MET	-2.5836	0.0690	-2.5880	0.1251	-2.5779	0.0398
A	24	PHE	-2.0118	0.2233	-1.9370	0.2062	-1.8826	0.0823
A	25	ASH	-2.2788	0.0615	-2.4105	0.0079	-2.4068	0.0868
A	26	PHE	-2.2849	0.0279	-2.2544	0.0748	-2.2759	0.0130
A	27	ASP	0.7786	0.1136	0.9127	0.0058	0.8533	0.0641
A	28	GLY	1.5064	0.2041	1.8693	0.2637	1.8442	0.4139
A	29	ASH	-2.4045	0.0913	-2.3417	0.0850	-2.3859	0.1355
A	30	GLU	-1.0545	0.0476	-1.2182	0.0826	-1.0327	0.0659
A	31	ILE	-1.6524	0.2157	-1.7669	0.2076	-1.6839	0.2227
A	32	PHE	-2.7821	0.0139	-2.7027	0.0535	-2.7080	0.0810
A	33	HIP	-2.2897	0.0726	-2.3058	0.1630	-2.2993	0.1178
A	34	VAL	-2.1023	0.3102	-1.9574	0.3276	-2.0449	0.4005
A	35	ASP	-1.7834	0.1825	-1.7290	0.1679	-1.8635	0.1537
A	36	MET	-1.3357	0.1638	-1.2196	0.1710	-1.1786	0.1401
A	37	ALA	-1.6264	0.1775	-1.5439	0.1177	-1.7213	0.3429
A	38	LYS	-1.5853	0.2612	-1.7653	0.1781	-1.7680	0.1929
A	39	LYS	0.9054	0.0543	0.9225	0.1309	1.0300	0.0538
A	40	GLU	-2.4938	0.2101	-2.3916	0.0888	-2.3994	0.1091
A	41	MTS	-1.4228	0.2665	-1.4755	0.0403	-1.4090	0.1834
A	42	VAL	-2.2415	0.1042	-2.0383	0.0927	-2.0975	0.1417
A	43	TRP	-1.5627	0.0406	-1.6006	0.2628	-1.5968	0.1837
A	44	ARG	-1.6984	0.2980	-1.6176	0.2395	-1.4221	0.0296
A	45	LEU	-1.7969	0.2395	-1.6997	0.3793	-1.7245	0.1168
A	46	GLU	-0.9970	0.1201	-1.1423	0.1948	-1.2270	0.0551
A	47	GLU	-1.1801	0.0597	-1.0989	0.0882	-1.2616	0.1247
A	48	PHE	-1.3899	0.2562	-1.3830	0.2204	-1.2232	0.1279
A	49	GLY	-1.1122	0.0906	-1.0322	0.0583	-1.0747	0.0733
A	50	ARG	-1.5183	0.0475	-1.6436	0.0551	-1.6241	0.1217
A	51	PHE	-1.9647	0.1452	-2.1334	0.2120	-2.0866	0.0280
A	52	ALA	-1.9322	0.1030	-1.9029	0.0558	-1.8790	0.1894
A	53	SER	-2.2736	0.1432	-2.4455	0.1605	-1.9868	0.2766
A	54	PHE	-2.4915	0.0595	-2.5138	0.0911	-2.5122	0.0365
A	55	GLU	-1.8236	0.2320	-1.7683	0.1582	-1.5506	0.1289
A	56	ALA	-1.1447	0.0848	-1.0426	0.0619	-1.0699	0.0334
A	57	GLN	-1.1864	0.1173	-1.0546	0.0526	-1.1250	0.0416
A	58	GLY	-1.0479	0.2736	-1.1735	0.0899	-1.2377	0.0994
A	59	ALA	-1.2399	0.0870	-1.1528	0.1001	-1.1381	0.1066
A	60	LEU	-1.2025	0.1569	-1.1487	0.1584	-1.1488	0.0708
A	61	ALA	-1.2419	0.1507	-1.2280	0.1481	-1.2626	0.0848
A	62	ASN	-1.1890	0.0525	-1.2023	0.1032	-1.2790	0.2397
A	63	ILE	-1.3986	0.3635	-1.2422	0.0251	-1.2156	0.0362
A	64	ALA	-1.1653	0.1036	-1.1548	0.0843	-1.1389	0.1068
A	65	VAL	-1.4536	0.0563	-1.4001	0.0824	-1.4015	0.0896
A	66	ASP	-1.0344	0.1018	-0.9782	0.0703	-1.1165	0.0999
A	67	LYS	-1.1273	0.1389	-1.1379	0.0706	-1.1007	0.1502
A	68	ALA	-1.2158	0.0568	-1.2443	0.1207	-1.2248	0.1323
A	69	ASN	-1.2212	0.0886	-1.2910	0.0204	-1.3219	0.0334
A	70	LEU	-1.0033	0.0476	-1.0744	0.1404	-1.0137	0.0256
A	71	GLU	-1.1360	0.1248	-1.2009	0.0773	-1.1128	0.0682
A	72	ILE	-1.4216	0.1307	-1.5191	0.1240	-1.5051	0.1116
A	73	MET	-1.2337	0.2532	-1.2224	0.0510	-1.1495	0.0216
A	74	THR	-1.1128	0.1016	-1.1017	0.1297	-1.0138	0.0968
A	75	LYS	-1.3249	0.1581	-1.2381	0.0375	-1.1709	0.1133
A	76	ARG	-1.2288	0.0578	-1.1044	0.0690	-1.1715	0.0540
A	77	SER	-1.4222	0.1455	-1.4737	0.1118	-1.4191	0.0814
A	78	ASN	0.8519	0.1397	0.8797	0.0610	0.8145	0.0563
A	79	TYR	0.9480	0.0083	0.9224	0.1116	0.9565	0.0618
A	80	THR	-1.3147	0.0331	-1.2473	0.0906	-1.1819	0.0410
A	81	PRO	-1.4647	0.1518	-1.5067	0.1192	-1.6128	0.0532
A	82	ILE	-1.3323	0.0375	-1.1816	0.1819	-1.2091	0.0912
A	83	THR	-1.5152	0.2979	-1.3380	0.0724	-1.4572	0.2290
A	84	ASN	-1.4530	0.2449	-1.3236	0.0455	-1.1747	0.0412
A	85	VAL	-2.3057	0.0561	-2.3030	0.1083	-2.3221	0.0350
A	86	PRO	-1.2750	0.0746	-1.3755	0.0405	-1.2433	0.1255
A	87	PRO	-1.1395	0.0303	-1.2648	0.0326	-1.2766	0.0478
A	88	GLU	-1.6961	0.1416	-1.7983	0.1345	-1.6571	0.2660
A	89	VAL	-2.1997	0.0349	-1.9656	0.0987	-2.1448	0.1866
A	90	THR	-2.4047	0.0884	-2.3029	0.1027	-2.3635	0.1140
A	91	VAL	-2.2046	0.0327	-2.1978	0.1538	-2.1422	0.0512
A	92	LEU	-2.6593	0.1232	-2.6390	0.1344	-2.6072	0.1021
A	93	THR	-2.0587	0.1094	-1.7728	0.1455	-1.7592	0.0689
A	94	ASN	-1.4587	0.0889	-1.2798	0.1757	-1.3339	0.1149
A	95	SER	-2.0466	0.1755	-2.2427	0.1732	-2.3711	0.4565
A	96	PRO	-1.0292	0.1153	-1.1362	0.0849	-1.0926	0.1442
A	97	VAL	-1.4482	0.1712	-1.3974	0.2107	-1.5131	0.1292
A	98	GLU	-2.2032	0.1747	-2.3663	0.2631	-2.2722	0.3177
A	99	LEU	-0.8968	0.0057	-0.8513	0.5278	-1.0653	0.1140
A	100	ARG	0.9644	0.0407	0.9610	0.0386	0.9797	0.0447
A	101	GLU	-1.7411	0.0943	-1.4415	0.0899	-1.6514	0.0636
A	102	PRO	-1.0017	0.0680	-1.0524	0.0135	-1.0923	0.0773
A	103	ASN	-2.6618	0.1022	-2.5159	0.0963	-2.5805	0.1712
A	104	VAL	-2.1578	0.1578	-2.2371	0.1181	-2.1761	0.1635
A	105	LEU	-1.4289	0.0405	-1.4902	0.1973	-1.4883	0.0534
A	106	ILE	-2.0685	0.1692	-2.1504	0.1161	-1.9552	0.0621
A	107	CYX	-1.9888	0.1960	-1.9434	0.0545	-1.8346	0.1095
A	108	PHE	-2.2643	0.0891	-2.0606	0.1664	-2.0756	0.1132
A	109	ILE	-2.0934	0.1046	-2.1049	0.0745	-1.9514	0.0425
A	110	ASP	-2.6107	0.0479	-2.4142	0.0834	-2.4605	0.1342
A	111	LYS	0.9601	0.0109	0.8785	0.0946	0.9362	0.0862
A	112	PHE	-2.0948	0.0870	-1.8293	0.2181	-2.1900	0.2563
A	113	THR	-2.7398	0.0482	-2.7170	0.1617	-2.8047	0.0869
A	114	PRO	-1.1132	0.0625	-1.1582	0.0762	-1.1322	0.0948
A	115	PRO	-1.3204	0.1050	-1.3647	0.0594	-1.4393	0.0689
A	116	VAL	-2.2318	0.0326	-2.2192	0.0593	-2.3253	0.0166
A	117	VAL	-1.8051	0.6697	-1.2708	0.1902	-1.5059	0.6143
A	118	ASN	-2.1301	0.1946	-1.9255	0.3015	-1.9765	0.2041
A	119	VAL	-2.3315	0.0646	-2.3917	0.1620	-2.3492	0.2114
A	120	THR	-2.3301	0.1233	-2.4991	0.0741	-2.2740	0.0490
A	121	TRP	-1.8362	0.2934	-1.8762	0.1520	-1.9074	0.0920
A	122	LEU	-2.0926	0.1336	-2.1757	0.1490	-2.1342	0.0522
A	123	ARG	-2.2983	0.2287	-2.2748	0.0807	-2.1178	0.0877
A	124	ASN	0.8862	0.0253	0.7889	0.1313	0.8926	0.0875
A	125	GLY	1.3371	0.0722	1.3303	0.1218	1.3515	0.0787
A	126	LYS	-1.9026	0.1957	-2.1000	0.1241	-2.0441	0.1595
A	127	PRO	-1.2376	0.2305	-1.0486	0.0186	-1.1837	0.0512
A	128	VAL	-2.0797	0.0692	-2.3779	0.2095	-2.1062	0.1364
A	129	THR	-1.5731	0.3191	-1.7951	0.1451	-1.7614	0.1770
A	130	THR	-2.0845	0.2293	-1.5262	0.3251	-1.7567	0.4510
A	131	GLY	-0.9627	0.5396	-0.2360	0.8871	-1.2228	0.2246
A	132	VAL	-1.8434	0.2844	-2.0211	0.3437	-1.8305	0.2905
A	133	SER	-2.0966	0.2155	-2.0628	0.3447	-2.1714	0.4376
A	134	GLU	-0.0448	0.2682	-2.1308	0.4155	-1.6094	0.5111
A	135	THR	-1.6303	0.0713	-1.6870	0.2135	-1.8988	0.1968
A	136	VAL	-1.9478	0.1489	-1.8721	0.3408	-2.0123	0.3269
A	137	PHE	-1.2666	0.1458	-1.3430	0.0625	-1.3712	0.1280
A	138	LEU	-1.2211	0.1218	-1.4858	0.1234	-1.4360	0.2778
A	139	PRO	-1.4186	0.0555	-1.4441	0.1944	-1.3450	0.0221
A	140	ARG	-2.2712	0.1164	-2.1119	0.1464	-2.2125	0.2334
A	141	GLU	-1.3092	0.1475	-1.3334	0.1076	-1.2365	0.1062
A	142	ASP	-1.6113	0.1342	-1.5745	0.0896	-1.6350	0.0977
A	143	HIE	1.2019	0.0309	1.1019	0.1879	1.1394	0.0697
A	144	LEU	-1.2568	0.0899	-1.2879	0.1685	-1.4943	0.0706
A	145	PHE	-2.0897	0.0314	-2.1879	0.1551	-2.1356	0.2609
A	146	ARG	-2.4561	0.1402	-2.4087	0.1148	-2.3667	0.0373
A	147	LYS	-2.7187	0.1222	-2.7387	0.0973	-2.7292	0.0807
A	148	PHE	-1.7942	0.1113	-2.0120	0.1628	-1.7879	0.1443
A	149	HIE	-2.5221	0.1193	-2.5639	0.0602	-2.4532	0.1004
A	150	TYR	-2.3585	0.1353	-2.3002	0.0768	-2.3434	0.0260
A	151	LEU	-2.5015	0.0898	-2.3473	0.2115	-2.3514	0.1435
A	152	PRO	-1.1851	0.0795	-1.1672	0.3276	-1.2068	0.0951
A	153	PHE	-2.6970	0.1035	-2.6263	0.0848	-2.6166	0.0569
A	154	LEU	-2.0573	0.1860	-1.8944	0.0942	-2.1775	0.0955
A	155	PRO	-1.1849	0.1669	-1.1107	0.0258	-1.1311	0.0830
A	156	SER	-2.6082	0.0796	-2.4945	0.2089	-2.5397	0.0586
A	157	THR	-1.3397	0.1701	-1.3317	0.0608	-1.3088	0.0434
A	158	GLU	-1.6670	0.1005	-1.9100	0.3761	-1.8707	0.0790
A	159	ASP	-2.2376	0.1435	-2.1218	0.0598	-2.2482	0.2538
A	160	VAL	-2.3340	0.0928	-2.1924	0.0515	-2.2411	0.1025
A	161	TYR	-2.1821	0.0949	-2.2284	0.1847	-2.2731	0.0700
A	162	ASP	-2.4184	0.0145	-2.4592	0.1252	-2.4490	0.0989
A	163	CYX	-1.6330	0.0918	-1.7186	0.1387	-1.7486	0.0211
A	164	ARG	-2.0051	0.2246	-1.9505	0.0862	-1.8469	0.0916
A	165	VAL	-2.2071	0.0309	-2.2132	0.0907	-2.1657	0.1158
A	166	GLU	-2.1411	0.0534	-2.1637	0.1743	-2.0135	0.2838
A	167	HIE	-2.1382	0.5081	-2.3842	0.1166	-2.2602	0.3798
A	168	TRP	-1.2557	0.0761	-1.2455	0.1643	-1.1220	0.1078
A	169	GLY	0.7957	0.9074	1.2945	0.1080	1.3225	0.2583
A	170	LEU	-1.9463	0.1759	-1.7392	0.2523	-1.6331	0.1158
A	171	ASP	-1.5037	0.1672	-1.6406	0.2582	-1.4647	0.3111
A	172	GLU	-2.3274	0.1045	-2.4363	0.1728	-2.2491	0.1975
A	173	PRO	-1.1916	0.1702	-1.3404	0.0421	-1.1057	0.1012
A	174	LEU	-1.7009	0.1283	-1.7263	0.1334	-1.5671	0.1096
A	175	LEU	-2.3347	0.1980	-2.2418	0.0584	-2.2084	0.3342
A	176	LYS	-2.2841	0.1587	-2.3391	0.0866	-2.3934	0.2229
A	177	HIP	-1.6723	0.2626	-1.7030	0.2318	-1.6357	0.3747
A	178	TRP	-2.4327	0.0660	-2.4753	0.1064	-2.5440	0.0665
A	179	GLU	-2.7374	0.0588	-2.6027	0.0108	-2.6240	0.0763
A	180	PHE	-1.3942	0.0402	-1.5547	0.1863	-1.6313	0.1443
A	181	ASP	-1.6537	0.3623	-0.8643	1.7581	-2.0303	0.2216
A	182	ALA	-2.3364	0.3124	-2.1517	0.3272	-2.2122	0.3437
A	183	PRO	-1.2311	0.0730	-1.0724	0.0518	-1.0809	0.1521
A	184	SER	-1.6535	0.3667	-1.8652	0.4189	-1.7622	0.4976
B	5	PRO	-1.1393	0.1228	-1.1485	0.1079	-1.2035	0.0942
B	6	ARG	-2.0071	0.0591	-1.9803	0.1206	-2.2100	0.1893
B	7	PHE	-2.3312	0.0776	-2.2595	0.1122	-2.3592	0.1064
B	8	LEU	-2.3163	0.0607	-2.2053	0.0337	-2.3954	0.0956
B	9	TRP	-1.8234	0.4139	-2.0194	0.1218	-1.9236	0.0446
B	10	GLN	-2.3390	0.1854	-2.4633	0.1044	-2.3367	0.0539
B	11	LEU	-2.2568	0.0772	-2.3280	0.1116	-2.2215	0.0725
B	12	LYS	-2.3352	0.0147	-2.2734	0.0819	-2.1814	0.0757
B	13	PHE	-2.1041	0.1718	-1.9803	0.0583	-2.2288	0.1383
B	14	GLU	-2.1563	0.1042	-2.1459	0.2518	-2.2488	0.1065
B	15	CYX	-1.7432	0.1360	-1.8476	0.1891	-2.2686	0.1105
B	16	HIP	-1.6808	0.2418	-1.8143	0.0642	-1.9264	0.1050
B	17	PHE	-2.4490	0.1472	-2.5574	0.1625	-2.5376	0.1274
B	18	PHE	-2.2172	0.3042	-2.0675	0.4615	-2.3191	0.1383
B	19	ASN	-2.2698	0.2237	-2.0481	1.1170	-2.5884	0.0331
B	20	GLY	-0.1112	0.1279	-0.7244	0.7185	-1.0316	0.0878
B	21	THR	-1.5301	0.2488	-1.8283	0.3167	-1.8579	0.2505
B	22	GLU	-2.2899	0.1579	-2.0780	0.3277	-2.0652	0.4830
B	23	ARG	-1.4312	0.5285	-0.7031	0.3027	-1.0224	0.0580
B	24	VAL	-1.9399	0.3002	-1.9980	0.3693	-1.9892	0.1172
B	25	ARG	-2.0764	0.4140	-2.2980	0.1254	-1.9542	0.1908
B	26	LEU	-1.9847	0.1288	-2.1234	0.1434	-2.1173	0.0680
B	27	LEU	-2.0897	0.1476	-2.1304	0.0336	-2.4306	0.0063
B	28	GLU	-2.0826	0.1726	-2.1432	0.1839	-2.3456	0.1310
B	29	ARG	-2.4301	0.1455	-2.4064	0.0745	-2.5492	0.0855
B	30	CYS	-1.7707	0.0805	-1.7318	0.0588	-1.8463	0.0381
B	31	ILE	-2.3490	0.1501	-2.3808	0.0655	-2.3760	0.0296
B	32	TYR	-2.2356	0.2694	-2.2203	0.0544	-2.1277	0.1699
B	33	ASN	0.7262	0.0278	0.7585	0.0773	0.7626	0.1711
B	34	GLN	1.1028	0.1692	1.1028	0.0421	1.0509	0.1027
B	35	GLU	-2.0399	0.2108	-2.2078	0.2118	-2.1392	0.1690
B	36	GLU	-1.2510	0.1047	-1.2760	0.0844	-1.1116	0.1586
B	37	SER	-1.7830	0.0432	-1.8460	0.2754	-1.9023	0.1349
B	38	VAL	-2.5314	0.1193	-2.5008	0.0192	-2.4684	0.0230
B	39	ARG	-2.3543	0.0685	-2.3650	0.1591	-2.4524	0.0619
B	40	PHE	-1.9544	0.3068	-2.1623	0.0692	-1.9565	0.0819
B	41	ASP	-2.5288	0.0816	-2.3561	0.1848	-2.3266	0.2268
B	42	SER	-1.1074	0.0625	-1.2459	0.1716	-1.1475	0.0535
B	43	ASP	-1.2433	0.0945	-1.2743	0.0538	-1.2139	0.1229
B	44	VAL	-1.9435	0.4714	-1.8873	0.0988	-1.8262	0.2010
B	45	GLY	1.2309	0.1019	1.0383	0.1214	1.2485	0.1080
B	46	GLU	-2.5680	0.0794	-2.5027	0.0631	-2.5137	0.1889
B	47	TYR	-1.3203	0.0528	-1.4016	0.0504	-1.3477	0.1363
B	48	ARG	-2.2972	0.0748	-2.3371	0.1161	-2.4010	0.1688
B	49	ALA	-1.3399	0.0501	-1.5340	0.2896	-1.5797	0.1031
B	50	VAL	-1.8826	0.1577	-1.9353	0.0976	-1.8790	0.2403
B	51	THR	-2.2097	0.1429	-2.3156	0.0669	-2.3949	0.0875
B	52	GLU	-1.1808	0.1418	-1.0513	0.0706	-0.9707	0.0767
B	53	LEU	-1.1731	0.0491	-1.1055	0.0260	-1.1555	0.1624
B	54	GLY	-1.6907	0.0956	-1.7118	0.1436	-1.6545	0.0372
B	55	ARG	-0.9737	0.0969	-0.8450	0.1608	-0.8624	0.0911
B	56	PRO	-1.1082	0.0972	-1.0504	0.1078	-1.0839	0.0774
B	57	ASP	-1.4995	0.0628	-1.4151	0.1537	-1.5146	0.1404
B	58	ALA	-1.0639	0.1002	-1.0877	0.0807	-1.1325	0.1374
B	59	GLU	-1.3141	0.0396	-1.4335	0.1314	-1.4228	0.0835
B	60	TYR	-1.3009	0.2393	-1.4005	0.0653	-1.5642	0.2396
B	61	TRP	-1.3045	0.1773	-1.2828	0.1337	-1.1910	0.1538
B	62	ASN	-1.2850	0.1252	-1.3586	0.1634	-1.5618	0.3687
B	63	SER	-1.3268	0.2279	-1.6073	0.0413	-1.3610	0.1735
B	64	GLN	-1.5482	0.2773	-1.6393	0.1965	-2.0480	0.5717
B	65	LYS	-1.0587	0.0548	-1.1348	0.1242	-1.1136	0.1654
B	66	ASP	-1.2470	0.0531	-1.2477	0.1622	-1.3285	0.2237
B	67	LEU	-1.5865	0.1345	-1.2587	0.0763	-1.3160	0.0877
B	68	LEU	-1.1096	0.1283	-1.1508	0.0343	-1.1945	0.0377
B	69	GLU	-1.1607	0.0975	-1.1362	0.0807	-1.2448	0.1492
B	70	GLN	-1.3172	0.0411	-1.2247	0.1250	-1.2840	0.1485
B	71	ARG	-1.1208	0.0569	-1.3003	0.0737	-1.2396	0.2215
B	72	ARG	-1.2727	0.1341	-1.1013	0.1330	-1.2010	0.2047
B	73	ALA	-1.3812	0.3508	-1.2844	0.2431	-1.1018	0.1072
B	74	ALA	-0.8873	0.1407	-0.9942	0.0509	-1.2650	0.0578
B	75	VAL	-0.9496	0.0398	-1.1243	0.1549	-1.5522	0.4747
B	76	ASP	-1.6569	0.3031	-1.5278	0.1112	-1.2006	0.2451
B	77	THR	-1.2139	0.0532	-1.3156	0.0927	-1.7576	0.0734
B	78	TYR	-2.1350	0.2078	-1.8064	0.1417	-1.1465	0.0784
B	79	CYX	-1.3418	0.2537	-1.2848	0.2396	-1.2474	0.0903
B	80	ARG	-1.1266	0.0382	-1.1506	0.0784	-0.9939	0.1040
B	81	HIP	-1.1298	0.1877	-1.6448	0.3814	-1.5392	0.3971
B	82	MTS	-1.3856	0.2284	-1.7445	0.4574	-1.6148	0.5438
B	83	TYR	-1.1550	0.1883	-1.2588	0.2014	-1.5618	0.2561
B	84	GLY	-0.9369	0.1629	-1.0258	0.5722	-0.0061	1.2994
B	85	VAL	-1.3850	0.0560	-1.4154	0.1720	-1.7417	0.3483
B	86	GLY	-1.4923	0.1731	-1.4582	0.2800	-0.5507	0.7589
B	87	GLU	-1.0471	0.2028	-1.1935	0.2752	-0.9383	0.1139
B	88	SER	-1.3569	0.1124	-1.3559	0.4363	-1.0224	0.1708
B	89	PHE	-1.8206	0.4092	-1.6036	0.0815	-1.7738	0.3709
B	90	THR	-1.8853	0.1882	-1.7702	0.3722	-1.9251	0.3917
B	91	VAL	-1.5964	0.2249	-1.7824	0.4470	-1.7484	0.2197
B	92	GLN	-0.3999	1.0404	-1.8501	0.1054	-1.5445	0.2892
B	93	ARG	-1.3412	0.1200	-1.3967	0.1085	-1.2522	0.1609
B	94	ARG	-2.4235	0.0676	-2.2268	0.3100	-2.3037	0.2330
B	95	VAL	-2.2934	0.1620	-2.3174	0.1259	-2.4494	0.1470
B	96	GLU	-1.4989	0.0567	-1.4783	0.0097	-1.4817	0.0430
B	97	PRO	-1.1850	0.1810	-1.2257	0.0999	-1.2159	0.0919
B	98	LYS	-1.9026	0.2444	-1.8143	0.1208	-1.8074	0.2838
B	99	VAL	-2.3091	0.1982	-2.4353	0.1233	-2.4054	0.0705
B	100	THR	-2.5990	0.0909	-2.5878	0.0755	-2.5291	0.1286
B	101	VAL	-2.2109	0.2707	-2.2630	0.1924	-2.2034	0.2264
B	102	TYR	-2.6329	0.1567	-2.6497	0.1112	-2.5993	0.1000
B	103	PRO	-1.3739	0.0245	-1.2662	0.0970	-1.3426	0.0338
B	104	SER	-2.6443	0.0739	-2.3113	0.1271	-2.6668	0.1091
B	105	LYS	-2.2597	0.2582	-2.1217	0.3994	-2.1337	0.3050
B	106	THR	-1.9513	0.2215	-2.0117	0.1498	-2.1792	0.1594
B	107	GLN	-2.2545	0.3313	-2.3043	0.1856	-1.5627	0.2216
B	108	PRO	-1.0590	0.1806	-1.0656	0.1729	-1.1128	0.1225
B	109	LEU	0.6315	0.5995	0.9089	0.0641	1.0133	0.0580
B	110	GLN	-1.5609	0.1032	-1.9492	0.5029	-1.8256	0.2950
B	111	HIP	-0.9458	0.3603	-1.0497	0.3234	-1.3394	0.2883
B	112	HIE	-1.2025	0.4267	-1.8099	0.7397	-1.9544	0.9607
B	113	ASN	-2.5597	0.1704	-2.4360	0.1122	-2.3511	0.1691
B	114	LEU	-2.3562	0.2671	-2.3364	0.2799	-2.3920	0.1025
B	115	LEU	-1.7215	0.0582	-1.7855	0.0360	-1.9802	0.1755
B	116	VAL	-2.1146	0.1657	-2.1096	0.1590	-2.1863	0.2197
B	117	CYX	-2.0475	0.0845	-2.1414	0.0511	-2.1940	0.1419
B	118	SER	-2.1364	0.1276	-2.1696	0.0389	-2.2981	0.1260
B	119	VAL	-2.2253	0.1167	-2.0675	0.1079	-2.2794	0.1192
B	120	SER	-2.4941	0.0672	-2.6064	0.0998	-2.6122	0.0706
B	121	GLY	1.4732	0.0803	1.4891	0.0918	1.3677	0.1730
B	122	PHE	-1.7701	0.0180	-1.7774	0.0062	-1.7644	0.1430
B	123	TYR	-2.6620	0.0613	-2.6571	0.0953	-2.6774	0.0973
B	124	PRO	-1.3070	0.0389	-1.2268	0.0428	-1.2789	0.0676
B	125	GLY	-1.3272	0.2021	-1.3032	0.1078	-1.2073	0.1169
B	126	SER	-1.4770	0.1802	-1.2828	0.1964	-1.2527	0.1443
B	127	ILE	-2.3188	0.2714	-2.1829	0.2846	-2.2346	0.1969
B	128	GLU	-2.1995	0.1063	-2.3643	0.1012	-2.3810	0.1018
B	129	VAL	-2.0399	0.2557	-2.1712	0.1553	-2.1552	0.1114
B	130	ARG	-2.3639	0.1454	-2.4313	0.1067	-2.4066	0.0457
B	131	TRP	-1.8249	0.2539	-1.7307	0.2287	-1.8893	0.1665
B	132	PHE	-2.3311	0.0639	-2.2245	0.1054	-2.3922	0.0829
B	133	ARG	-2.3268	0.1575	-2.3590	0.0344	-2.3975	0.0380
B	134	ASN	0.8470	0.0450	0.9030	0.1362	0.7644	0.0636
B	135	GLY	1.4324	0.0789	1.4505	0.1782	1.3841	0.0310
B	136	GLN	-2.1886	0.0832	-1.9478	0.1160	-1.9875	0.1959
B	137	GLU	-1.2090	0.1544	-1.2568	0.2435	-1.2017	0.1812
B	138	GLU	-1.9043	0.0363	-1.8428	0.1160	-1.9043	0.2170
B	139	LYS	-2.3782	0.1797	-2.3382	0.0604	-2.3070	0.1451
B	140	ALA	-1.4612	0.1815	-1.4859	0.3926	-1.6944	0.3027
B	141	GLY	1.2608	0.0621	1.1483	0.0352	1.2796	0.1016
B	142	VAL	-1.6929	0.2178	-1.4592	0.1112	-1.5696	0.1669
B	143	VAL	-2.4306	0.1553	-2.1805	0.1275	-2.4178	0.1385
B	144	SER	-2.1978	0.3089	-2.1821	0.2135	-2.2163	0.3555
B	145	THR	-2.0019	0.1333	-1.8126	0.3146	-1.9301	0.1995
B	146	GLY	0.9260	0.4025	1.1247	0.4586	1.6238	0.2668
B	147	LEU	-1.6739	0.5221	-1.5600	0.2319	-1.6846	0.2113
B	148	ILE	-2.5204	0.0714	-2.3073	0.2398	-2.4185	0.1367
B	149	GLN	-1.8909	0.2209	-1.8258	0.2840	-1.7704	0.1391
B	150	ASN	-1.4660	0.2531	-1.5137	0.1052	-1.5145	0.0271
B	151	GLY	1.2828	0.0524	1.2229	0.1368	1.3166	0.0679
B	152	ASP	-2.1937	0.3320	-2.4805	0.0694	-2.3047	0.1243
B	153	TRP	1.1045	0.0253	1.0010	0.0708	1.0278	0.0187
B	154	THR	-2.3210	0.2099	-2.4207	0.0165	-2.4041	0.0504
B	155	PHE	-1.6701	0.0354	-1.9114	0.1617	-1.8031	0.1878
B	156	GLN	-2.5023	0.1246	-2.4567	0.0735	-2.5395	0.1787
B	157	THR	-2.7020	0.1076	-2.7200	0.0558	-2.6421	0.1019
B	158	LEU	-2.4405	0.1951	-2.4487	0.0864	-2.3058	0.1242
B	159	VAL	-2.3774	0.1762	-2.2402	0.0293	-2.2500	0.0478
B	160	MET	-2.3935	0.0764	-2.2340	0.2237	-2.2700	0.0541
B	161	LEU	-2.3875	0.1039	-2.5285	0.0574	-2.4336	0.1399
B	162	GLU	-1.3236	0.1188	-1.5273	0.1405	-1.3265	0.1645
B	163	THR	-1.6206	0.2965	-1.5392	0.2638	-1.3466	0.1065
B	164	VAL	-1.3980	0.0303	-1.3561	0.2228	-1.3672	0.0177
B	165	PRO	-1.3126	0.1478	-1.2547	0.1009	-1.2855	0.0443
B	166	ARG	-2.2063	0.5440	-2.2239	0.4065	-1.8766	0.1796
B	167	SER	-1.5129	0.2635	-1.5039	0.2780	-1.6411	0.0052
B	168	GLY	1.7081	0.2544	1.6719	0.0636	1.4765	0.1459
B	169	GLU	-1.5602	0.1268	-1.3767	0.2661	-1.5982	0.2894
B	170	VAL	-1.9811	0.0941	-2.0730	0.0303	-2.0116	0.0916
B	171	TYR	-2.0582	0.1354	-1.9130	0.0787	-2.0227	0.2405
B	172	THR	-2.4059	0.0683	-2.3491	0.1876	-2.4161	0.0432
B	173	CYX	-1.7754	0.0462	-1.7995	0.1665	-1.8729	0.0823
B	174	GLN	-2.2262	0.1104	-2.0644	0.0939	-2.2424	0.0953
B	175	VAL	-2.1725	0.1287	-2.1644	0.2129	-2.1199	0.0430
B	176	GLU	-2.0867	0.2212	-2.1039	0.0522	-2.1961	0.0869
B	177	HIE	-2.6374	0.0834	-2.7200	0.0831	-2.6740	0.0591
B	178	PRO	-1.0561	0.0529	-1.0425	0.0948	-1.0410	0.0327
B	179	SER	-1.3921	0.0812	-1.2965	0.0562	-1.3404	0.1413
B	180	VAL	-2.2301	0.0405	-2.1601	0.0408	-2.2431	0.1487
B	181	THR	-1.5067	0.1050	-1.4628	0.0921	-1.5495	0.3694
B	182	SER	-2.3858	0.2427	-2.2584	0.1730	-2.5448	0.0519
B	183	PRO	-1.0059	0.1163	-1.1066	0.0364	-1.0995	0.1423
B	184	LEU	-1.7036	0.2589	-1.8041	0.1006	-1.7748	0.2859
B	185	THR	-2.2781	0.1392	-2.2822	0.1568	-2.3532	0.1513
B	186	VAL	-2.4266	0.2267	-2.3741	0.0943	-2.3653	0.0974
B	187	GLU	-2.0807	0.1347	-2.0818	0.1241	-2.2468	0.1624
B	188	TRP	-2.4727	0.1505	-2.5521	0.0947	-2.5021	0.1378
B	189	ARG	-2.3539	0.0363	-2.2557	0.0790	-2.3683	0.0660
B	190	ALA	-1.4989	0.0857	-1.5783	0.0642	-1.7261	0.2537
C	102	LYS	-2.0796	0.1665	-1.5773	0.1203	0.0000	0.0000
C	103	PRO	-1.1506	0.1341	-1.1272	0.1510	-1.1732	0.1379
C	104	VAL	-1.9279	0.2693	-1.6696	0.4527	-2.1484	0.2595
C	105	SER	-2.1755	0.2066	-1.7820	0.1447	-2.0482	0.0842
C	106	LYS	-1.7549	0.5787	-1.8174	0.2579	-2.0441	0.1626
C	107	TRP	-1.5544	0.3631	-1.4854	0.1741	-1.6234	0.1656
C	108	ARG	-1.7505	0.0825	-2.0656	0.1119	-1.9996	0.1760
C	109	MET	-2.1724	0.1114	-2.3186	0.1333	-2.2098	0.1031
C	110	ALA	-1.7367	0.2093	-1.5334	0.1879	-1.4770	0.0823
C	111	THR	-1.9361	0.1341	-2.0641	0.1379	-2.0120	0.2944
C	112	PRO	-1.2845	0.1096	-1.2063	0.0169	-1.2484	0.0515
C	113	LEU	-1.7004	0.1029	-1.9643	0.0679	-2.0713	0.1208
C	114	LEU	-1.5137	0.1064	-1.5910	0.1000	-1.4736	0.2858
C	115	MET	-1.2263	0.0802	-1.3266	0.1871	-1.1187	0.0837
C	116	GLN	-1.2528	0.1370	-1.1445	0.2256	0.9600	0.0765
C	117	ALA	-1.4235	0.3531	-1.6244	0.2041	-2.2249	0.6907
C	118	LEU	-1.4209	0.2673	-1.4476	0.4946	-1.3226	0.1714
C	119	PRO	-1.1903	0.1089	-1.2277	0.1111	-1.2063	0.1362
C	120	MET	-1.8336	0.4218	-2.0254	0.2033	-2.0014	0.1655
