seg	res	rnm	aT41A.pcca1	aT41A.pcca1	WT.pcca2	WT.pcca2	lsdm	sdiff	score	pval
			mf	sf	mf	sf				
A	7	ILE	-2.1518	0.1291	-1.8617	0.0381	1	-0.0208	-2.1545	0.0312
A	80	THR	-1.1819	0.0410	-1.3147	0.0331	1	0.0274	2.5208	0.0117
A	87	PRO	-1.2766	0.0478	-1.1395	0.0303	1	-0.0239	-2.4212	0.0155
A	93	THR	-1.7592	0.0689	-2.0587	0.1094	1	0.0410	2.3171	0.0205
A	116	VAL	-2.3253	0.0166	-2.2318	0.0326	1	-0.0203	-2.5563	0.0106
A	134	GLU	-1.6094	0.5111	-0.0448	0.2682	1	-0.4101	-2.7106	0.0067
A	144	LEU	-1.4943	0.0706	-1.2568	0.0899	1	-0.0089	-2.0780	0.0377
B	15	CYX	-2.2686	0.1105	-1.7432	0.1360	1	-0.1749	-2.9978	0.0027
B	20	GLY	-1.0316	0.0878	-0.1112	0.1279	1	-0.6100	-5.9306	0.0000
B	27	LEU	-2.4306	0.0063	-2.0897	0.1476	1	-0.0455	-2.3078	0.0210
B	49	ALA	-1.5797	0.1031	-1.3399	0.0501	1	-0.0105	-2.0915	0.0365
B	74	ALA	-1.2650	0.0578	-0.8873	0.1407	1	-0.0735	-2.4829	0.0130
B	77	THR	-1.7576	0.0734	-1.2139	0.0532	1	-0.3623	-5.9953	0.0000
B	78	TYR	-1.1465	0.0784	-2.1350	0.2078	1	0.5442	4.4500	0.0000
B	153	TRP	1.0278	0.0187	1.1045	0.0253	1	-0.0138	-2.4382	0.0148
C	102	LYS	0.0000	0.0000	-2.0796	0.1665	1	1.7466	12.4909	0.0000
C	113	LEU	-2.0713	0.1208	-1.7004	0.1029	1	-0.0535	-2.3369	0.0194
C	116	GLN	0.9600	0.0765	-1.2528	0.1370	1	1.8990	14.0998	0.0000
