seg	res	rnm	bN82A.pcca2	bN82A.pcca2	WT.pcca2	WT.pcca2	lsdm	sdiff	score	pval
			mf	sf	mf	sf				
A	7	ILE	-2.1348	0.0798	-1.8617	0.0381	1	-0.0962	-3.0871	0.0020
A	25	ASH	-2.4105	0.0079	-2.2788	0.0615	1	-0.0078	-2.1252	0.0336
A	87	PRO	-1.2648	0.0326	-1.1395	0.0303	1	-0.0362	-2.8141	0.0049
A	89	VAL	-1.9656	0.0987	-2.1997	0.0349	1	0.0248	2.2366	0.0253
A	101	GLU	-1.4415	0.0899	-1.7411	0.0943	1	0.0389	2.2988	0.0215
A	110	ASP	-2.4142	0.0834	-2.6107	0.0479	1	0.0041	2.0429	0.0411
A	134	GLU	-2.1308	0.4155	-0.0448	0.2682	1	-1.0969	-4.2179	0.0000
A	179	GLU	-2.6027	0.0108	-2.7374	0.0588	1	0.0153	2.2556	0.0241
B	67	LEU	-1.2587	0.0763	-1.5865	0.1345	1	0.0186	2.1205	0.0340
B	104	SER	-2.3113	0.1271	-2.6443	0.0739	1	0.0390	2.2649	0.0235
C	102	LYS	-1.5773	0.1203	-2.0796	0.1665	1	0.0916	2.4459	0.0144
C	108	ARG	-2.0656	0.1119	-1.7505	0.0825	1	-0.0371	-2.2672	0.0234
C	113	LEU	-1.9643	0.0679	-1.7004	0.1029	1	-0.0173	-2.1401	0.0323
