seg	res	rnm	WT.pcca2	WT.pcca2	bN82A.pcca2	bN82A.pcca2	aT41A.pcca1	aT41A.pcca1
			mf	sf	mf	sf	mf	sf
A	5	HIP	0.9696	0.6071	0.9272	0.5113	1.4122	1.1563
A	6	VAL	0.2188	0.1017	0.3848	0.1662	0.5030	0.2277
A	7	ILE	1.4783	0.0482	0.6664	0.1845	0.6735	0.3936
A	8	ILE	0.5992	0.2398	0.5055	0.0951	0.3703	0.1934
A	9	GLN	1.7126	0.1392	1.4516	0.2541	1.5547	0.2650
A	10	ALA	0.2794	0.1035	0.3744	0.2540	0.6493	0.6231
A	11	GLH	0.1466	0.0782	0.0919	0.0425	0.1635	0.0646
A	12	PHE	0.1690	0.0774	0.1528	0.0456	0.1293	0.0231
A	13	TYR	0.0902	0.0280	0.1691	0.0632	0.1456	0.0602
A	14	LEU	0.5555	0.0548	0.4634	0.2190	0.7191	0.2053
A	15	ASN	0.7492	0.2417	0.7190	0.2837	0.5991	0.0676
A	16	PRO	2.5788	0.1811	2.7816	0.1554	2.7283	0.2204
A	17	ASP	2.9063	0.1106	3.0389	0.0874	3.0001	0.0870
A	18	GLN	0.8815	0.5021	0.8539	0.1935	0.9913	0.1793
A	19	SER	1.3074	0.8445	1.3402	0.2005	1.0016	0.3836
A	20	GLY	0.8339	0.3142	0.4874	0.3014	0.5096	0.1705
A	21	GLH	0.1425	0.0474	0.2626	0.2640	0.1688	0.0848
A	22	PHE	0.2354	0.2302	0.2200	0.1515	0.2237	0.1544
A	23	MET	0.1158	0.0430	0.1380	0.0583	0.1199	0.0467
A	24	PHE	1.0376	0.6191	1.2300	0.5968	1.3871	0.2310
A	25	ASH	0.3993	0.1687	0.1820	0.0637	0.2694	0.2193
A	26	PHE	0.3361	0.0256	0.4273	0.1725	0.3854	0.0885
A	27	ASP	0.5091	0.2871	0.8744	0.0595	0.6747	0.1861
A	28	GLY	3.0571	0.6936	3.4387	0.4836	3.2740	0.6752
A	29	ASH	0.1526	0.0737	0.2728	0.1044	0.3446	0.2566
A	30	GLU	3.0456	0.1450	3.0144	0.0305	3.0958	0.0920
A	31	ILE	2.0816	0.6432	1.7244	0.6427	1.9764	0.6599
A	32	PHE	0.2900	0.0088	0.2166	0.0660	0.1925	0.1067
A	33	HIP	0.4056	0.1306	0.3571	0.2217	0.3597	0.2170
A	34	VAL	0.8396	0.8271	1.2086	0.8886	1.0316	1.0801
A	35	ASP	1.7143	0.5673	1.9194	0.4132	1.4500	0.4524
A	36	MET	2.8093	0.3050	3.0232	0.2042	3.0104	0.1284
A	37	ALA	2.1531	0.5119	2.3788	0.3038	1.8082	1.0151
A	38	LYS	2.2155	0.6560	1.7644	0.5033	1.6841	0.4364
A	39	LYS	0.8607	0.1837	0.9265	0.4148	1.2884	0.2313
A	40	GLU	0.2934	0.3237	0.2037	0.1295	0.2502	0.1670
A	41	MTS	2.6012	0.5850	2.5701	0.0740	2.6674	0.4494
A	42	VAL	0.4292	0.2548	0.9392	0.3144	0.8005	0.3646
A	43	TRP	2.3523	0.1329	2.1892	0.7506	2.1985	0.5068
A	44	ARG	1.9119	0.8494	2.1331	0.6135	2.6169	0.1353
A	45	LEU	1.6416	0.6497	2.1583	0.6956	1.7914	0.3306
A	46	GLU	3.1492	0.0611	3.0170	0.2534	3.0200	0.0649
A	47	GLU	3.0704	0.0291	3.0508	0.1207	2.9793	0.1907
A	48	PHE	2.6157	0.5704	2.6834	0.4108	2.6617	0.1425
A	49	GLY	3.1032	0.0302	3.1321	0.0374	3.0712	0.0567
A	50	ARG	2.3415	0.2617	2.0006	0.0523	2.1122	0.3121
A	51	PHE	1.1069	0.3792	0.7398	0.4567	0.7882	0.1024
A	52	ALA	1.2130	0.3128	1.3115	0.1886	1.4219	0.5163
A	53	SER	0.4362	0.3371	0.2289	0.1828	1.2897	0.6342
A	54	PHE	0.1218	0.0264	0.2183	0.0850	0.1083	0.0324
A	55	GLU	1.5367	0.5878	1.7170	0.4245	2.3265	0.4175
A	56	ALA	3.0683	0.1428	3.1219	0.0593	3.1539	0.0359
A	57	GLN	2.8753	0.3196	3.1415	0.0289	3.0951	0.0772
A	58	GLY	2.5568	0.7413	3.0496	0.0533	2.9827	0.1253
A	59	ALA	2.9930	0.2185	3.0549	0.0616	3.1155	0.0908
A	60	LEU	3.0001	0.1071	3.0869	0.1246	3.1351	0.0362
A	61	ALA	2.9624	0.1290	2.8937	0.2170	3.0182	0.1048
A	62	ASN	3.0814	0.0712	3.0160	0.0614	2.8035	0.3973
A	63	ILE	2.6349	0.6408	3.0273	0.0694	3.0153	0.1200
A	64	ALA	3.1123	0.0852	3.1129	0.0631	3.0983	0.0636
A	65	VAL	2.5868	0.1676	2.6687	0.1892	2.6963	0.1968
A	66	ASP	3.1542	0.0265	3.1546	0.0595	3.1397	0.0435
A	67	LYS	3.1127	0.1250	3.0543	0.0230	3.0745	0.0744
A	68	ALA	2.9759	0.2271	3.0093	0.1564	3.0131	0.1734
A	69	ASN	2.9416	0.2876	2.8973	0.0716	2.8957	0.0360
A	70	LEU	3.1522	0.0403	3.0993	0.0384	3.0471	0.0573
A	71	GLU	3.1080	0.0786	3.0869	0.0865	3.1640	0.0276
A	72	ILE	2.6739	0.2805	2.3678	0.2711	2.4531	0.3121
A	73	MET	2.9189	0.4166	3.0339	0.0339	3.0848	0.1048
A	74	THR	3.1133	0.0208	3.0775	0.1262	3.1031	0.0243
A	75	LYS	2.8370	0.2793	3.0244	0.0263	3.0951	0.0894
A	76	ARG	3.0593	0.0691	3.1352	0.0124	2.9763	0.2028
A	77	SER	2.6348	0.4456	2.5285	0.2942	2.6710	0.2346
A	78	ASN	0.7168	0.3648	0.7762	0.1748	0.5892	0.1711
A	79	TYR	0.9989	0.0406	0.9079	0.3257	1.0231	0.2100
A	80	THR	2.8971	0.1287	2.9989	0.1303	3.0834	0.1028
A	81	PRO	2.5425	0.2957	2.4756	0.3142	2.1851	0.1614
A	82	ILE	2.8608	0.0895	3.0207	0.1398	3.0829	0.0768
A	83	THR	2.3593	0.7793	2.8002	0.1190	2.3836	0.5559
A	84	ASN	2.5020	0.5355	2.7922	0.2211	3.0505	0.1197
A	85	VAL	0.2984	0.1146	0.3323	0.1786	0.2556	0.0764
A	86	PRO	2.8795	0.2068	2.7718	0.1014	2.9902	0.1394
A	87	PRO	3.1284	0.0405	2.9935	0.0801	2.9534	0.0909
A	88	GLU	1.9088	0.4097	1.6454	0.4117	1.9797	0.7573
A	89	VAL	0.4908	0.0962	1.1099	0.2838	0.6981	0.4916
A	90	THR	0.1668	0.1049	0.3334	0.1984	0.3170	0.2291
A	91	VAL	0.4571	0.0793	0.6250	0.3196	0.6274	0.1218
A	92	LEU	0.1670	0.1000	0.1845	0.0699	0.2077	0.0515
A	93	THR	0.9106	0.3289	1.7171	0.4509	1.7514	0.2222
A	94	ASN	2.5866	0.2491	2.8999	0.2711	2.8441	0.2563
A	95	SER	1.0724	0.5075	0.7855	0.4389	0.5769	0.5964
A	96	PRO	3.1199	0.0570	3.0683	0.0785	3.0279	0.1287
A	97	VAL	2.5747	0.4973	2.6316	0.4769	2.3894	0.3067
A	98	GLU	0.6521	0.3959	0.4004	0.4248	0.7446	0.9502
A	99	LEU	3.0476	0.1184	2.7467	0.6197	3.0685	0.0618
A	100	ARG	1.0530	0.1761	1.0221	0.1153	1.1020	0.1824
A	101	GLU	1.8017	0.2888	2.4721	0.0654	2.0665	0.2438
A	102	PRO	3.1228	0.0567	3.1854	0.0158	3.1065	0.0510
A	103	ASN	0.1839	0.0654	0.1989	0.0747	0.2179	0.2056
A	104	VAL	0.6372	0.4003	0.4808	0.2038	0.5690	0.3974
A	105	LEU	2.6592	0.0562	2.4501	0.4418	2.5209	0.0859
A	106	ILE	0.8516	0.4415	0.6450	0.2703	1.1930	0.1738
A	107	CYX	1.0690	0.5889	1.2037	0.1386	1.5221	0.3391
A	108	PHE	0.4484	0.3014	0.9620	0.4467	0.9444	0.1794
A	109	ILE	0.8410	0.2279	0.7345	0.2194	1.1481	0.1417
A	110	ASP	0.0923	0.0183	0.2366	0.1319	0.1505	0.1041
A	111	LYS	1.0447	0.0215	0.7828	0.2787	0.9504	0.2837
A	112	PHE	0.8211	0.2445	1.4971	0.5871	0.6256	0.5959
A	113	THR	0.2583	0.1396	0.2549	0.2034	0.3565	0.1782
A	114	PRO	3.1056	0.0586	3.0896	0.0654	3.0912	0.0692
A	115	PRO	2.9102	0.1927	2.8453	0.1205	2.6679	0.1616
A	116	VAL	0.4795	0.1906	0.4924	0.1007	0.2365	0.0235
A	117	VAL	1.9865	0.9455	2.8664	0.3792	2.3710	1.0921
A	118	ASN	0.8073	0.6333	1.2771	0.8063	1.1779	0.5264
A	119	VAL	0.3103	0.0452	0.3197	0.2369	0.3137	0.2729
A	120	THR	0.4019	0.1764	0.1319	0.0526	0.5305	0.2179
A	121	TRP	1.5805	0.7487	1.3018	0.3065	1.3114	0.2179
A	122	LEU	0.7993	0.3393	0.5912	0.4128	0.6835	0.1515
A	123	ARG	0.4043	0.2578	0.3514	0.0888	0.7487	0.2460
A	124	ASN	0.7759	0.0617	0.5366	0.3050	0.8076	0.2730
A	125	GLY	2.4656	0.2940	2.4489	0.4549	2.4597	0.2520
A	126	LYS	1.3673	0.5585	0.7818	0.3662	0.9799	0.5056
A	127	PRO	2.9323	0.2644	3.1712	0.0261	3.0672	0.0707
A	128	VAL	0.8783	0.1067	0.3136	0.2198	0.8202	0.3328
A	129	THR	2.2837	0.8655	1.6968	0.3724	1.7347	0.4018
A	130	THR	1.3554	0.2384	2.3043	0.7296	1.8203	0.8604
A	131	GLY	2.9090	0.0471	2.3007	0.7350	2.6228	0.3779
A	132	VAL	1.5856	0.7187	1.2166	0.7829	1.5403	0.7816
A	133	SER	1.0444	0.4440	1.3547	0.9987	1.0330	0.8181
A	134	GLU	1.0447	0.6949	1.2191	0.7106	1.4504	1.2037
A	135	THR	2.1169	0.0845	1.9818	0.5759	1.2778	0.5020
A	136	VAL	1.1758	0.3935	1.3675	0.8921	1.1348	0.8709
A	137	PHE	2.9502	0.1573	2.8897	0.1085	2.7937	0.1985
A	138	LEU	2.7813	0.1562	2.3719	0.1535	2.5526	0.5964
A	139	PRO	2.7195	0.1366	2.5400	0.4419	2.8522	0.0264
A	140	ARG	0.4833	0.3717	0.7323	0.3799	0.5946	0.4710
A	141	GLU	2.8892	0.1581	2.8420	0.0949	2.9482	0.2863
A	142	ASP	2.1876	0.3734	2.2484	0.2486	2.1090	0.3178
A	143	HIE	1.9190	0.1236	1.5595	0.6826	1.6928	0.2783
A	144	LEU	2.9935	0.1237	2.8768	0.3805	2.4453	0.2611
A	145	PHE	0.7868	0.1067	0.6011	0.3759	0.7688	0.5862
A	146	ARG	0.1505	0.0798	0.2078	0.1790	0.2145	0.0454
A	147	LYS	0.2424	0.1790	0.2679	0.1635	0.2569	0.1005
A	148	PHE	1.6470	0.3572	0.9953	0.4553	1.6666	0.4392
A	149	HIE	0.1548	0.0577	0.1380	0.0367	0.1459	0.0865
A	150	TYR	0.2378	0.1679	0.3874	0.2056	0.2204	0.0520
A	151	LEU	0.1367	0.0770	0.3135	0.3350	0.3185	0.2193
A	152	PRO	3.0348	0.0904	2.7924	0.2189	3.0381	0.0299
A	153	PHE	0.1959	0.1164	0.1222	0.0677	0.1202	0.0473
A	154	LEU	0.8949	0.4679	1.3295	0.2828	0.6699	0.3774
A	155	PRO	3.0365	0.1364	3.0809	0.1020	3.1305	0.0429
A	156	SER	0.2687	0.1525	0.4421	0.4042	0.3046	0.2878
A	157	THR	2.8406	0.2851	2.8387	0.1566	2.9050	0.0615
A	158	GLU	1.9787	0.3083	1.4678	0.8733	1.4260	0.1960
A	159	ASP	0.7315	0.3567	0.7618	0.2333	0.5077	0.5862
A	160	VAL	0.2665	0.1590	0.5219	0.1011	0.5038	0.2229
A	161	TYR	0.5450	0.2154	0.4886	0.3336	0.3408	0.1500
A	162	ASP	0.1381	0.0160	0.2106	0.0879	0.1496	0.1156
A	163	CYX	2.1431	0.2724	1.8539	0.3882	1.7970	0.0696
A	164	ARG	1.0510	0.6441	1.2103	0.2155	1.4833	0.2862
A	165	VAL	0.5278	0.0278	0.5335	0.1873	0.5728	0.2570
A	166	GLU	0.7285	0.1516	0.6076	0.4834	1.0153	0.8206
A	167	HIE	1.0127	0.9873	0.2899	0.2985	0.6556	0.6430
A	168	TRP	2.9342	0.1220	2.9242	0.2916	3.0905	0.1357
A	169	GLY	2.4907	0.9335	2.2939	0.4378	2.3841	0.9894
A	170	LEU	1.2075	0.5476	1.8161	0.5712	2.0893	0.3856
A	171	ASP	2.3311	0.3366	2.0750	0.7558	2.3973	0.5970
A	172	GLU	0.6670	0.6822	0.2303	0.1364	0.5717	0.5466
A	173	PRO	2.9802	0.1234	2.8700	0.1105	3.0227	0.0678
A	174	LEU	1.9192	0.4023	1.8560	0.3784	2.2647	0.3467
A	175	LEU	0.3745	0.3218	0.5032	0.1425	0.6970	0.7281
A	176	LYS	0.3757	0.2780	0.4124	0.0989	0.3410	0.4332
A	177	HIP	1.9742	0.7122	1.8919	0.6670	2.0197	0.9565
A	178	TRP	0.1567	0.1242	0.2046	0.1631	0.1403	0.0416
A	179	GLU	0.2982	0.1382	0.0849	0.0044	0.2615	0.2387
A	180	PHE	2.7646	0.1045	2.3037	0.4710	2.0664	0.4171
A	181	ASP	0.5914	0.4780	0.8507	0.5235	1.2352	0.4430
A	182	ALA	0.4689	0.4760	0.9052	0.6637	0.8676	0.6331
A	183	PRO	2.9408	0.1472	3.0858	0.0693	3.1244	0.0684
A	184	SER	1.9547	1.0148	1.6288	0.9948	0.8986	0.7550
B	5	PRO	3.1035	0.0905	3.0711	0.0689	3.0384	0.1363
B	6	ARG	0.9727	0.1889	1.2922	0.1591	0.5977	0.3665
B	7	PHE	0.2813	0.1348	0.3898	0.2121	0.2088	0.1401
B	8	LEU	0.3120	0.0503	0.4708	0.0650	0.2372	0.1992
B	9	TRP	1.5284	1.1148	0.9978	0.3734	1.2533	0.1581
B	10	GLN	0.3148	0.2062	0.1697	0.0902	0.2467	0.0459
B	11	LEU	0.4536	0.0965	0.2605	0.1681	0.5127	0.1898
B	12	LYS	0.2457	0.0530	0.3224	0.1403	0.5666	0.1794
B	13	PHE	0.7397	0.4513	1.0682	0.1495	0.4664	0.3107
B	14	GLU	0.6221	0.2237	0.7632	0.5556	0.4691	0.2022
B	15	CYX	1.8039	0.4184	1.5342	0.4786	0.3974	0.1785
B	16	HIP	1.9695	0.6941	1.5733	0.1842	1.2810	0.2744
B	17	PHE	0.2467	0.0810	0.2662	0.2205	0.1272	0.0471
B	18	PHE	0.8532	0.7224	1.1686	1.0761	0.4638	0.3933
B	19	ASN	0.6466	0.4885	0.3775	0.2503	0.1097	0.0366
B	20	GLY	3.2221	0.2610	3.2196	0.1711	3.1142	0.0547
B	21	THR	2.3491	0.6239	1.6000	0.8751	1.5803	0.5996
B	22	GLU	0.3986	0.3733	1.0768	0.5839	1.0248	1.1283
B	23	ARG	1.6514	0.8587	2.7218	0.4028	3.1126	0.0623
B	24	VAL	1.1837	0.7671	1.1496	0.8842	1.0474	0.3353
B	25	ARG	1.0809	0.8372	0.3722	0.2285	1.1854	0.5752
B	26	LEU	1.0563	0.3950	0.7132	0.3189	0.7014	0.2061
B	27	LEU	0.7975	0.3885	0.7681	0.1604	0.2231	0.0183
B	28	GLU	0.8177	0.4660	0.6975	0.4606	0.3668	0.0097
B	29	ARG	0.1769	0.0821	0.2275	0.1023	0.0994	0.0122
B	30	CYS	1.6919	0.2492	1.7911	0.2301	1.4745	0.1240
B	31	ILE	0.2705	0.2054	0.2186	0.1210	0.1770	0.0250
B	32	TYR	0.5999	0.5536	0.4881	0.0977	0.8102	0.3198
B	33	ASN	0.3656	0.0561	0.4543	0.1375	0.5397	0.3877
B	34	GLN	1.5687	0.6309	1.5203	0.1630	1.3454	0.3796
B	35	GLU	0.9890	0.7036	0.5657	0.4444	0.9333	0.2881
B	36	GLU	2.9674	0.1011	2.9659	0.1582	3.1026	0.0894
B	37	SER	1.6794	0.1368	1.5680	0.7626	1.3271	0.4252
B	38	VAL	0.2012	0.1275	0.2120	0.1013	0.1144	0.0350
B	39	ARG	0.2171	0.1106	0.3012	0.2039	0.1778	0.0951
B	40	PHE	1.2102	0.8535	0.8079	0.0582	1.1748	0.2309
B	41	ASP	0.1225	0.0507	0.5290	0.4326	0.6075	0.3844
B	42	SER	3.1312	0.0496	2.9118	0.3327	3.0613	0.1716
B	43	ASP	3.0366	0.1113	2.9996	0.0643	2.8805	0.2398
B	44	VAL	1.3430	1.1846	1.3115	0.2473	1.5664	0.5702
B	45	GLY	2.0397	0.4093	1.3174	0.4373	2.1097	0.4346
B	46	GLU	0.1360	0.0714	0.1502	0.0855	0.3314	0.1028
B	47	TYR	2.8665	0.0725	2.7121	0.1130	2.6588	0.3259
B	48	ARG	0.4069	0.1591	0.2645	0.1645	0.3250	0.2380
B	49	ALA	2.8813	0.0974	2.4126	0.7146	1.9693	0.5283
B	50	VAL	1.3733	0.4446	1.2102	0.3228	1.4120	0.6925
B	51	THR	0.5437	0.3300	0.3631	0.2482	0.1830	0.0860
B	52	GLU	3.0729	0.1506	3.1499	0.0168	3.1129	0.1059
B	53	LEU	3.0541	0.0974	3.0973	0.0861	3.0041	0.1507
B	54	GLY	1.9358	0.2419	2.0609	0.1865	2.0740	0.1133
B	55	ARG	3.0875	0.0465	2.8869	0.2549	3.0152	0.0958
B	56	PRO	3.1115	0.0431	3.1589	0.0466	3.0520	0.1457
B	57	ASP	2.4788	0.1445	2.6746	0.3236	2.4619	0.3454
B	58	ALA	3.1457	0.0316	3.1337	0.0475	3.0788	0.0897
B	59	GLU	2.8402	0.2406	2.5551	0.2930	2.6750	0.2128
B	60	TYR	2.6547	0.4063	2.5741	0.1392	2.3063	0.5561
B	61	TRP	2.8362	0.3874	2.9403	0.1895	2.9920	0.1758
B	62	ASN	2.9538	0.2022	2.7679	0.3684	2.2092	0.9104
B	63	SER	2.7946	0.4292	2.1925	0.0972	2.8052	0.3089
B	64	GLN	2.4142	0.5808	2.0830	0.5794	1.0887	1.4182
B	65	LYS	3.1583	0.0274	2.9403	0.2433	3.0569	0.1412
B	66	ASP	3.0477	0.0847	2.9356	0.3390	2.7999	0.4224
B	67	LEU	2.1912	0.3110	2.9063	0.1132	2.8308	0.2457
B	68	LEU	3.0930	0.0462	3.0922	0.0664	3.0947	0.0236
B	69	GLU	3.0424	0.0932	3.0050	0.1523	2.8962	0.1941
B	70	GLN	2.9315	0.0498	2.9768	0.1887	2.8081	0.3597
B	71	ARG	3.1650	0.0460	2.9317	0.0985	2.9161	0.3199
B	72	ARG	2.9191	0.1760	3.1357	0.0848	2.7654	0.2883
B	73	ALA	2.5857	0.7908	2.8071	0.3864	3.0370	0.1190
B	74	ALA	3.0536	0.1077	3.0979	0.1233	2.7535	0.2926
B	75	VAL	3.1299	0.0419	3.0583	0.1751	2.0195	0.8649
B	76	ASP	1.9764	0.7829	2.3956	0.2570	2.8898	0.2262
B	77	THR	3.0466	0.0859	2.8793	0.1852	1.7612	0.2309
B	78	TYR	0.7248	0.5245	1.8506	0.2144	2.9120	0.4324
B	79	CYX	2.7308	0.5460	2.8030	0.5692	2.9494	0.0735
B	80	ARG	3.1582	0.0301	3.1225	0.0571	3.1498	0.0516
B	81	HIP	2.8741	0.4593	1.9906	0.9267	2.2666	1.0517
B	82	MTS	2.6680	0.5111	1.8543	1.1049	2.0037	1.3788
B	83	TYR	2.9888	0.2844	2.8680	0.4795	2.2537	0.6965
B	84	GLY	3.0365	0.2430	2.6726	0.3220	2.8996	0.2519
B	85	VAL	2.7287	0.1911	2.6116	0.3472	1.7504	0.9370
B	86	GLY	2.2980	0.4303	2.4490	0.6602	2.3794	0.9152
B	87	GLU	3.0795	0.0923	2.7972	0.5369	3.0543	0.1237
B	88	SER	2.6396	0.3116	2.4689	0.9859	3.0715	0.0192
B	89	PHE	1.6449	1.0229	2.1049	0.1621	1.5801	0.9100
B	90	THR	1.4441	0.4265	1.6588	0.9057	1.1322	0.8744
B	91	VAL	2.1685	0.4788	1.6038	1.0541	1.7178	0.5960
B	92	GLN	1.8543	0.3557	1.4540	0.3210	2.2824	0.6685
B	93	ARG	2.8004	0.2171	2.4537	0.4267	2.4136	0.4356
B	94	ARG	0.2366	0.0609	0.6914	0.6041	0.5225	0.5066
B	95	VAL	0.4618	0.2423	0.3958	0.2118	0.2082	0.0393
B	96	GLU	2.5411	0.1523	2.4804	0.0719	2.5905	0.1128
B	97	PRO	3.0350	0.1060	2.9934	0.1635	3.0370	0.0765
B	98	LYS	1.3433	0.6925	1.5729	0.3679	1.6323	0.7268
B	99	VAL	0.4545	0.2777	0.1675	0.1178	0.1951	0.1360
B	100	THR	0.1304	0.0623	0.1067	0.0345	0.1605	0.0914
B	101	VAL	0.5750	0.6360	0.4582	0.3154	0.5549	0.5295
B	102	TYR	0.1845	0.1258	0.2177	0.1131	0.1851	0.0096
B	103	PRO	2.8152	0.0256	2.9904	0.1449	2.8477	0.0710
B	104	SER	0.1571	0.1077	0.6586	0.4166	0.2172	0.0532
B	105	LYS	0.6274	0.4104	0.8737	0.9218	0.7598	0.7587
B	106	THR	1.1896	0.6697	1.1200	0.2815	0.8049	0.2750
B	107	GLN	0.6293	0.7038	0.5552	0.4220	2.2060	0.5346
B	108	PRO	3.0759	0.0784	3.0639	0.0855	3.0972	0.0616
B	109	LEU	1.0154	0.1169	0.9131	0.1243	1.1964	0.2126
B	110	GLN	2.2785	0.2847	1.3664	1.0644	1.5447	0.8109
B	111	HIP	2.8066	0.4791	2.5645	0.4480	2.6803	0.5531
B	112	HIE	2.7389	0.5590	1.6713	1.1777	1.4960	1.2809
B	113	ASN	0.1690	0.0652	0.2894	0.1415	0.5614	0.5177
B	114	LEU	0.6092	0.5612	0.6303	0.5987	0.3879	0.0865
B	115	LEU	1.8672	0.1818	1.6844	0.0959	1.1335	0.4933
B	116	VAL	0.7564	0.4726	0.7670	0.4055	0.6343	0.6376
B	117	CYX	0.9070	0.2286	0.7057	0.1763	0.5369	0.3746
B	118	SER	0.7256	0.2451	0.6189	0.0789	0.3376	0.2177
B	119	VAL	0.5184	0.3317	0.8777	0.3091	0.5271	0.2165
B	120	SER	0.1650	0.0235	0.1680	0.0406	0.1512	0.0775
B	121	GLY	2.9889	0.3179	3.0367	0.3376	2.5733	0.6778
B	122	PHE	1.7226	0.0580	1.6917	0.0133	1.7315	0.4581
B	123	TYR	0.1819	0.0389	0.1948	0.0287	0.1868	0.0738
B	124	PRO	2.8479	0.1769	3.0030	0.1181	2.9632	0.0842
B	125	GLY	2.7855	0.2553	2.9438	0.1515	3.0287	0.1508
B	126	SER	2.5119	0.4153	2.8408	0.4414	2.9875	0.1957
B	127	ILE	0.4839	0.4846	0.8033	0.6369	0.9375	0.1767
B	128	GLU	0.4950	0.2441	0.2174	0.1201	0.3077	0.1706
B	129	VAL	0.9553	0.7326	0.5714	0.3519	0.7026	0.2107
B	130	ARG	0.2993	0.1950	0.3063	0.0819	0.1786	0.0815
B	131	TRP	1.5070	0.7332	1.8311	0.6749	1.3579	0.5061
B	132	PHE	0.2445	0.1334	0.4610	0.2240	0.2540	0.0304
B	133	ARG	0.3135	0.2348	0.3685	0.2776	0.1613	0.0632
B	134	ASN	0.6821	0.1190	0.8668	0.4179	0.4802	0.1737
B	135	GLY	2.8282	0.3081	2.7253	0.5822	2.6559	0.1237
B	136	GLN	0.5216	0.2195	1.2957	0.2794	1.1484	0.4032
B	137	GLU	2.9891	0.2011	2.7888	0.3166	2.9558	0.0751
B	138	GLU	1.3588	0.1781	1.5252	0.3260	1.3269	0.5834
B	139	LYS	0.3781	0.2442	0.2923	0.0571	0.3551	0.2782
B	140	ALA	2.5466	0.4168	2.3729	0.9744	1.9819	0.7375
B	141	GLY	2.1561	0.2522	1.7084	0.1308	2.2432	0.3941
B	142	VAL	1.8601	0.5385	2.5371	0.3086	2.2598	0.5046
B	143	VAL	0.3209	0.2301	0.7264	0.5677	0.3616	0.2472
B	144	SER	0.6668	0.5371	0.5920	0.4336	0.7441	0.8625
B	145	THR	1.0893	0.3079	1.5893	0.9497	1.2479	0.5549
B	146	GLY	2.0744	0.6334	3.4902	0.2284	3.2804	0.6175
B	147	LEU	2.1722	0.9429	2.2480	0.4983	1.9762	0.6386
B	148	ILE	0.1650	0.1038	0.4400	0.4067	0.2189	0.1194
B	149	GLN	1.3662	0.6374	1.5572	0.7945	1.7587	0.3909
B	150	ASN	2.5182	0.6801	2.4847	0.2976	2.4139	0.1498
B	151	GLY	2.2327	0.2042	2.0160	0.5183	2.3726	0.2634
B	152	ASP	0.6815	0.6677	0.1188	0.0317	0.3961	0.3051
B	153	TRP	1.5511	0.1040	1.1659	0.2206	1.2701	0.0515
B	154	THR	0.3394	0.2690	0.2006	0.0739	0.1917	0.0718
B	155	PHE	2.0033	0.1348	1.2965	0.4962	1.6327	0.5517
B	156	GLN	0.1326	0.0821	0.1522	0.1127	0.1755	0.0294
B	157	THR	0.2445	0.1704	0.2985	0.1512	0.1549	0.0757
B	158	LEU	0.2458	0.1219	0.2091	0.1722	0.3677	0.1806
B	159	VAL	0.2580	0.2394	0.4262	0.1196	0.3924	0.1348
B	160	MET	0.2390	0.0305	0.5932	0.4486	0.3818	0.1218
B	161	LEU	0.2276	0.1741	0.1772	0.1223	0.2553	0.2626
B	162	GLU	2.8980	0.2289	2.3697	0.3300	2.8494	0.3040
B	163	THR	2.0331	0.8122	2.4550	0.6049	2.8258	0.2158
B	164	VAL	2.7834	0.0640	2.7247	0.4109	2.7306	0.1402
B	165	PRO	2.8898	0.2431	2.9360	0.1357	2.9938	0.0741
B	166	ARG	0.8596	1.1207	0.9417	0.6836	1.3536	0.3141
B	167	SER	2.3737	0.5969	2.3703	0.6923	2.0400	0.0798
B	168	GLY	3.1408	0.5075	3.6306	0.1346	2.9818	0.5514
B	169	GLU	2.2476	0.3470	2.6510	0.5907	2.1677	0.8126
B	170	VAL	1.0705	0.2640	0.8071	0.1086	0.9946	0.2529
B	171	TYR	0.9489	0.4817	1.2809	0.2391	1.0131	0.6970
B	172	THR	0.1516	0.0622	0.3477	0.2124	0.1997	0.0692
B	173	CYX	1.6749	0.1211	1.6612	0.4766	1.3962	0.2625
B	174	GLN	0.4356	0.2393	0.8550	0.2515	0.4062	0.1966
B	175	VAL	0.5928	0.3370	0.6769	0.4985	0.7256	0.0619
B	176	GLU	0.8078	0.6046	0.7941	0.1592	0.5788	0.1170
B	177	HIE	0.2208	0.0549	0.3509	0.0665	0.2003	0.0447
B	178	PRO	3.0796	0.1058	3.0291	0.1367	3.1074	0.0216
B	179	SER	2.7732	0.1893	2.8431	0.1103	2.8139	0.3166
B	180	VAL	0.5508	0.1066	0.6627	0.1363	0.4518	0.3118
B	181	THR	2.4731	0.2537	2.5286	0.1625	2.1923	0.8519
B	182	SER	0.4581	0.3277	0.5822	0.3017	0.2342	0.1513
B	183	PRO	3.1359	0.0797	3.1490	0.0204	3.0717	0.0725
B	184	LEU	1.9327	0.7360	1.6449	0.2570	1.6925	0.8232
B	185	THR	0.3442	0.2708	0.4123	0.2531	0.3780	0.4470
B	186	VAL	0.3087	0.0881	0.2628	0.0830	0.2944	0.1314
B	187	GLU	0.8762	0.3770	0.8336	0.3203	0.5788	0.3393
B	188	TRP	0.1956	0.0950	0.1232	0.0344	0.2247	0.0458
B	189	ARG	0.2204	0.0105	0.4434	0.2197	0.2490	0.1574
B	190	ALA	2.3719	0.3178	2.2827	0.1771	2.1404	0.6922
C	102	LYS	0.7273	0.2242	2.1170	0.3137	0.0000	0.0000
C	103	PRO	3.0551	0.0804	2.9840	0.1244	3.0529	0.0864
C	104	VAL	1.2540	0.7693	1.1493	0.3296	0.8145	0.5262
C	105	SER	0.8012	0.3992	1.7262	0.3498	1.0377	0.1240
C	106	LYS	1.8730	1.3810	1.5471	0.6944	0.9271	0.4520
C	107	TRP	2.1263	0.8410	2.3397	0.2740	2.1348	0.4703
C	108	ARG	1.8244	0.2592	0.9594	0.3110	1.0546	0.5086
C	109	MET	0.5816	0.2599	0.3418	0.2069	0.4654	0.2265
C	110	ALA	1.7718	0.5917	2.2641	0.5237	2.5225	0.1778
C	111	THR	1.2202	0.4081	0.8740	0.3710	1.0511	0.8033
C	112	PRO	2.8670	0.1039	3.0699	0.0515	2.9540	0.1166
C	113	LEU	1.9463	0.3189	1.1853	0.2344	0.9554	0.1684
C	114	LEU	2.4874	0.2934	2.2594	0.2908	2.4335	0.6385
C	115	MET	3.0096	0.0679	2.7791	0.3510	3.1064	0.0473
C	116	GLN	2.8483	0.3291	2.4864	0.8911	1.0210	0.2801
C	117	ALA	2.5480	0.6558	2.0540	0.4456	1.0262	1.4062
C	118	LEU	2.4956	0.5948	1.6501	0.3740	2.7732	0.3361
C	119	PRO	3.0745	0.0981	2.9549	0.0463	3.0422	0.1301
C	120	MET	1.7397	0.8928	1.2001	0.2193	1.2475	0.3316
