seg	res	rnm	bN82A.pcca2	bN82A.pcca2	WT.pcca2	WT.pcca2	lsdm	sdiff	score	pval
			mf	sf	mf	sf				
A	7	ILE	0.6664	0.1845	1.4783	0.0482	1	-0.4303	-4.2561	0.0000
A	89	VAL	1.1099	0.2838	0.4908	0.0962	1	0.0198	2.0661	0.0388
A	101	GLU	2.4721	0.0654	1.8017	0.2888	1	0.0782	2.2640	0.0236
A	128	VAL	0.3136	0.2198	0.8783	0.1067	1	-0.0759	-2.3107	0.0208
B	67	LEU	2.9063	0.1132	2.1912	0.3110	1	0.0533	2.1611	0.0307
B	71	ARG	2.9317	0.0985	3.1650	0.0460	1	-0.0158	-2.1452	0.0319
B	136	GLN	1.2957	0.2794	0.5216	0.2195	1	0.0634	2.1785	0.0294
B	146	GLY	3.4902	0.2284	2.0744	0.6334	1	0.0692	2.1028	0.0355
C	102	LYS	2.1170	0.3137	0.7273	0.2242	1	0.6186	3.6042	0.0003
C	108	ARG	0.9594	0.3110	1.8244	0.2592	1	-0.0553	-2.1367	0.0326
