seg	res	rnm	aT41A.pcca1	aT41A.pcca1	WT.pcca2	WT.pcca2	lsdm	sdiff	score	pval
			mf	sf	mf	sf				
A	7	ILE	0.6735	0.3936	1.4783	0.0482	1	-0.0116	-2.0293	0.0424
A	93	THR	1.7514	0.2222	0.9106	0.3289	1	0.0470	2.1183	0.0341
B	15	CYX	0.3974	0.1785	1.8039	0.4184	1	-0.4967	-3.0920	0.0020
B	77	THR	1.7612	0.2309	3.0466	0.0859	1	-0.7926	-5.2168	0.0000
B	78	TYR	2.9120	0.4324	0.7248	0.5245	1	0.8276	3.2175	0.0013
B	153	TRP	1.2701	0.0515	1.5511	0.1040	1	-0.0488	-2.4202	0.0155
C	102	LYS	0.0000	0.0000	0.7273	0.2242	1	-0.2789	-3.2441	0.0012
C	113	LEU	0.9554	0.1684	1.9463	0.3189	1	-0.2696	-2.7476	0.0060
C	116	GLN	1.0210	0.2801	2.8483	0.3291	1	-0.9631	-4.2288	0.0000
