rgn1	rgn2	aT41A.pcca1	aT41A.pcca1	aT41A.pcca1	aT41A.pcca1	bN82A.pcca2	bN82A.pcca2	bN82A.pcca2	bN82A.pcca2	lsdm	sdiff	sdiff.2	score	pval	score.2	pval.2
		mf	sf	mf.2	sf.2	mf	sf	mf.2	sf.2							
a1_12	a1_16	0.0000	0.0000	0.0000	0.0000	0.6667	0.0000	0.2222	0.0000	1	-0.6667	-0.2222	-inf	0.0000	-inf	0.0000
a1_24	c2_5	0.0000	0.0000	0.0000	0.0000	0.7778	0.1925	0.1481	0.1283	1	-0.3929		-4.0415	0.0001	-1.1547	0.2482
a1_4	a1_4	0.3333	0.0000	0.2222	0.0000	0.8889	0.1925	0.0741	0.1283	1	-0.1707		-2.8868	0.0039	1.1547	0.2482
b1_10	b1_10	0.3333	0.0000	0.2222	0.0000	0.0000	0.0000	0.0000	0.0000	1	0.3333	0.2222	inf	0.0000	inf	0.0000
b1_14	b1_19	0.2222	0.1925	0.1481	0.1283	0.8889	0.1925	0.0741	0.1283	1	-0.1223		-2.4495	0.0143	0.4082	0.6831
b1_22	b1_14	0.2222	0.1925	0.1481	0.1283	0.6667	0.0000	0.2222	0.0000	1	-0.0595		-2.3094	0.0209	-0.5774	0.5637
b1_25	b1_23	0.2222	0.3849	0.0741	0.1283	1.7778	0.3849	-1.4815	0.8981	1	-0.4669		-2.8577	0.0043	1.7146	0.0864
b1_26	c2_2	1.0000	0.0000	0.0000	0.0000	0.0000	0.0000	0.0000	0.0000	1	1.0000		inf	0.0000		
b1_29	b1_27	2.1111	0.1925	-2.3704	0.6415	1.1111	0.3849	-0.2222	0.3849	1	0.1393	-0.6519	2.3238	0.0201	-2.8714	0.0041
b2_12	b2_22	0.0000	0.0000	0.0000	0.0000	0.5556	0.1925	0.2222	0.0000	1	-0.1707	-0.2222	-2.8868	0.0039	-inf	0.0000
b2_19	b2_18	1.5556	0.1925	-0.8889	0.3849	0.7778	0.1925	0.1481	0.1283	1	0.2334	-0.2256	2.8577	0.0043	-2.5560	0.0106
b2_4	b2_5	0.1111	0.1925	0.0741	0.1283	1.2222	0.1925	-0.2963	0.2566	1	-0.5668		-4.0825	0.0000	1.2910	0.1967
c2_2	b1_24	0.1111	0.1925	0.0741	0.1283	0.7778	0.1925	0.1481	0.1283	1	-0.1223		-2.4495	0.0143	-0.4082	0.6831
c2_2	b1_26	1.0000	0.0000	0.0000	0.0000	0.0000	0.0000	0.0000	0.0000	1	1.0000		inf	0.0000		
a1_20	a1_18	0.6667	0.5774	0.0000	0.0000	0.5556	0.1925	0.2222	0.0000	2		-0.2222	0.1826	0.8551	-inf	0.0000
b1_22	b1_20	0.6667	0.5774	0.0000	0.0000	0.6667	0.0000	0.2222	0.0000	2		-0.2222	0.0000	1.0000	-inf	0.0000
b1_29	b2_19	0.5556	0.1925	0.2222	0.0000	0.3333	0.5774	0.0000	0.0000	2		0.2222	0.3651	0.7150	inf	0.0000
b1_8	a2_17	0.3333	0.5774	0.0000	0.0000	0.4444	0.1925	0.2222	0.0000	2		-0.2222	-0.1826	0.8551	-inf	0.0000
b1_9	a1_24	0.3333	0.5774	0.0000	0.0000	0.4444	0.1925	0.2222	0.0000	2		-0.2222	-0.1826	0.8551	-inf	0.0000
