rgn1	rgn2	bN82A.pcca2	bN82A.pcca2	bN82A.pcca2	bN82A.pcca2	WT.pcca2	WT.pcca2	WT.pcca2	WT.pcca2	lsdm	sdiff	sdiff.2	score	pval	score.2	pval.2
		mf	sf	mf.2	sf.2	mf	sf	mf.2	sf.2							
a1_13	a1_8	0.1111	0.1925	0.0741	0.1283	0.7778	0.1925	0.1481	0.1283	1	-0.1223		-2.4495	0.0143	-0.4082	0.6831
a1_13	a2_15	0.1111	0.1925	0.0741	0.1283	1.4444	0.3849	-0.7407	0.6415	1	-0.4727		-3.0984	0.0019	1.2455	0.2129
a1_13	b2_19	1.1111	0.1925	-0.1481	0.2566	0.2222	0.1925	0.1481	0.1283	1	0.3446		3.2660	0.0011	-1.0328	0.3017
a1_4	a1_4	0.8889	0.1925	0.0741	0.1283	0.3333	0.0000	0.2222	0.0000	1	0.1707		2.8868	0.0039	-1.1547	0.2482
a2_14	a2_20	0.1111	0.1925	0.0741	0.1283	0.8889	0.1925	0.0741	0.1283	1	-0.2334		-2.8577	0.0043	0.0000	1.0000
b1_0	b1_0	0.6667	0.0000	0.2222	0.0000	1.0000	0.0000	0.0000	0.0000	1	-0.3333	0.2222	-inf	0.0000	inf	0.0000
b1_17	b1_16	1.5556	0.1925	-0.8889	0.3849	2.0000	0.0000	-2.0000	0.0000	1	-0.0595	0.3413	-2.3094	0.0209	2.8868	0.0039
b1_24	a1_1	0.0000	0.0000	0.0000	0.0000	0.8889	0.1925	0.0741	0.1283	1	-0.5040		-4.6188	0.0000	-0.5774	0.5637
b1_25	c2_1	0.0000	0.0000	0.0000	0.0000	0.4444	0.1925	0.2222	0.0000	1	-0.0595	-0.2222	-2.3094	0.0209	-inf	0.0000
b1_26	b1_27	0.0000	0.0000	0.0000	0.0000	0.4444	0.1925	0.2222	0.0000	1	-0.0595	-0.2222	-2.3094	0.0209	-inf	0.0000
b1_26	c2_2	0.0000	0.0000	0.0000	0.0000	0.8889	0.1925	0.0741	0.1283	1	-0.5040		-4.6188	0.0000	-0.5774	0.5637
b1_4	a1_0	1.4444	0.1925	-0.6667	0.3849	2.0000	0.0000	-2.0000	0.0000	1	-0.1707	0.5635	-2.8868	0.0039	3.4641	0.0005
b2_21	b2_17	0.5556	0.1925	0.2222	0.0000	1.4444	0.3849	-0.7407	0.6415	1	-0.0282		-2.0656	0.0389	1.5011	0.1333
b2_3	b2_3	0.3333	0.0000	0.2222	0.0000	0.7778	0.1925	0.1481	0.1283	1	-0.0595		-2.3094	0.0209	0.5774	0.5637
c2_2	b1_26	0.0000	0.0000	0.0000	0.0000	0.8889	0.1925	0.0741	0.1283	1	-0.5040		-4.6188	0.0000	-0.5774	0.5637
b1_25	b1_24	1.1111	0.3849	-0.2222	0.3849	1.8889	0.1925	-1.7037	0.5132	2		0.1985	-1.8074	0.0707	2.3094	0.0209
b2_5	b2_4	0.6667	0.5774	0.0000	0.0000	0.5556	0.1925	0.2222	0.0000	2		-0.2222	0.1826	0.8551	-inf	0.0000
