rgn1	rgn2	aT41A.pcca1	aT41A.pcca1	aT41A.pcca1	aT41A.pcca1	WT.pcca2	WT.pcca2	WT.pcca2	WT.pcca2	lsdm	sdiff	sdiff.2	score	pval	score.2	pval.2
		mf	sf	mf.2	sf.2	mf	sf	mf.2	sf.2							
a1_13	a2_15	0.5556	0.1925	0.2222	0.0000	1.4444	0.3849	-0.7407	0.6415	1	-0.0282		-2.0656	0.0389	1.5011	0.1333
a2_14	a2_20	0.2222	0.1925	0.1481	0.1283	0.8889	0.1925	0.0741	0.1283	1	-0.1223		-2.4495	0.0143	0.4082	0.6831
a2_20	a2_15	0.7778	0.1925	0.1481	0.1283	0.3333	0.0000	0.2222	0.0000	1	0.0595		2.3094	0.0209	-0.5774	0.5637
b1_0	b1_0	0.5556	0.1925	0.2222	0.0000	1.0000	0.0000	0.0000	0.0000	1	-0.0595	0.2222	-2.3094	0.0209	inf	0.0000
b1_10	b1_10	0.3333	0.0000	0.2222	0.0000	0.0000	0.0000	0.0000	0.0000	1	0.3333	0.2222	inf	0.0000	inf	0.0000
b1_10	b1_9	1.4444	0.1925	-0.6667	0.3849	0.8889	0.1925	0.0741	0.1283	1	0.0112		2.0412	0.0412	-1.8257	0.0679
b1_14	b1_19	0.2222	0.1925	0.1481	0.1283	0.7778	0.1925	0.1481	0.1283	1	-0.0112		-2.0412	0.0412	0.0000	1.0000
b1_24	a1_1	0.0000	0.0000	0.0000	0.0000	0.8889	0.1925	0.0741	0.1283	1	-0.5040		-4.6188	0.0000	-0.5774	0.5637
b1_25	b1_23	0.2222	0.3849	0.0741	0.1283	1.8889	0.1925	-1.7037	0.5132	1	-0.8060	0.7198	-3.8730	0.0001	3.3607	0.0008
b1_26	b1_25	1.5556	0.1925	-0.8889	0.3849	2.1111	0.1925	-2.3704	0.6415	1	-0.0112		-2.0412	0.0412	1.9803	0.0477
b1_4	a1_0	1.5556	0.1925	-0.8889	0.3849	2.0000	0.0000	-2.0000	0.0000	1	-0.0595	0.3413	-2.3094	0.0209	2.8868	0.0039
b2_16	b2_15	0.4444	0.1925	0.2222	0.0000	0.0000	0.0000	0.0000	0.0000	1	0.0595	0.2222	2.3094	0.0209	inf	0.0000
b2_3	b2_3	0.2222	0.1925	0.1481	0.1283	0.7778	0.1925	0.1481	0.1283	1	-0.0112		-2.0412	0.0412	0.0000	1.0000
