rgn	WT.pcca2	WT.pcca2	bN82A.pcca2	bN82A.pcca2	aT41A.pcca1	aT41A.pcca1
	mf	sf	mf	sf	mf	sf
a1_0	1.4839	0.3501	1.8994	0.4038	1.2424	0.4330
a1_1	0.8724	0.3054	0.9172	0.1212	0.8997	0.0763
a1_10	1.0001	0.3582	1.6754	0.8030	1.0269	0.5068
a1_11	1.2389	0.3148	2.1707	0.8995	1.1939	0.6401
a1_12	0.8474	0.2176	1.2593	0.2963	0.7382	0.1613
a1_13	0.7178	0.0754	0.8056	0.0684	0.5925	0.1225
a1_14	0.9062	0.1021	1.3008	0.4111	0.6865	0.1210
a1_15	1.2131	0.3375	1.3957	0.5098	0.9614	0.3399
a1_16	1.2107	0.5952	1.3489	0.2944	1.1118	0.3555
a1_17	1.1601	0.4140	1.5533	0.5761	1.1624	0.2883
a1_18	1.5678	1.2659	1.5388	0.5277	1.0135	0.0594
a1_19	0.7762	0.1961	1.6589	0.6928	1.0143	0.1118
a1_2	0.6790	0.3348	1.0094	0.3757	0.7767	0.0475
a1_20	1.0346	0.4924	1.8885	0.6530	1.0014	0.2934
a1_21	1.1996	0.4601	2.0787	0.7020	1.1243	0.2131
a1_22	1.3071	0.4793	2.3897	0.9054	1.2012	0.3546
a1_23	1.3012	0.4604	2.5568	0.9370	1.3216	0.4428
a1_24	1.3486	0.4661	2.7846	0.9386	1.5236	0.3964
a1_25	1.3231	0.2408	2.3730	0.8564	1.3594	0.4620
a1_26	1.0891	0.2008	1.7730	0.6805	1.0297	0.4297
a1_27	0.9471	0.3358	1.3361	0.3347	0.7834	0.1903
a1_3	0.9280	0.1825	1.5698	0.6106	1.0226	0.2085
a1_4	0.9295	0.1989	1.7475	0.7161	1.2504	0.3047
a1_5	0.7057	0.1445	1.2144	0.4535	0.9186	0.0342
a1_6	0.6226	0.2285	0.8262	0.1848	0.6999	0.1297
a1_7	0.8047	0.0450	1.0060	0.2320	0.7800	0.2976
a1_8	0.6604	0.2471	0.9051	0.0897	0.8622	0.2107
a1_9	0.6580	0.1981	0.7170	0.0970	0.5709	0.1267
a2_0	0.7851	0.1717	1.1021	0.3401	0.6878	0.1645
a2_1	0.6746	0.1303	1.1788	0.2364	0.5909	0.2258
a2_10	0.4882	0.2407	0.5853	0.2472	0.4712	0.1058
a2_11	0.7946	0.1271	1.0080	0.3549	0.7095	0.2333
a2_12	1.0760	0.1764	1.4492	0.5067	1.1010	0.4525
a2_13	0.8456	0.1510	1.4962	0.1969	1.1425	0.4268
a2_14	1.9166	0.4622	1.9237	0.3876	2.6925	0.9856
a2_15	1.0717	0.4088	1.3628	0.1753	1.2180	0.2967
a2_16	0.5216	0.1765	0.6333	0.2411	0.4460	0.0083
a2_17	0.7975	0.2388	1.1559	0.5553	0.6980	0.2079
a2_18	0.9020	0.2108	1.4725	0.5968	0.7540	0.1697
a2_19	0.5753	0.1802	0.7779	0.2434	0.5505	0.0615
a2_2	0.7525	0.1751	1.4811	0.2201	0.7029	0.1560
a2_20	0.5142	0.1288	0.6051	0.0719	0.4480	0.0592
a2_21	0.7070	0.0945	1.1205	0.1056	0.6703	0.0236
a2_22	1.1827	0.0886	1.5694	0.0932	1.2022	0.2265
a2_23	1.3967	0.3673	1.8058	0.2707	1.3766	0.4603
a2_24	0.9604	0.1718	1.2242	0.4607	0.8040	0.1970
a2_25	0.6488	0.2153	0.7424	0.2681	0.5062	0.1402
a2_26	0.7780	0.2632	0.8611	0.3602	0.7019	0.2874
a2_27	1.3062	0.5350	1.2148	0.2226	1.0643	0.2589
a2_28	0.9075	0.4436	1.0322	0.1493	1.0677	0.2443
a2_29	0.9687	0.1566	1.1610	0.3575	0.8261	0.2120
a2_3	1.3330	0.7553	2.2433	0.6142	1.3842	0.4662
a2_30	1.0138	0.1812	1.5254	0.3247	0.8973	0.1712
a2_31	2.4771	0.6032	2.7092	0.9670	2.6075	1.7004
a2_32	5.6380	3.4743	5.4544	2.7044	4.2118	3.6791
a2_4	1.0842	0.2873	1.6152	0.0870	1.0687	0.4468
a2_5	0.6684	0.1057	1.1886	0.0589	0.6231	0.0829
a2_6	0.6277	0.1753	0.8200	0.1310	0.4597	0.0585
a2_7	0.7257	0.2727	0.9927	0.3537	0.5743	0.1187
a2_8	0.7197	0.2809	1.2448	0.3764	0.7006	0.2195
a2_9	0.5640	0.1634	0.9526	0.3842	0.5671	0.1043
b1_0	1.1551	0.1229	1.9186	0.6791	1.3854	0.2554
b1_1	1.0200	0.1924	1.7308	0.6167	0.9613	0.3053
b1_10	1.1594	0.2551	1.8558	0.6694	1.1517	0.2864
b1_11	1.3401	0.4623	2.0106	0.8416	1.2920	0.1868
b1_12	1.3191	0.2012	1.9227	0.6410	1.7976	0.4341
b1_13	1.3637	0.3015	2.2855	0.6674	1.9676	0.4088
b1_14	1.5911	0.4530	2.4415	0.6653	1.4164	0.1858
b1_15	1.4655	0.4676	2.5154	0.7337	1.2925	0.3200
b1_16	1.5239	0.6737	2.5605	0.9071	1.4726	0.4541
b1_17	1.5922	0.7080	2.7830	0.7856	1.5707	0.2863
b1_18	1.7972	0.6289	2.8377	0.5338	1.4200	0.2438
b1_19	1.8229	0.5863	2.9470	0.5929	1.5490	0.4283
b1_2	0.7942	0.2542	1.2583	0.3688	0.8488	0.0946
b1_20	1.9018	0.7028	3.3950	0.5027	1.8784	0.4795
b1_21	1.7948	0.4704	2.7089	0.6759	1.7274	0.2524
b1_22	1.5890	0.5509	2.2613	0.5684	1.6246	0.1818
b1_23	1.5120	0.6638	1.9797	0.4253	1.6982	0.3530
b1_24	1.3358	0.5945	1.7877	0.2795	1.5798	0.1124
b1_25	1.2636	0.6228	1.2254	0.5313	1.1791	0.3237
b1_26	1.1606	0.7664	1.1846	0.5205	1.1826	0.3854
b1_27	1.2274	0.8161	1.4031	0.8600	1.2172	0.6960
b1_28	1.1808	0.5645	1.4520	0.4754	1.1149	0.3168
b1_29	1.6674	0.4733	1.7619	1.5081	1.3027	0.6053
b1_3	1.0818	0.4659	1.3296	0.3691	0.9854	0.1963
b1_4	1.3436	0.1745	1.8788	0.4149	1.2908	0.3567
b1_5	3.0806	0.7665	2.5435	0.6014	1.5643	0.2746
b1_6	1.8008	0.6550	2.1086	0.5298	1.8312	0.4402
b1_7	1.2018	0.3920	1.8120	0.4834	1.2949	0.2309
b1_8	1.1529	0.4864	1.7428	0.5709	1.0483	0.0820
b1_9	0.9739	0.2008	1.7857	0.6596	0.9795	0.3319
b2_0	0.9737	0.2095	1.1680	0.5556	1.0052	0.2816
b2_1	0.6105	0.2661	0.7238	0.1742	0.6009	0.0704
b2_10	0.9667	0.1155	1.0735	0.4090	0.8209	0.1781
b2_11	0.9243	0.0700	0.9679	0.2775	0.6323	0.0865
b2_12	0.9600	0.2348	1.2756	0.2083	0.6003	0.1608
b2_13	1.3506	0.7408	1.7676	0.5664	0.9302	0.4356
b2_14	1.4945	0.4814	1.6960	0.5375	0.9567	0.4696
b2_15	1.2124	0.2184	1.6289	0.3917	1.3182	0.3947
b2_16	1.1383	0.3044	1.3313	0.6887	1.1020	0.0865
b2_17	0.8883	0.3235	1.2565	0.6165	0.8642	0.0256
b2_18	0.7404	0.2560	0.9025	0.3204	0.6250	0.1573
b2_19	0.6233	0.0442	0.7795	0.2537	0.5929	0.1294
b2_2	0.6484	0.1876	1.1013	0.4305	0.6779	0.0900
b2_20	0.6150	0.1059	0.7397	0.1666	0.4312	0.1800
b2_21	0.6496	0.2072	0.9105	0.3856	0.5119	0.0400
b2_22	1.0157	0.3115	1.3694	0.5453	0.9274	0.2185
b2_23	1.7900	0.2111	2.3744	0.2344	1.3900	0.4712
b2_24	1.6510	0.1588	2.1650	0.6500	1.5449	0.9395
b2_25	0.9708	0.1196	1.6669	0.5333	0.7857	0.5142
b2_26	0.6569	0.1531	1.0662	0.2811	0.4935	0.0361
b2_27	0.8222	0.2645	0.9206	0.3764	0.5889	0.2617
b2_28	1.1526	0.3527	1.2966	0.9518	1.0304	0.4318
b2_29	1.3974	0.7464	1.3590	0.9490	1.1320	0.5845
b2_3	0.9964	0.3319	1.4490	0.7560	1.0327	0.0630
b2_30	0.7653	0.2202	1.1528	0.4179	0.6563	0.1674
b2_31	0.9557	0.2729	1.5920	0.5674	0.9062	0.2842
b2_4	1.7932	0.1856	3.0255	1.2655	1.6834	0.2250
b2_5	1.9003	0.4014	2.3507	0.1981	1.8730	0.1398
b2_6	1.1745	0.4526	1.8663	0.8142	1.3398	0.5270
b2_7	0.7607	0.2504	1.0678	0.5459	0.6244	0.1316
b2_8	0.5041	0.1401	0.7220	0.0958	0.4426	0.1043
b2_9	0.7129	0.1416	0.7559	0.2105	0.5818	0.1638
c2_0	2.5600	0.4766	3.4905	1.7840	2.5901	1.2837
c2_1	1.9818	0.7176	1.5823	0.1022	1.4567	0.8233
c2_2	0.9748	0.3301	1.2268	0.0780	1.0701	0.1206
c2_3	1.0442	0.5604	1.4773	0.4938	1.0968	0.0331
c2_4	1.3077	0.6323	2.3020	0.7686	1.2971	0.3567
c2_5	2.1318	0.4014	2.9595	0.9318	1.7200	0.1140
c2_6	4.5487	2.0644	5.0509	3.9432	1.9124	0.5034
