rgn	aT41A.pcca1	aT41A.pcca1	bN82A.pcca2	bN82A.pcca2	lsdm	sdiff	score	pval
	mf	sf	mf	sf				
a2_2	0.7029	0.1560	1.4811	0.2201	1	-0.2387	-2.8846	0.0039
a2_21	0.6703	0.0236	1.1205	0.1056	1	-0.2336	-4.1583	0.0000
a2_5	0.6231	0.0829	1.1886	0.0589	1	-0.3622	-5.5623	0.0000
a2_6	0.4597	0.0585	0.8200	0.1310	1	-0.0734	-2.5118	0.0120
b1_18	1.4200	0.2438	2.8377	0.5338	1	-0.2440	-2.4158	0.0157
b1_20	1.8784	0.4795	3.3950	0.5027	1	-0.1271	-2.1830	0.0290
b2_12	0.6003	0.1608	1.2756	0.2083	1	-0.1490	-2.5661	0.0103
b2_26	0.4935	0.0361	1.0662	0.2811	1	-0.0058	-2.0206	0.0433
