rgn	WT.pcca2	WT.pcca2	bN82A.pcca2	bN82A.pcca2	aT41A.pcca1	aT41A.pcca1
	mf	sf	mf	sf	mf	sf
A110b	0.1086	0.0157	0.0546	0.0150	0.0086	0.0065
A110s	0.1086	0.0157	0.0546	0.0150	0.0086	0.0065
A117b	0.6261	0.0089	0.5895	0.0377	0.3367	0.0623
A117s	0.6261	0.0089	0.5895	0.0377	0.3367	0.0623
K102b	0.8151	0.0926	0.8161	0.0638	0.9823	0.0669
K102s	0.8151	0.0926	0.8161	0.0638	0.9823	0.0669
K106b	0.5965	0.0867	0.6660	0.0717	0.5018	0.0905
K106s	0.5965	0.0867	0.6660	0.0717	0.5018	0.0905
L113b	0.1157	0.0232	0.1343	0.0209	0.0994	0.0724
L113s	0.1157	0.0232	0.1343	0.0209	0.0994	0.0724
L114b	0.4943	0.0156	0.4590	0.0671	0.3387	0.1166
L114s	0.4943	0.0156	0.4590	0.0671	0.3387	0.1166
L118b	0.6165	0.0999	0.6201	0.0631	0.5071	0.1010
L118s	0.6165	0.0999	0.6201	0.0631	0.5071	0.1010
M109b	0.2924	0.0054	0.2489	0.0173	0.2256	0.0100
M109s	0.2924	0.0054	0.2489	0.0173	0.2256	0.0100
M115b	0.0224	0.0082	0.0256	0.0088	0.0334	0.0164
M115s	0.0224	0.0082	0.0256	0.0088	0.0334	0.0164
M120b	0.6180	0.1615	0.7027	0.0756	0.8585	0.1117
M120s	0.6180	0.1615	0.7027	0.0756	0.8585	0.1117
MHCII	0.2656	0.0036	0.2694	0.0003	0.2687	0.0002
P103b	0.4353	0.0682	0.4771	0.1486	0.4629	0.0887
P103s	0.4353	0.0682	0.4771	0.1486	0.4629	0.0887
P112b	0.0695	0.0234	0.0846	0.0194	0.0737	0.0119
P112s	0.0695	0.0234	0.0846	0.0194	0.0737	0.0119
P119b	0.7955	0.0861	0.5958	0.0847	0.1633	0.2114
P119s	0.7955	0.0861	0.5958	0.0847	0.1633	0.2114
Q116b	0.2332	0.0751	0.2118	0.1193	0.4138	0.0662
Q116s	0.2332	0.0751	0.2118	0.1193	0.4138	0.0662
R108b	0.4119	0.0086	0.4049	0.0634	0.3913	0.0258
R108s	0.4119	0.0086	0.4049	0.0634	0.3913	0.0258
S105b	0.1822	0.0400	0.3243	0.0766	0.1705	0.0082
S105s	0.1822	0.0400	0.3243	0.0766	0.1705	0.0082
T111b	0.4294	0.0127	0.4499	0.0240	0.3554	0.0321
T111s	0.4294	0.0127	0.4499	0.0240	0.3554	0.0321
V104b	0.7165	0.0511	0.7125	0.0439	0.7941	0.0227
V104s	0.7165	0.0511	0.7125	0.0439	0.7941	0.0227
W107b	0.0266	0.0128	0.0466	0.0165	0.0252	0.0116
W107s	0.0266	0.0128	0.0466	0.0165	0.0252	0.0116
