rgn	aT41A.pcca1	aT41A.pcca1	WT.pcca2	WT.pcca2	lsdm	sdiff	score	pval
	mf	sf	mf	sf				
A110b	0.0086	0.0065	0.1086	0.0157	1	-0.0661	-5.9037	0.0000
A110s	0.0086	0.0065	0.1086	0.0157	1	-0.0661	-5.9037	0.0000
A117b	0.3367	0.0623	0.6261	0.0089	1	-0.1634	-4.5953	0.0000
A117s	0.3367	0.0623	0.6261	0.0089	1	-0.1634	-4.5953	0.0000
M109b	0.2256	0.0100	0.2924	0.0054	1	-0.0441	-5.8899	0.0000
M109s	0.2256	0.0100	0.2924	0.0054	1	-0.0441	-5.8899	0.0000
P119b	0.1633	0.2114	0.7955	0.0861	1	-0.1757	-2.7698	0.0056
P119s	0.1633	0.2114	0.7955	0.0861	1	-0.1757	-2.7698	0.0056
T111b	0.3554	0.0321	0.4294	0.0127	1	-0.0050	-2.1457	0.0319
T111s	0.3554	0.0321	0.4294	0.0127	1	-0.0050	-2.1457	0.0319
