rgn1	rgn2	aT41A.pcca1	aT41A.pcca1	WT.pcca2	WT.pcca2	lsdm	sdiff	score	pval
		mf	sf	mf	sf				
K102b	M115b	0.4186	0.4129	-0.8867	0.0995	1	0.4559	3.0734	0.0021
K102b	M115s	0.4186	0.4129	-0.8867	0.0995	1	0.4559	3.0734	0.0021
K102b	P103b	0.8778	0.0326	0.9797	0.0312	1	-0.0116	-2.2574	0.0240
K102b	P103s	0.8778	0.0326	0.9797	0.0312	1	-0.0116	-2.2574	0.0240
K102b	Q116b	0.3817	0.3041	-0.8390	0.1870	1	0.5067	3.4192	0.0006
K102b	Q116s	0.3817	0.3041	-0.8390	0.1870	1	0.5067	3.4192	0.0006
K102s	M115b	0.4186	0.4129	-0.8867	0.0995	1	0.4559	3.0734	0.0021
K102s	M115s	0.4186	0.4129	-0.8867	0.0995	1	0.4559	3.0734	0.0021
K102s	P103b	0.8778	0.0326	0.9797	0.0312	1	-0.0116	-2.2574	0.0240
K102s	P103s	0.8778	0.0326	0.9797	0.0312	1	-0.0116	-2.2574	0.0240
K102s	Q116b	0.3817	0.3041	-0.8390	0.1870	1	0.5067	3.4192	0.0006
K102s	Q116s	0.3817	0.3041	-0.8390	0.1870	1	0.5067	3.4192	0.0006
K106b	L114b	0.6197	0.0060	-0.2865	0.3065	1	0.2931	2.9562	0.0031
K106b	L114s	0.6197	0.0060	-0.2865	0.3065	1	0.2931	2.9562	0.0031
K106b	M115b	0.5987	0.0457	-0.6237	0.6040	1	0.0108	2.0179	0.0436
K106b	M115s	0.5987	0.0457	-0.6237	0.6040	1	0.0108	2.0179	0.0436
K106s	L114b	0.6197	0.0060	-0.2865	0.3065	1	0.2931	2.9562	0.0031
K106s	L114s	0.6197	0.0060	-0.2865	0.3065	1	0.2931	2.9562	0.0031
K106s	M115b	0.5987	0.0457	-0.6237	0.6040	1	0.0108	2.0179	0.0436
K106s	M115s	0.5987	0.0457	-0.6237	0.6040	1	0.0108	2.0179	0.0436
M109b	A110b	0.9500	0.0146	0.9826	0.0062	1	-0.0009	-2.0589	0.0395
M109b	A110s	0.9500	0.0146	0.9826	0.0062	1	-0.0009	-2.0589	0.0395
M109s	A110b	0.9500	0.0146	0.9826	0.0062	1	-0.0009	-2.0589	0.0395
M109s	A110s	0.9500	0.0146	0.9826	0.0062	1	-0.0009	-2.0589	0.0395
MHCII	K106b	0.4757	0.0565	0.0016	0.0366	1	0.3394	7.0392	0.0000
MHCII	K106s	0.4757	0.0565	0.0016	0.0366	1	0.3394	7.0392	0.0000
MHCII	P119b	0.4295	0.0921	0.0927	0.1310	1	0.0165	2.1030	0.0355
MHCII	P119s	0.4295	0.0921	0.0927	0.1310	1	0.0165	2.1030	0.0355
MHCII	S105b	0.4269	0.0510	-0.0828	0.1122	1	0.2633	4.1366	0.0000
MHCII	S105s	0.4269	0.0510	-0.0828	0.1122	1	0.2633	4.1366	0.0000
MHCII	W107b	0.5385	0.0727	0.0504	0.1189	1	0.2093	3.5008	0.0005
MHCII	W107s	0.5385	0.0727	0.0504	0.1189	1	0.2093	3.5008	0.0005
P103b	A117b	0.1661	0.3693	-0.7472	0.1860	1	0.0862	2.2085	0.0272
P103b	A117s	0.1661	0.3693	-0.7472	0.1860	1	0.0862	2.2085	0.0272
P103b	M115b	0.3433	0.4294	-0.8574	0.1548	1	0.2879	2.6307	0.0085
P103b	M115s	0.3433	0.4294	-0.8574	0.1548	1	0.2879	2.6307	0.0085
P103b	Q116b	0.2639	0.3430	-0.8094	0.2377	1	0.2386	2.5719	0.0101
P103b	Q116s	0.2639	0.3430	-0.8094	0.2377	1	0.2386	2.5719	0.0101
P103s	A117b	0.1661	0.3693	-0.7472	0.1860	1	0.0862	2.2085	0.0272
P103s	A117s	0.1661	0.3693	-0.7472	0.1860	1	0.0862	2.2085	0.0272
P103s	M115b	0.3433	0.4294	-0.8574	0.1548	1	0.2879	2.6307	0.0085
P103s	M115s	0.3433	0.4294	-0.8574	0.1548	1	0.2879	2.6307	0.0085
P103s	Q116b	0.2639	0.3430	-0.8094	0.2377	1	0.2386	2.5719	0.0101
P103s	Q116s	0.2639	0.3430	-0.8094	0.2377	1	0.2386	2.5719	0.0101
S105b	A117b	0.4076	0.1200	-0.7055	0.4000	1	0.2778	2.6653	0.0077
S105b	A117s	0.4076	0.1200	-0.7055	0.4000	1	0.2778	2.6653	0.0077
S105b	L114b	0.5492	0.1637	-0.4230	0.1420	1	0.5388	4.4859	0.0000
S105b	L114s	0.5492	0.1637	-0.4230	0.1420	1	0.5388	4.4859	0.0000
S105b	M115b	0.5198	0.1623	-0.7436	0.4088	1	0.3839	2.8728	0.0041
S105b	M115s	0.5198	0.1623	-0.7436	0.4088	1	0.3839	2.8728	0.0041
S105b	Q116b	0.3726	0.2023	-0.7248	0.4288	1	0.1492	2.3148	0.0206
S105b	Q116s	0.3726	0.2023	-0.7248	0.4288	1	0.1492	2.3148	0.0206
S105s	A117b	0.4076	0.1200	-0.7055	0.4000	1	0.2778	2.6653	0.0077
S105s	A117s	0.4076	0.1200	-0.7055	0.4000	1	0.2778	2.6653	0.0077
S105s	L114b	0.5492	0.1637	-0.4230	0.1420	1	0.5388	4.4859	0.0000
S105s	L114s	0.5492	0.1637	-0.4230	0.1420	1	0.5388	4.4859	0.0000
S105s	M115b	0.5198	0.1623	-0.7436	0.4088	1	0.3839	2.8728	0.0041
S105s	M115s	0.5198	0.1623	-0.7436	0.4088	1	0.3839	2.8728	0.0041
S105s	Q116b	0.3726	0.2023	-0.7248	0.4288	1	0.1492	2.3148	0.0206
S105s	Q116s	0.3726	0.2023	-0.7248	0.4288	1	0.1492	2.3148	0.0206
V104b	A117b	0.3414	0.1665	-0.7530	0.2752	1	0.4511	3.4027	0.0007
V104b	A117s	0.3414	0.1665	-0.7530	0.2752	1	0.4511	3.4027	0.0007
V104b	L114b	0.4567	0.2853	-0.4597	0.0212	1	0.3443	3.2034	0.0014
V104b	L114s	0.4567	0.2853	-0.4597	0.0212	1	0.3443	3.2034	0.0014
V104b	M115b	0.3988	0.2674	-0.8111	0.2712	1	0.4483	3.1771	0.0015
V104b	M115s	0.3988	0.2674	-0.8111	0.2712	1	0.4483	3.1771	0.0015
V104b	Q116b	0.2646	0.1955	-0.7557	0.3619	1	0.1976	2.4803	0.0131
V104b	Q116s	0.2646	0.1955	-0.7557	0.3619	1	0.1976	2.4803	0.0131
V104s	A117b	0.3414	0.1665	-0.7530	0.2752	1	0.4511	3.4027	0.0007
V104s	A117s	0.3414	0.1665	-0.7530	0.2752	1	0.4511	3.4027	0.0007
V104s	L114b	0.4567	0.2853	-0.4597	0.0212	1	0.3443	3.2034	0.0014
V104s	L114s	0.4567	0.2853	-0.4597	0.0212	1	0.3443	3.2034	0.0014
V104s	M115b	0.3988	0.2674	-0.8111	0.2712	1	0.4483	3.1771	0.0015
V104s	M115s	0.3988	0.2674	-0.8111	0.2712	1	0.4483	3.1771	0.0015
V104s	Q116b	0.2646	0.1955	-0.7557	0.3619	1	0.1976	2.4803	0.0131
V104s	Q116s	0.2646	0.1955	-0.7557	0.3619	1	0.1976	2.4803	0.0131
W107b	L114b	0.7252	0.0182	-0.2356	0.4792	1	0.0017	2.0035	0.0451
W107b	L114s	0.7252	0.0182	-0.2356	0.4792	1	0.0017	2.0035	0.0451
W107s	L114b	0.7252	0.0182	-0.2356	0.4792	1	0.0017	2.0035	0.0451
W107s	L114s	0.7252	0.0182	-0.2356	0.4792	1	0.0017	2.0035	0.0451
