rgn1	rgn2	aT41A.pcca1	aT41A.pcca1	bN82A.pcca2	bN82A.pcca2	lsdm	sdiff	score	pval
		mf	sf	mf	sf				
A110b	P119b	0.5560	0.1510	-0.2421	0.2939	1	0.1371	2.4149	0.0157
A110b	P119s	0.5560	0.1510	-0.2421	0.2939	1	0.1371	2.4149	0.0157
A110s	P119b	0.5560	0.1510	-0.2421	0.2939	1	0.1371	2.4149	0.0157
A110s	P119s	0.5560	0.1510	-0.2421	0.2939	1	0.1371	2.4149	0.0157
K102b	M120b	0.5050	0.2414	-0.2115	0.1516	1	0.1464	2.5136	0.0120
K102b	M120s	0.5050	0.2414	-0.2115	0.1516	1	0.1464	2.5136	0.0120
K102s	M120b	0.5050	0.2414	-0.2115	0.1516	1	0.1464	2.5136	0.0120
K102s	M120s	0.5050	0.2414	-0.2115	0.1516	1	0.1464	2.5136	0.0120
K106b	A117b	0.4876	0.0395	-0.1417	0.2075	1	0.2067	2.9787	0.0029
K106b	A117s	0.4876	0.0395	-0.1417	0.2075	1	0.2067	2.9787	0.0029
K106b	L113b	0.5768	0.0190	-0.0258	0.1310	1	0.3379	4.5526	0.0000
K106b	L113s	0.5768	0.0190	-0.0258	0.1310	1	0.3379	4.5526	0.0000
K106b	L114b	0.6197	0.0060	-0.1588	0.1925	1	0.3934	4.0426	0.0001
K106b	L114s	0.6197	0.0060	-0.1588	0.1925	1	0.3934	4.0426	0.0001
K106b	M115b	0.5987	0.0457	-0.2052	0.1453	1	0.4992	5.2766	0.0000
K106b	M115s	0.5987	0.0457	-0.2052	0.1453	1	0.4992	5.2766	0.0000
K106b	Q116b	0.4689	0.0851	-0.1524	0.2069	1	0.1739	2.7776	0.0055
K106b	Q116s	0.4689	0.0851	-0.1524	0.2069	1	0.1739	2.7776	0.0055
K106s	A117b	0.4876	0.0395	-0.1417	0.2075	1	0.2067	2.9787	0.0029
K106s	A117s	0.4876	0.0395	-0.1417	0.2075	1	0.2067	2.9787	0.0029
K106s	L113b	0.5768	0.0190	-0.0258	0.1310	1	0.3379	4.5526	0.0000
K106s	L113s	0.5768	0.0190	-0.0258	0.1310	1	0.3379	4.5526	0.0000
K106s	L114b	0.6197	0.0060	-0.1588	0.1925	1	0.3934	4.0426	0.0001
K106s	L114s	0.6197	0.0060	-0.1588	0.1925	1	0.3934	4.0426	0.0001
K106s	M115b	0.5987	0.0457	-0.2052	0.1453	1	0.4992	5.2766	0.0000
K106s	M115s	0.5987	0.0457	-0.2052	0.1453	1	0.4992	5.2766	0.0000
K106s	Q116b	0.4689	0.0851	-0.1524	0.2069	1	0.1739	2.7776	0.0055
K106s	Q116s	0.4689	0.0851	-0.1524	0.2069	1	0.1739	2.7776	0.0055
M109b	P119b	0.5309	0.0556	-0.2425	0.3163	1	0.1310	2.4078	0.0160
M109b	P119s	0.5309	0.0556	-0.2425	0.3163	1	0.1310	2.4078	0.0160
M109s	P119b	0.5309	0.0556	-0.2425	0.3163	1	0.1310	2.4078	0.0160
M109s	P119s	0.5309	0.0556	-0.2425	0.3163	1	0.1310	2.4078	0.0160
MHCII	K106b	0.4757	0.0565	0.1174	0.1630	1	0.0133	2.0771	0.0378
MHCII	K106s	0.4757	0.0565	0.1174	0.1630	1	0.0133	2.0771	0.0378
MHCII	L113b	0.5610	0.0070	0.3529	0.0472	1	0.1126	4.3587	0.0000
MHCII	L113s	0.5610	0.0070	0.3529	0.0472	1	0.1126	4.3587	0.0000
MHCII	L114b	0.5585	0.0132	0.3144	0.0716	1	0.0984	3.3518	0.0008
MHCII	L114s	0.5585	0.0132	0.3144	0.0716	1	0.0984	3.3518	0.0008
MHCII	M115b	0.5568	0.0356	0.3395	0.0700	1	0.0603	2.7680	0.0056
MHCII	M115s	0.5568	0.0356	0.3395	0.0700	1	0.0603	2.7680	0.0056
MHCII	MHCII	0.4084	0.0595	0.2190	0.0355	1	0.0509	2.7352	0.0062
MHCII	P112b	0.5440	0.0327	0.3926	0.0507	1	0.0307	2.5095	0.0121
MHCII	P112s	0.5440	0.0327	0.3926	0.0507	1	0.0307	2.5095	0.0121
MHCII	P119b	0.4295	0.0921	0.0424	0.1026	1	0.1113	2.8072	0.0050
MHCII	P119s	0.4295	0.0921	0.0424	0.1026	1	0.1113	2.8072	0.0050
MHCII	W107b	0.5385	0.0727	0.1741	0.1485	1	0.0336	2.2031	0.0276
MHCII	W107s	0.5385	0.0727	0.1741	0.1485	1	0.0336	2.2031	0.0276
P112b	P119b	0.6505	0.2113	0.1248	0.1448	1	0.0134	2.0521	0.0402
P112b	P119s	0.6505	0.2113	0.1248	0.1448	1	0.0134	2.0521	0.0402
P112s	P119b	0.6505	0.2113	0.1248	0.1448	1	0.0134	2.0521	0.0402
P112s	P119s	0.6505	0.2113	0.1248	0.1448	1	0.0134	2.0521	0.0402
R108b	T111b	0.8818	0.0251	0.7780	0.0321	1	0.0223	2.5463	0.0109
R108b	T111s	0.8818	0.0251	0.7780	0.0321	1	0.0223	2.5463	0.0109
R108s	T111b	0.8818	0.0251	0.7780	0.0321	1	0.0223	2.5463	0.0109
R108s	T111s	0.8818	0.0251	0.7780	0.0321	1	0.0223	2.5463	0.0109
S105b	A117b	0.4076	0.1200	-0.1819	0.1648	1	0.1818	2.8919	0.0038
S105b	A117s	0.4076	0.1200	-0.1819	0.1648	1	0.1818	2.8919	0.0038
S105b	L113b	0.5072	0.1945	-0.1058	0.1792	1	0.0841	2.3179	0.0205
S105b	L113s	0.5072	0.1945	-0.1058	0.1792	1	0.0841	2.3179	0.0205
S105b	L114b	0.5492	0.1637	-0.2342	0.1911	1	0.2801	3.1130	0.0019
S105b	L114s	0.5492	0.1637	-0.2342	0.1911	1	0.2801	3.1130	0.0019
S105b	M115b	0.5198	0.1623	-0.2816	0.1520	1	0.3567	3.6042	0.0003
S105b	M115s	0.5198	0.1623	-0.2816	0.1520	1	0.3567	3.6042	0.0003
S105b	Q116b	0.3726	0.2023	-0.2276	0.1493	1	0.0974	2.3873	0.0170
S105b	Q116s	0.3726	0.2023	-0.2276	0.1493	1	0.0974	2.3873	0.0170
S105s	A117b	0.4076	0.1200	-0.1819	0.1648	1	0.1818	2.8919	0.0038
S105s	A117s	0.4076	0.1200	-0.1819	0.1648	1	0.1818	2.8919	0.0038
S105s	L113b	0.5072	0.1945	-0.1058	0.1792	1	0.0841	2.3179	0.0205
S105s	L113s	0.5072	0.1945	-0.1058	0.1792	1	0.0841	2.3179	0.0205
S105s	L114b	0.5492	0.1637	-0.2342	0.1911	1	0.2801	3.1130	0.0019
S105s	L114s	0.5492	0.1637	-0.2342	0.1911	1	0.2801	3.1130	0.0019
S105s	M115b	0.5198	0.1623	-0.2816	0.1520	1	0.3567	3.6042	0.0003
S105s	M115s	0.5198	0.1623	-0.2816	0.1520	1	0.3567	3.6042	0.0003
S105s	Q116b	0.3726	0.2023	-0.2276	0.1493	1	0.0974	2.3873	0.0170
S105s	Q116s	0.3726	0.2023	-0.2276	0.1493	1	0.0974	2.3873	0.0170
T111b	P119b	0.5861	0.1464	0.0350	0.2040	1	0.0490	2.1951	0.0282
T111b	P119s	0.5861	0.1464	0.0350	0.2040	1	0.0490	2.1951	0.0282
T111s	P119b	0.5861	0.1464	0.0350	0.2040	1	0.0490	2.1951	0.0282
T111s	P119s	0.5861	0.1464	0.0350	0.2040	1	0.0490	2.1951	0.0282
W107b	A117b	0.5821	0.0666	-0.1219	0.3244	1	0.0417	2.1259	0.0335
W107b	A117s	0.5821	0.0666	-0.1219	0.3244	1	0.0417	2.1259	0.0335
W107b	L113b	0.7218	0.0946	0.0516	0.1937	1	0.2390	3.1086	0.0019
W107b	L113s	0.7218	0.0946	0.0516	0.1937	1	0.2390	3.1086	0.0019
W107b	L114b	0.7252	0.0182	-0.0913	0.2808	1	0.2537	2.9017	0.0037
W107b	L114s	0.7252	0.0182	-0.0913	0.2808	1	0.2537	2.9017	0.0037
W107b	M115b	0.6807	0.0861	-0.1144	0.2256	1	0.3120	3.2920	0.0010
W107b	M115s	0.6807	0.0861	-0.1144	0.2256	1	0.3120	3.2920	0.0010
W107b	Q116b	0.5575	0.1481	-0.1232	0.2920	1	0.0258	2.0789	0.0376
W107b	Q116s	0.5575	0.1481	-0.1232	0.2920	1	0.0258	2.0789	0.0376
W107b	T111b	0.8598	0.0318	0.5674	0.1362	1	0.0127	2.0907	0.0366
W107b	T111s	0.8598	0.0318	0.5674	0.1362	1	0.0127	2.0907	0.0366
W107s	A117b	0.5821	0.0666	-0.1219	0.3244	1	0.0417	2.1259	0.0335
W107s	A117s	0.5821	0.0666	-0.1219	0.3244	1	0.0417	2.1259	0.0335
W107s	L113b	0.7218	0.0946	0.0516	0.1937	1	0.2390	3.1086	0.0019
W107s	L113s	0.7218	0.0946	0.0516	0.1937	1	0.2390	3.1086	0.0019
W107s	L114b	0.7252	0.0182	-0.0913	0.2808	1	0.2537	2.9017	0.0037
W107s	L114s	0.7252	0.0182	-0.0913	0.2808	1	0.2537	2.9017	0.0037
W107s	M115b	0.6807	0.0861	-0.1144	0.2256	1	0.3120	3.2920	0.0010
W107s	M115s	0.6807	0.0861	-0.1144	0.2256	1	0.3120	3.2920	0.0010
W107s	Q116b	0.5575	0.1481	-0.1232	0.2920	1	0.0258	2.0789	0.0376
W107s	Q116s	0.5575	0.1481	-0.1232	0.2920	1	0.0258	2.0789	0.0376
W107s	T111b	0.8598	0.0318	0.5674	0.1362	1	0.0127	2.0907	0.0366
W107s	T111s	0.8598	0.0318	0.5674	0.1362	1	0.0127	2.0907	0.0366
