rgn1	rgn2	bN82A.pcca2	bN82A.pcca2	WT.pcca2	WT.pcca2	lsdm	sdiff	score	pval
		mf	sf	mf	sf				
K102b	A117b	-0.1427	0.2782	-0.7655	0.1177	1	0.0186	2.0615	0.0393
K102b	A117s	-0.1427	0.2782	-0.7655	0.1177	1	0.0186	2.0615	0.0393
K102b	M115b	-0.1604	0.3237	-0.8867	0.0995	1	0.0490	2.1445	0.0320
K102b	M115s	-0.1604	0.3237	-0.8867	0.0995	1	0.0490	2.1445	0.0320
K102s	A117b	-0.1427	0.2782	-0.7655	0.1177	1	0.0186	2.0615	0.0393
K102s	A117s	-0.1427	0.2782	-0.7655	0.1177	1	0.0186	2.0615	0.0393
K102s	M115b	-0.1604	0.3237	-0.8867	0.0995	1	0.0490	2.1445	0.0320
K102s	M115s	-0.1604	0.3237	-0.8867	0.0995	1	0.0490	2.1445	0.0320
P103b	M115b	-0.3174	0.1582	-0.8574	0.1548	1	0.0974	2.4402	0.0147
P103b	M115s	-0.3174	0.1582	-0.8574	0.1548	1	0.0974	2.4402	0.0147
P103s	M115b	-0.3174	0.1582	-0.8574	0.1548	1	0.0974	2.4402	0.0147
P103s	M115s	-0.3174	0.1582	-0.8574	0.1548	1	0.0974	2.4402	0.0147
V104b	A117b	-0.0567	0.1734	-0.7530	0.2752	1	0.0457	2.1406	0.0323
V104b	A117s	-0.0567	0.1734	-0.7530	0.2752	1	0.0457	2.1406	0.0323
V104s	A117b	-0.0567	0.1734	-0.7530	0.2752	1	0.0457	2.1406	0.0323
V104s	A117s	-0.0567	0.1734	-0.7530	0.2752	1	0.0457	2.1406	0.0323
