rgn1	rgn2	WT.pcca2	WT.pcca2	bN82A.pcca2	bN82A.pcca2	aT41A.pcca1	aT41A.pcca1
		mf	sf	mf	sf	mf	sf
A110b	A117b	-0.4210	0.9829	0.2513	0.4036	0.5890	0.2028
A110b	A117s	-0.4210	0.9829	0.2513	0.4036	0.5890	0.2028
A110b	L113b	0.9114	0.0915	0.5342	0.2608	0.7700	0.0812
A110b	L113s	0.9114	0.0915	0.5342	0.2608	0.7700	0.0812
A110b	L114b	-0.2118	0.8431	0.4047	0.4156	0.6886	0.1998
A110b	L114s	-0.2118	0.8431	0.4047	0.4156	0.6886	0.1998
A110b	L118b	-0.4158	0.9919	0.0815	0.5440	0.5949	0.0707
A110b	L118s	-0.4158	0.9919	0.0815	0.5440	0.5949	0.0707
A110b	M115b	-0.3976	0.9866	0.4113	0.3591	0.6607	0.2600
A110b	M115s	-0.3976	0.9866	0.4113	0.3591	0.6607	0.2600
A110b	M120b	-0.4725	0.7441	0.0068	0.4834	0.4299	0.2653
A110b	M120s	-0.4725	0.7441	0.0068	0.4834	0.4299	0.2653
A110b	P112b	0.8958	0.1014	0.7349	0.0901	0.8121	0.0588
A110b	P112s	0.8958	0.1014	0.7349	0.0901	0.8121	0.0588
A110b	P119b	-0.4576	0.8976	-0.2421	0.2939	0.5560	0.1510
A110b	P119s	-0.4576	0.8976	-0.2421	0.2939	0.5560	0.1510
A110b	Q116b	-0.4313	0.8985	0.3310	0.3536	0.5789	0.3016
A110b	Q116s	-0.4313	0.8985	0.3310	0.3536	0.5789	0.3016
A110b	T111b	0.9339	0.0582	0.9065	0.0299	0.9377	0.0251
A110b	T111s	0.9339	0.0582	0.9065	0.0299	0.9377	0.0251
A110s	A117b	-0.4210	0.9829	0.2513	0.4036	0.5890	0.2028
A110s	A117s	-0.4210	0.9829	0.2513	0.4036	0.5890	0.2028
A110s	L113b	0.9114	0.0915	0.5342	0.2608	0.7700	0.0812
A110s	L113s	0.9114	0.0915	0.5342	0.2608	0.7700	0.0812
A110s	L114b	-0.2118	0.8431	0.4047	0.4156	0.6886	0.1998
A110s	L114s	-0.2118	0.8431	0.4047	0.4156	0.6886	0.1998
A110s	L118b	-0.4158	0.9919	0.0815	0.5440	0.5949	0.0707
A110s	L118s	-0.4158	0.9919	0.0815	0.5440	0.5949	0.0707
A110s	M115b	-0.3976	0.9866	0.4113	0.3591	0.6607	0.2600
A110s	M115s	-0.3976	0.9866	0.4113	0.3591	0.6607	0.2600
A110s	M120b	-0.4725	0.7441	0.0068	0.4834	0.4299	0.2653
A110s	M120s	-0.4725	0.7441	0.0068	0.4834	0.4299	0.2653
A110s	P112b	0.8958	0.1014	0.7349	0.0901	0.8121	0.0588
A110s	P112s	0.8958	0.1014	0.7349	0.0901	0.8121	0.0588
A110s	P119b	-0.4576	0.8976	-0.2421	0.2939	0.5560	0.1510
A110s	P119s	-0.4576	0.8976	-0.2421	0.2939	0.5560	0.1510
A110s	Q116b	-0.4313	0.8985	0.3310	0.3536	0.5789	0.3016
A110s	Q116s	-0.4313	0.8985	0.3310	0.3536	0.5789	0.3016
A110s	T111b	0.9339	0.0582	0.9065	0.0299	0.9377	0.0251
A110s	T111s	0.9339	0.0582	0.9065	0.0299	0.9377	0.0251
A117b	L118b	0.9259	0.0868	0.9301	0.0091	0.9365	0.0506
A117b	L118s	0.9259	0.0868	0.9301	0.0091	0.9365	0.0506
A117b	M120b	0.6885	0.3478	0.4626	0.1662	0.6667	0.1528
A117b	M120s	0.6885	0.3478	0.4626	0.1662	0.6667	0.1528
A117b	P119b	0.8559	0.1945	0.4857	0.3583	0.9151	0.0639
A117b	P119s	0.8559	0.1945	0.4857	0.3583	0.9151	0.0639
A117s	L118b	0.9259	0.0868	0.9301	0.0091	0.9365	0.0506
A117s	L118s	0.9259	0.0868	0.9301	0.0091	0.9365	0.0506
A117s	M120b	0.6885	0.3478	0.4626	0.1662	0.6667	0.1528
A117s	M120s	0.6885	0.3478	0.4626	0.1662	0.6667	0.1528
A117s	P119b	0.8559	0.1945	0.4857	0.3583	0.9151	0.0639
A117s	P119s	0.8559	0.1945	0.4857	0.3583	0.9151	0.0639
K102b	A110b	0.3906	0.8491	0.3198	0.3243	0.1415	0.5074
K102b	A110s	0.3906	0.8491	0.3198	0.3243	0.1415	0.5074
K102b	A117b	-0.7655	0.1177	-0.1427	0.2782	0.2709	0.5105
K102b	A117s	-0.7655	0.1177	-0.1427	0.2782	0.2709	0.5105
K102b	K106b	0.7008	0.4838	0.5467	0.5243	0.1498	0.3950
K102b	K106s	0.7008	0.4838	0.5467	0.5243	0.1498	0.3950
K102b	L113b	0.2493	0.8794	-0.0682	0.2668	0.3580	0.5675
K102b	L113s	0.2493	0.8794	-0.0682	0.2668	0.3580	0.5675
K102b	L114b	-0.4543	0.2784	-0.1113	0.3476	0.3608	0.5548
K102b	L114s	-0.4543	0.2784	-0.1113	0.3476	0.3608	0.5548
K102b	L118b	-0.6912	0.3736	-0.2874	0.2809	0.2056	0.5697
K102b	L118s	-0.6912	0.3736	-0.2874	0.2809	0.2056	0.5697
K102b	M109b	0.4253	0.9170	0.3731	0.3743	0.1786	0.5135
K102b	M109s	0.4253	0.9170	0.3731	0.3743	0.1786	0.5135
K102b	M115b	-0.8867	0.0995	-0.1604	0.3237	0.4186	0.4129
K102b	M115s	-0.8867	0.0995	-0.1604	0.3237	0.4186	0.4129
K102b	M120b	-0.4553	0.7687	-0.2115	0.1516	0.5050	0.2414
K102b	M120s	-0.4553	0.7687	-0.2115	0.1516	0.5050	0.2414
K102b	P103b	0.9797	0.0312	0.9040	0.0991	0.8778	0.0326
K102b	P103s	0.9797	0.0312	0.9040	0.0991	0.8778	0.0326
K102b	P112b	0.3981	0.9805	0.0897	0.0877	0.3291	0.4753
K102b	P112s	0.3981	0.9805	0.0897	0.0877	0.3291	0.4753
K102b	P119b	-0.5798	0.5889	-0.3133	0.3036	0.1633	0.6767
K102b	P119s	-0.5798	0.5889	-0.3133	0.3036	0.1633	0.6767
K102b	Q116b	-0.8390	0.1870	-0.1831	0.3833	0.3817	0.3041
K102b	Q116s	-0.8390	0.1870	-0.1831	0.3833	0.3817	0.3041
K102b	R108b	0.5140	0.7442	0.4734	0.4571	0.1467	0.4852
K102b	R108s	0.5140	0.7442	0.4734	0.4571	0.1467	0.4852
K102b	S105b	0.8396	0.2277	0.5398	0.4885	0.1809	0.4633
K102b	S105s	0.8396	0.2277	0.5398	0.4885	0.1809	0.4633
K102b	T111b	0.3698	1.0368	0.2175	0.1978	0.2179	0.5804
K102b	T111s	0.3698	1.0368	0.2175	0.1978	0.2179	0.5804
K102b	V104b	0.9350	0.0836	0.5055	0.4895	0.3937	0.6160
K102b	V104s	0.9350	0.0836	0.5055	0.4895	0.3937	0.6160
K102b	W107b	0.6283	0.5886	0.5141	0.5596	0.1601	0.5672
K102b	W107s	0.6283	0.5886	0.5141	0.5596	0.1601	0.5672
K102s	A110b	0.3906	0.8491	0.3198	0.3243	0.1415	0.5074
K102s	A110s	0.3906	0.8491	0.3198	0.3243	0.1415	0.5074
K102s	A117b	-0.7655	0.1177	-0.1427	0.2782	0.2709	0.5105
K102s	A117s	-0.7655	0.1177	-0.1427	0.2782	0.2709	0.5105
K102s	K106b	0.7008	0.4838	0.5467	0.5243	0.1498	0.3950
K102s	K106s	0.7008	0.4838	0.5467	0.5243	0.1498	0.3950
K102s	L113b	0.2493	0.8794	-0.0682	0.2668	0.3580	0.5675
K102s	L113s	0.2493	0.8794	-0.0682	0.2668	0.3580	0.5675
K102s	L114b	-0.4543	0.2784	-0.1113	0.3476	0.3608	0.5548
K102s	L114s	-0.4543	0.2784	-0.1113	0.3476	0.3608	0.5548
K102s	L118b	-0.6912	0.3736	-0.2874	0.2809	0.2056	0.5697
K102s	L118s	-0.6912	0.3736	-0.2874	0.2809	0.2056	0.5697
K102s	M109b	0.4253	0.9170	0.3731	0.3743	0.1786	0.5135
K102s	M109s	0.4253	0.9170	0.3731	0.3743	0.1786	0.5135
K102s	M115b	-0.8867	0.0995	-0.1604	0.3237	0.4186	0.4129
K102s	M115s	-0.8867	0.0995	-0.1604	0.3237	0.4186	0.4129
K102s	M120b	-0.4553	0.7687	-0.2115	0.1516	0.5050	0.2414
K102s	M120s	-0.4553	0.7687	-0.2115	0.1516	0.5050	0.2414
K102s	P103b	0.9797	0.0312	0.9040	0.0991	0.8778	0.0326
K102s	P103s	0.9797	0.0312	0.9040	0.0991	0.8778	0.0326
K102s	P112b	0.3981	0.9805	0.0897	0.0877	0.3291	0.4753
K102s	P112s	0.3981	0.9805	0.0897	0.0877	0.3291	0.4753
K102s	P119b	-0.5798	0.5889	-0.3133	0.3036	0.1633	0.6767
K102s	P119s	-0.5798	0.5889	-0.3133	0.3036	0.1633	0.6767
K102s	Q116b	-0.8390	0.1870	-0.1831	0.3833	0.3817	0.3041
K102s	Q116s	-0.8390	0.1870	-0.1831	0.3833	0.3817	0.3041
K102s	R108b	0.5140	0.7442	0.4734	0.4571	0.1467	0.4852
K102s	R108s	0.5140	0.7442	0.4734	0.4571	0.1467	0.4852
K102s	S105b	0.8396	0.2277	0.5398	0.4885	0.1809	0.4633
K102s	S105s	0.8396	0.2277	0.5398	0.4885	0.1809	0.4633
K102s	T111b	0.3698	1.0368	0.2175	0.1978	0.2179	0.5804
K102s	T111s	0.3698	1.0368	0.2175	0.1978	0.2179	0.5804
K102s	V104b	0.9350	0.0836	0.5055	0.4895	0.3937	0.6160
K102s	V104s	0.9350	0.0836	0.5055	0.4895	0.3937	0.6160
K102s	W107b	0.6283	0.5886	0.5141	0.5596	0.1601	0.5672
K102s	W107s	0.6283	0.5886	0.5141	0.5596	0.1601	0.5672
K106b	A110b	0.8296	0.2168	0.6704	0.1860	0.6726	0.3508
K106b	A110s	0.8296	0.2168	0.6704	0.1860	0.6726	0.3508
K106b	A117b	-0.5939	0.5611	-0.1417	0.2075	0.4876	0.0395
K106b	A117s	-0.5939	0.5611	-0.1417	0.2075	0.4876	0.0395
K106b	L113b	0.6192	0.4326	-0.0258	0.1310	0.5768	0.0190
K106b	L113s	0.6192	0.4326	-0.0258	0.1310	0.5768	0.0190
K106b	L114b	-0.2865	0.3065	-0.1588	0.1925	0.6197	0.0060
K106b	L114s	-0.2865	0.3065	-0.1588	0.1925	0.6197	0.0060
K106b	L118b	-0.5396	0.7378	-0.1859	0.4010	0.4984	0.2734
K106b	L118s	-0.5396	0.7378	-0.1859	0.4010	0.4984	0.2734
K106b	M109b	0.8561	0.2396	0.7179	0.2342	0.8012	0.2450
K106b	M109s	0.8561	0.2396	0.7179	0.2342	0.8012	0.2450
K106b	M115b	-0.6237	0.6040	-0.2052	0.1453	0.5987	0.0457
K106b	M115s	-0.6237	0.6040	-0.2052	0.1453	0.5987	0.0457
K106b	M120b	-0.4481	0.8255	0.0072	0.5339	0.4435	0.3378
K106b	M120s	-0.4481	0.8255	0.0072	0.5339	0.4435	0.3378
K106b	P112b	0.7104	0.4896	0.2094	0.2465	0.5528	0.0819
K106b	P112s	0.7104	0.4896	0.2094	0.2465	0.5528	0.0819
K106b	P119b	-0.4737	0.8563	-0.1669	0.3901	0.4984	0.2563
K106b	P119s	-0.4737	0.8563	-0.1669	0.3901	0.4984	0.2563
K106b	Q116b	-0.6406	0.5623	-0.1524	0.2069	0.4689	0.0851
K106b	Q116s	-0.6406	0.5623	-0.1524	0.2069	0.4689	0.0851
K106b	R108b	0.9315	0.1006	0.8132	0.1011	0.8375	0.1503
K106b	R108s	0.9315	0.1006	0.8132	0.1011	0.8375	0.1503
K106b	T111b	0.7831	0.3714	0.4810	0.1794	0.6978	0.2471
K106b	T111s	0.7831	0.3714	0.4810	0.1794	0.6978	0.2471
K106b	W107b	0.9868	0.0198	0.9675	0.0172	0.9192	0.0801
K106b	W107s	0.9868	0.0198	0.9675	0.0172	0.9192	0.0801
K106s	A110b	0.8296	0.2168	0.6704	0.1860	0.6726	0.3508
K106s	A110s	0.8296	0.2168	0.6704	0.1860	0.6726	0.3508
K106s	A117b	-0.5939	0.5611	-0.1417	0.2075	0.4876	0.0395
K106s	A117s	-0.5939	0.5611	-0.1417	0.2075	0.4876	0.0395
K106s	L113b	0.6192	0.4326	-0.0258	0.1310	0.5768	0.0190
K106s	L113s	0.6192	0.4326	-0.0258	0.1310	0.5768	0.0190
K106s	L114b	-0.2865	0.3065	-0.1588	0.1925	0.6197	0.0060
K106s	L114s	-0.2865	0.3065	-0.1588	0.1925	0.6197	0.0060
K106s	L118b	-0.5396	0.7378	-0.1859	0.4010	0.4984	0.2734
K106s	L118s	-0.5396	0.7378	-0.1859	0.4010	0.4984	0.2734
K106s	M109b	0.8561	0.2396	0.7179	0.2342	0.8012	0.2450
K106s	M109s	0.8561	0.2396	0.7179	0.2342	0.8012	0.2450
K106s	M115b	-0.6237	0.6040	-0.2052	0.1453	0.5987	0.0457
K106s	M115s	-0.6237	0.6040	-0.2052	0.1453	0.5987	0.0457
K106s	M120b	-0.4481	0.8255	0.0072	0.5339	0.4435	0.3378
K106s	M120s	-0.4481	0.8255	0.0072	0.5339	0.4435	0.3378
K106s	P112b	0.7104	0.4896	0.2094	0.2465	0.5528	0.0819
K106s	P112s	0.7104	0.4896	0.2094	0.2465	0.5528	0.0819
K106s	P119b	-0.4737	0.8563	-0.1669	0.3901	0.4984	0.2563
K106s	P119s	-0.4737	0.8563	-0.1669	0.3901	0.4984	0.2563
K106s	Q116b	-0.6406	0.5623	-0.1524	0.2069	0.4689	0.0851
K106s	Q116s	-0.6406	0.5623	-0.1524	0.2069	0.4689	0.0851
K106s	R108b	0.9315	0.1006	0.8132	0.1011	0.8375	0.1503
K106s	R108s	0.9315	0.1006	0.8132	0.1011	0.8375	0.1503
K106s	T111b	0.7831	0.3714	0.4810	0.1794	0.6978	0.2471
K106s	T111s	0.7831	0.3714	0.4810	0.1794	0.6978	0.2471
K106s	W107b	0.9868	0.0198	0.9675	0.0172	0.9192	0.0801
K106s	W107s	0.9868	0.0198	0.9675	0.0172	0.9192	0.0801
L113b	A117b	-0.3218	1.0994	0.7388	0.3446	0.8210	0.0945
L113b	A117s	-0.3218	1.0994	0.7388	0.3446	0.8210	0.0945
L113b	L114b	-0.1993	1.0423	0.9696	0.0240	0.9622	0.0400
L113b	L114s	-0.1993	1.0423	0.9696	0.0240	0.9622	0.0400
L113b	L118b	-0.3824	0.9453	0.5655	0.4574	0.7769	0.0620
L113b	L118s	-0.3824	0.9453	0.5655	0.4574	0.7769	0.0620
L113b	M115b	-0.2535	1.0764	0.9705	0.0122	0.9369	0.0434
L113b	M115s	-0.2535	1.0764	0.9705	0.0122	0.9369	0.0434
L113b	M120b	-0.4935	0.5709	0.0816	0.3300	0.5609	0.2544
L113b	M120s	-0.4935	0.5709	0.0816	0.3300	0.5609	0.2544
L113b	P119b	-0.4413	0.8176	0.0914	0.2732	0.7352	0.1891
L113b	P119s	-0.4413	0.8176	0.0914	0.2732	0.7352	0.1891
L113b	Q116b	-0.2430	1.0365	0.9135	0.0838	0.8550	0.0892
L113b	Q116s	-0.2430	1.0365	0.9135	0.0838	0.8550	0.0892
L113s	A117b	-0.3218	1.0994	0.7388	0.3446	0.8210	0.0945
L113s	A117s	-0.3218	1.0994	0.7388	0.3446	0.8210	0.0945
L113s	L114b	-0.1993	1.0423	0.9696	0.0240	0.9622	0.0400
L113s	L114s	-0.1993	1.0423	0.9696	0.0240	0.9622	0.0400
L113s	L118b	-0.3824	0.9453	0.5655	0.4574	0.7769	0.0620
L113s	L118s	-0.3824	0.9453	0.5655	0.4574	0.7769	0.0620
L113s	M115b	-0.2535	1.0764	0.9705	0.0122	0.9369	0.0434
L113s	M115s	-0.2535	1.0764	0.9705	0.0122	0.9369	0.0434
L113s	M120b	-0.4935	0.5709	0.0816	0.3300	0.5609	0.2544
L113s	M120s	-0.4935	0.5709	0.0816	0.3300	0.5609	0.2544
L113s	P119b	-0.4413	0.8176	0.0914	0.2732	0.7352	0.1891
L113s	P119s	-0.4413	0.8176	0.0914	0.2732	0.7352	0.1891
L113s	Q116b	-0.2430	1.0365	0.9135	0.0838	0.8550	0.0892
L113s	Q116s	-0.2430	1.0365	0.9135	0.0838	0.8550	0.0892
L114b	A117b	0.8321	0.1067	0.8255	0.2505	0.8446	0.0886
L114b	A117s	0.8321	0.1067	0.8255	0.2505	0.8446	0.0886
L114b	L118b	0.6547	0.0519	0.6804	0.3664	0.7769	0.0526
L114b	L118s	0.6547	0.0519	0.6804	0.3664	0.7769	0.0526
L114b	M115b	0.7087	0.2772	0.9838	0.0108	0.9685	0.0258
L114b	M115s	0.7087	0.2772	0.9838	0.0108	0.9685	0.0258
L114b	M120b	0.3628	0.2667	0.1893	0.2082	0.5663	0.1967
L114b	M120s	0.3628	0.2667	0.1893	0.2082	0.5663	0.1967
L114b	P119b	0.5646	0.0987	0.2240	0.3074	0.7672	0.1852
L114b	P119s	0.5646	0.0987	0.2240	0.3074	0.7672	0.1852
L114b	Q116b	0.6752	0.3065	0.9312	0.0895	0.8909	0.0750
L114b	Q116s	0.6752	0.3065	0.9312	0.0895	0.8909	0.0750
L114s	A117b	0.8321	0.1067	0.8255	0.2505	0.8446	0.0886
L114s	A117s	0.8321	0.1067	0.8255	0.2505	0.8446	0.0886
L114s	L118b	0.6547	0.0519	0.6804	0.3664	0.7769	0.0526
L114s	L118s	0.6547	0.0519	0.6804	0.3664	0.7769	0.0526
L114s	M115b	0.7087	0.2772	0.9838	0.0108	0.9685	0.0258
L114s	M115s	0.7087	0.2772	0.9838	0.0108	0.9685	0.0258
L114s	M120b	0.3628	0.2667	0.1893	0.2082	0.5663	0.1967
L114s	M120s	0.3628	0.2667	0.1893	0.2082	0.5663	0.1967
L114s	P119b	0.5646	0.0987	0.2240	0.3074	0.7672	0.1852
L114s	P119s	0.5646	0.0987	0.2240	0.3074	0.7672	0.1852
L114s	Q116b	0.6752	0.3065	0.9312	0.0895	0.8909	0.0750
L114s	Q116s	0.6752	0.3065	0.9312	0.0895	0.8909	0.0750
L118b	M120b	0.8754	0.1301	0.5914	0.2862	0.7228	0.2050
L118b	M120s	0.8754	0.1301	0.5914	0.2862	0.7228	0.2050
L118b	P119b	0.9594	0.0524	0.6490	0.2868	0.9616	0.0284
L118b	P119s	0.9594	0.0524	0.6490	0.2868	0.9616	0.0284
L118s	M120b	0.8754	0.1301	0.5914	0.2862	0.7228	0.2050
L118s	M120s	0.8754	0.1301	0.5914	0.2862	0.7228	0.2050
L118s	P119b	0.9594	0.0524	0.6490	0.2868	0.9616	0.0284
L118s	P119s	0.9594	0.0524	0.6490	0.2868	0.9616	0.0284
M109b	A110b	0.9826	0.0062	0.9679	0.0128	0.9500	0.0146
M109b	A110s	0.9826	0.0062	0.9679	0.0128	0.9500	0.0146
M109b	A117b	-0.4196	0.9201	0.1442	0.4572	0.5531	0.1815
M109b	A117s	-0.4196	0.9201	0.1442	0.4572	0.5531	0.1815
M109b	L113b	0.8685	0.0943	0.4828	0.3400	0.7171	0.0819
M109b	L113s	0.8685	0.0943	0.4828	0.3400	0.7171	0.0819
M109b	L114b	-0.1212	0.7416	0.3322	0.4708	0.6683	0.0954
M109b	L114s	-0.1212	0.7416	0.3322	0.4708	0.6683	0.0954
M109b	L118b	-0.4494	0.9239	-0.0099	0.6254	0.5666	0.1240
M109b	L118s	-0.4494	0.9239	-0.0099	0.6254	0.5666	0.1240
M109b	M115b	-0.4157	0.9754	0.3414	0.4261	0.6288	0.1677
M109b	M115s	-0.4157	0.9754	0.3414	0.4261	0.6288	0.1677
M109b	M120b	-0.5274	0.6955	-0.0048	0.5200	0.4257	0.3437
M109b	M120s	-0.5274	0.6955	-0.0048	0.5200	0.4257	0.3437
M109b	P112b	0.9109	0.1393	0.6868	0.1136	0.7534	0.1021
M109b	P112s	0.9109	0.1393	0.6868	0.1136	0.7534	0.1021
M109b	P119b	-0.5015	0.8324	-0.2425	0.3163	0.5309	0.0556
M109b	P119s	-0.5015	0.8324	-0.2425	0.3163	0.5309	0.0556
M109b	Q116b	-0.4561	0.8838	0.2568	0.4320	0.5319	0.2368
M109b	Q116s	-0.4561	0.8838	0.2568	0.4320	0.5319	0.2368
M109b	T111b	0.9536	0.0758	0.8464	0.0387	0.9182	0.0151
M109b	T111s	0.9536	0.0758	0.8464	0.0387	0.9182	0.0151
M109s	A110b	0.9826	0.0062	0.9679	0.0128	0.9500	0.0146
M109s	A110s	0.9826	0.0062	0.9679	0.0128	0.9500	0.0146
M109s	A117b	-0.4196	0.9201	0.1442	0.4572	0.5531	0.1815
M109s	A117s	-0.4196	0.9201	0.1442	0.4572	0.5531	0.1815
M109s	L113b	0.8685	0.0943	0.4828	0.3400	0.7171	0.0819
M109s	L113s	0.8685	0.0943	0.4828	0.3400	0.7171	0.0819
M109s	L114b	-0.1212	0.7416	0.3322	0.4708	0.6683	0.0954
M109s	L114s	-0.1212	0.7416	0.3322	0.4708	0.6683	0.0954
M109s	L118b	-0.4494	0.9239	-0.0099	0.6254	0.5666	0.1240
M109s	L118s	-0.4494	0.9239	-0.0099	0.6254	0.5666	0.1240
M109s	M115b	-0.4157	0.9754	0.3414	0.4261	0.6288	0.1677
M109s	M115s	-0.4157	0.9754	0.3414	0.4261	0.6288	0.1677
M109s	M120b	-0.5274	0.6955	-0.0048	0.5200	0.4257	0.3437
M109s	M120s	-0.5274	0.6955	-0.0048	0.5200	0.4257	0.3437
M109s	P112b	0.9109	0.1393	0.6868	0.1136	0.7534	0.1021
M109s	P112s	0.9109	0.1393	0.6868	0.1136	0.7534	0.1021
M109s	P119b	-0.5015	0.8324	-0.2425	0.3163	0.5309	0.0556
M109s	P119s	-0.5015	0.8324	-0.2425	0.3163	0.5309	0.0556
M109s	Q116b	-0.4561	0.8838	0.2568	0.4320	0.5319	0.2368
M109s	Q116s	-0.4561	0.8838	0.2568	0.4320	0.5319	0.2368
M109s	T111b	0.9536	0.0758	0.8464	0.0387	0.9182	0.0151
M109s	T111s	0.9536	0.0758	0.8464	0.0387	0.9182	0.0151
M115b	A117b	0.9529	0.0279	0.7863	0.3101	0.8194	0.1589
M115b	A117s	0.9529	0.0279	0.7863	0.3101	0.8194	0.1589
M115b	L118b	0.8834	0.1821	0.6443	0.3888	0.7174	0.1572
M115b	L118s	0.8834	0.1821	0.6443	0.3888	0.7174	0.1572
M115b	M120b	0.6615	0.5228	0.1633	0.1649	0.5515	0.2138
M115b	M120s	0.6615	0.5228	0.1633	0.1649	0.5515	0.2138
M115b	P119b	0.8132	0.3028	0.1933	0.2847	0.6840	0.3175
M115b	P119s	0.8132	0.3028	0.1933	0.2847	0.6840	0.3175
M115b	Q116b	0.9840	0.0214	0.9031	0.1406	0.9336	0.0496
M115b	Q116s	0.9840	0.0214	0.9031	0.1406	0.9336	0.0496
M115s	A117b	0.9529	0.0279	0.7863	0.3101	0.8194	0.1589
M115s	A117s	0.9529	0.0279	0.7863	0.3101	0.8194	0.1589
M115s	L118b	0.8834	0.1821	0.6443	0.3888	0.7174	0.1572
M115s	L118s	0.8834	0.1821	0.6443	0.3888	0.7174	0.1572
M115s	M120b	0.6615	0.5228	0.1633	0.1649	0.5515	0.2138
M115s	M120s	0.6615	0.5228	0.1633	0.1649	0.5515	0.2138
M115s	P119b	0.8132	0.3028	0.1933	0.2847	0.6840	0.3175
M115s	P119s	0.8132	0.3028	0.1933	0.2847	0.6840	0.3175
M115s	Q116b	0.9840	0.0214	0.9031	0.1406	0.9336	0.0496
M115s	Q116s	0.9840	0.0214	0.9031	0.1406	0.9336	0.0496
MHCII	A110b	0.1423	0.2661	0.3366	0.1004	0.5173	0.1777
MHCII	A110s	0.1423	0.2661	0.3366	0.1004	0.5173	0.1777
MHCII	A117b	0.1903	0.3145	0.2451	0.1768	0.4753	0.0351
MHCII	A117s	0.1903	0.3145	0.2451	0.1768	0.4753	0.0351
MHCII	K102b	-0.1828	0.2755	0.0178	0.1362	0.1290	0.3637
MHCII	K102s	-0.1828	0.2755	0.0178	0.1362	0.1290	0.3637
MHCII	K106b	0.0016	0.0366	0.1174	0.1630	0.4757	0.0565
MHCII	K106s	0.0016	0.0366	0.1174	0.1630	0.4757	0.0565
MHCII	L113b	0.1828	0.3271	0.3529	0.0472	0.5610	0.0070
MHCII	L113s	0.1828	0.3271	0.3529	0.0472	0.5610	0.0070
MHCII	L114b	0.1813	0.3345	0.3144	0.0716	0.5585	0.0132
MHCII	L114s	0.1813	0.3345	0.3144	0.0716	0.5585	0.0132
MHCII	L118b	0.1435	0.2226	0.1724	0.2070	0.4513	0.0424
MHCII	L118s	0.1435	0.2226	0.1724	0.2070	0.4513	0.0424
MHCII	M109b	0.1323	0.2592	0.3377	0.0994	0.5170	0.1161
MHCII	M109s	0.1323	0.2592	0.3377	0.0994	0.5170	0.1161
MHCII	M115b	0.2049	0.3236	0.3395	0.0700	0.5568	0.0356
MHCII	M115s	0.2049	0.3236	0.3395	0.0700	0.5568	0.0356
MHCII	M120b	0.0181	0.0078	0.1105	0.0967	0.2807	0.2412
MHCII	M120s	0.0181	0.0078	0.1105	0.0967	0.2807	0.2412
MHCII	MHCII	0.1165	0.2032	0.2190	0.0355	0.4084	0.0595
MHCII	P103b	-0.1693	0.2548	0.0165	0.1755	0.1142	0.3735
MHCII	P103s	-0.1693	0.2548	0.0165	0.1755	0.1142	0.3735
MHCII	P112b	0.1739	0.3357	0.3926	0.0507	0.5440	0.0327
MHCII	P112s	0.1739	0.3357	0.3926	0.0507	0.5440	0.0327
MHCII	P119b	0.0927	0.1310	0.0424	0.1026	0.4295	0.0921
MHCII	P119s	0.0927	0.1310	0.0424	0.1026	0.4295	0.0921
MHCII	Q116b	0.1866	0.2918	0.2641	0.1048	0.4990	0.0673
MHCII	Q116s	0.1866	0.2918	0.2641	0.1048	0.4990	0.0673
MHCII	R108b	0.0959	0.1939	0.2940	0.1133	0.5338	0.1048
MHCII	R108s	0.0959	0.1939	0.2940	0.1133	0.5338	0.1048
MHCII	S105b	-0.0828	0.1122	0.0844	0.1850	0.4269	0.0510
MHCII	S105s	-0.0828	0.1122	0.0844	0.1850	0.4269	0.0510
MHCII	T111b	0.1730	0.3319	0.3785	0.0738	0.5622	0.0809
MHCII	T111s	0.1730	0.3319	0.3785	0.0738	0.5622	0.0809
MHCII	V104b	-0.1358	0.2025	0.0928	0.1998	0.2683	0.2415
MHCII	V104s	-0.1358	0.2025	0.0928	0.1998	0.2683	0.2415
MHCII	W107b	0.0504	0.1189	0.1741	0.1485	0.5385	0.0727
MHCII	W107s	0.0504	0.1189	0.1741	0.1485	0.5385	0.0727
P103b	A110b	0.4729	0.7390	0.3749	0.3201	0.1130	0.3746
P103b	A110s	0.4729	0.7390	0.3749	0.3201	0.1130	0.3746
P103b	A117b	-0.7472	0.1860	-0.2450	0.2086	0.1661	0.3693
P103b	A117s	-0.7472	0.1860	-0.2450	0.2086	0.1661	0.3693
P103b	K106b	0.7405	0.4287	0.6420	0.4407	0.3757	0.4185
P103b	K106s	0.7405	0.4287	0.6420	0.4407	0.3757	0.4185
P103b	L113b	0.3205	0.8054	-0.2116	0.0937	0.2648	0.4996
P103b	L113s	0.3205	0.8054	-0.2116	0.0937	0.2648	0.4996
P103b	L114b	-0.4370	0.1817	-0.2741	0.1931	0.3047	0.5044
P103b	L114s	-0.4370	0.1817	-0.2741	0.1931	0.3047	0.5044
P103b	L118b	-0.6586	0.4522	-0.4103	0.3154	0.1119	0.5559
P103b	L118s	-0.6586	0.4522	-0.4103	0.3154	0.1119	0.5559
P103b	M109b	0.5052	0.7989	0.4147	0.4021	0.2436	0.4256
P103b	M109s	0.5052	0.7989	0.4147	0.4021	0.2436	0.4256
P103b	M115b	-0.8574	0.1548	-0.3174	0.1582	0.3433	0.4294
P103b	M115s	-0.8574	0.1548	-0.3174	0.1582	0.3433	0.4294
P103b	M120b	-0.4049	0.8506	-0.2136	0.3185	0.5065	0.2505
P103b	M120s	-0.4049	0.8506	-0.2136	0.3185	0.5065	0.2505
P103b	P112b	0.4478	0.9155	-0.0016	0.1899	0.2371	0.4126
P103b	P112s	0.4478	0.9155	-0.0016	0.1899	0.2371	0.4126
P103b	P119b	-0.5499	0.6557	-0.4003	0.3530	0.0839	0.6360
P103b	P119s	-0.5499	0.6557	-0.4003	0.3530	0.0839	0.6360
P103b	Q116b	-0.8094	0.2377	-0.2987	0.2458	0.2639	0.3430
P103b	Q116s	-0.8094	0.2377	-0.2987	0.2458	0.2639	0.3430
P103b	R108b	0.5827	0.6473	0.4967	0.4381	0.2564	0.4841
P103b	R108s	0.5827	0.6473	0.4967	0.4381	0.2564	0.4841
P103b	S105b	0.8822	0.1698	0.6167	0.4707	0.4127	0.4435
P103b	S105s	0.8822	0.1698	0.6167	0.4707	0.4127	0.4435
P103b	T111b	0.4048	0.9946	0.1771	0.3271	0.1862	0.4561
P103b	T111s	0.4048	0.9946	0.1771	0.3271	0.1862	0.4561
P103b	V104b	0.9530	0.0663	0.5988	0.4457	0.6394	0.5049
P103b	V104s	0.9530	0.0663	0.5988	0.4457	0.6394	0.5049
P103b	W107b	0.6780	0.5189	0.5791	0.5267	0.2982	0.5408
P103b	W107s	0.6780	0.5189	0.5791	0.5267	0.2982	0.5408
P103s	A110b	0.4729	0.7390	0.3749	0.3201	0.1130	0.3746
P103s	A110s	0.4729	0.7390	0.3749	0.3201	0.1130	0.3746
P103s	A117b	-0.7472	0.1860	-0.2450	0.2086	0.1661	0.3693
P103s	A117s	-0.7472	0.1860	-0.2450	0.2086	0.1661	0.3693
P103s	K106b	0.7405	0.4287	0.6420	0.4407	0.3757	0.4185
P103s	K106s	0.7405	0.4287	0.6420	0.4407	0.3757	0.4185
P103s	L113b	0.3205	0.8054	-0.2116	0.0937	0.2648	0.4996
P103s	L113s	0.3205	0.8054	-0.2116	0.0937	0.2648	0.4996
P103s	L114b	-0.4370	0.1817	-0.2741	0.1931	0.3047	0.5044
P103s	L114s	-0.4370	0.1817	-0.2741	0.1931	0.3047	0.5044
P103s	L118b	-0.6586	0.4522	-0.4103	0.3154	0.1119	0.5559
P103s	L118s	-0.6586	0.4522	-0.4103	0.3154	0.1119	0.5559
P103s	M109b	0.5052	0.7989	0.4147	0.4021	0.2436	0.4256
P103s	M109s	0.5052	0.7989	0.4147	0.4021	0.2436	0.4256
P103s	M115b	-0.8574	0.1548	-0.3174	0.1582	0.3433	0.4294
P103s	M115s	-0.8574	0.1548	-0.3174	0.1582	0.3433	0.4294
P103s	M120b	-0.4049	0.8506	-0.2136	0.3185	0.5065	0.2505
P103s	M120s	-0.4049	0.8506	-0.2136	0.3185	0.5065	0.2505
P103s	P112b	0.4478	0.9155	-0.0016	0.1899	0.2371	0.4126
P103s	P112s	0.4478	0.9155	-0.0016	0.1899	0.2371	0.4126
P103s	P119b	-0.5499	0.6557	-0.4003	0.3530	0.0839	0.6360
P103s	P119s	-0.5499	0.6557	-0.4003	0.3530	0.0839	0.6360
P103s	Q116b	-0.8094	0.2377	-0.2987	0.2458	0.2639	0.3430
P103s	Q116s	-0.8094	0.2377	-0.2987	0.2458	0.2639	0.3430
P103s	R108b	0.5827	0.6473	0.4967	0.4381	0.2564	0.4841
P103s	R108s	0.5827	0.6473	0.4967	0.4381	0.2564	0.4841
P103s	S105b	0.8822	0.1698	0.6167	0.4707	0.4127	0.4435
P103s	S105s	0.8822	0.1698	0.6167	0.4707	0.4127	0.4435
P103s	T111b	0.4048	0.9946	0.1771	0.3271	0.1862	0.4561
P103s	T111s	0.4048	0.9946	0.1771	0.3271	0.1862	0.4561
P103s	V104b	0.9530	0.0663	0.5988	0.4457	0.6394	0.5049
P103s	V104s	0.9530	0.0663	0.5988	0.4457	0.6394	0.5049
P103s	W107b	0.6780	0.5189	0.5791	0.5267	0.2982	0.5408
P103s	W107s	0.6780	0.5189	0.5791	0.5267	0.2982	0.5408
P112b	A117b	-0.2941	1.0751	0.7027	0.2418	0.7641	0.1230
P112b	A117s	-0.2941	1.0751	0.7027	0.2418	0.7641	0.1230
P112b	L113b	0.9189	0.0728	0.9293	0.0696	0.9749	0.0331
P112b	L113s	0.9189	0.0728	0.9293	0.0696	0.9749	0.0331
P112b	L114b	0.0132	0.8506	0.8768	0.1659	0.8957	0.1339
P112b	L114s	0.0132	0.8506	0.8768	0.1659	0.8957	0.1339
P112b	L118b	-0.4017	0.9678	0.4998	0.3448	0.7201	0.0734
P112b	L118s	-0.4017	0.9678	0.4998	0.3448	0.7201	0.0734
P112b	M115b	-0.3067	1.1231	0.8699	0.1378	0.8923	0.1245
P112b	M115s	-0.3067	1.1231	0.8699	0.1378	0.8923	0.1245
P112b	M120b	-0.5642	0.6189	0.1840	0.3403	0.5272	0.2368
P112b	M120s	-0.5642	0.6189	0.1840	0.3403	0.5272	0.2368
P112b	P119b	-0.4648	0.8670	0.1248	0.1448	0.6505	0.2113
P112b	P119s	-0.4648	0.8670	0.1248	0.1448	0.6505	0.2113
P112b	Q116b	-0.3090	1.0943	0.8009	0.1586	0.8122	0.1441
P112b	Q116s	-0.3090	1.0943	0.8009	0.1586	0.8122	0.1441
P112s	A117b	-0.2941	1.0751	0.7027	0.2418	0.7641	0.1230
P112s	A117s	-0.2941	1.0751	0.7027	0.2418	0.7641	0.1230
P112s	L113b	0.9189	0.0728	0.9293	0.0696	0.9749	0.0331
P112s	L113s	0.9189	0.0728	0.9293	0.0696	0.9749	0.0331
P112s	L114b	0.0132	0.8506	0.8768	0.1659	0.8957	0.1339
P112s	L114s	0.0132	0.8506	0.8768	0.1659	0.8957	0.1339
P112s	L118b	-0.4017	0.9678	0.4998	0.3448	0.7201	0.0734
P112s	L118s	-0.4017	0.9678	0.4998	0.3448	0.7201	0.0734
P112s	M115b	-0.3067	1.1231	0.8699	0.1378	0.8923	0.1245
P112s	M115s	-0.3067	1.1231	0.8699	0.1378	0.8923	0.1245
P112s	M120b	-0.5642	0.6189	0.1840	0.3403	0.5272	0.2368
P112s	M120s	-0.5642	0.6189	0.1840	0.3403	0.5272	0.2368
P112s	P119b	-0.4648	0.8670	0.1248	0.1448	0.6505	0.2113
P112s	P119s	-0.4648	0.8670	0.1248	0.1448	0.6505	0.2113
P112s	Q116b	-0.3090	1.0943	0.8009	0.1586	0.8122	0.1441
P112s	Q116s	-0.3090	1.0943	0.8009	0.1586	0.8122	0.1441
P119b	M120b	0.9368	0.0532	0.8216	0.1337	0.6553	0.2084
P119b	M120s	0.9368	0.0532	0.8216	0.1337	0.6553	0.2084
P119s	M120b	0.9368	0.0532	0.8216	0.1337	0.6553	0.2084
P119s	M120s	0.9368	0.0532	0.8216	0.1337	0.6553	0.2084
Q116b	A117b	0.9355	0.0525	0.8577	0.2042	0.9219	0.0806
Q116b	A117s	0.9355	0.0525	0.8577	0.2042	0.9219	0.0806
Q116b	L118b	0.8580	0.2050	0.6983	0.3432	0.7945	0.1052
Q116b	L118s	0.8580	0.2050	0.6983	0.3432	0.7945	0.1052
Q116b	M120b	0.6658	0.4977	0.1413	0.2600	0.6036	0.2980
Q116b	M120s	0.6658	0.4977	0.1413	0.2600	0.6036	0.2980
Q116b	P119b	0.8136	0.2786	0.1835	0.2311	0.7657	0.1960
Q116b	P119s	0.8136	0.2786	0.1835	0.2311	0.7657	0.1960
Q116s	A117b	0.9355	0.0525	0.8577	0.2042	0.9219	0.0806
Q116s	A117s	0.9355	0.0525	0.8577	0.2042	0.9219	0.0806
Q116s	L118b	0.8580	0.2050	0.6983	0.3432	0.7945	0.1052
Q116s	L118s	0.8580	0.2050	0.6983	0.3432	0.7945	0.1052
Q116s	M120b	0.6658	0.4977	0.1413	0.2600	0.6036	0.2980
Q116s	M120s	0.6658	0.4977	0.1413	0.2600	0.6036	0.2980
Q116s	P119b	0.8136	0.2786	0.1835	0.2311	0.7657	0.1960
Q116s	P119s	0.8136	0.2786	0.1835	0.2311	0.7657	0.1960
R108b	A110b	0.9695	0.0309	0.9101	0.0304	0.8956	0.0910
R108b	A110s	0.9695	0.0309	0.9101	0.0304	0.8956	0.0910
R108b	A117b	-0.4792	0.8393	0.0747	0.3991	0.5820	0.2254
R108b	A117s	-0.4792	0.8393	0.0747	0.3991	0.5820	0.2254
R108b	L113b	0.8061	0.2077	0.3593	0.2093	0.7343	0.0375
R108b	L113s	0.8061	0.2077	0.3593	0.2093	0.7343	0.0375
R108b	L114b	-0.2185	0.6335	0.2161	0.3309	0.7075	0.1145
R108b	L114s	-0.2185	0.6335	0.2161	0.3309	0.7075	0.1145
R108b	L118b	-0.4423	0.9460	-0.0193	0.5667	0.5848	0.1848
R108b	L118s	-0.4423	0.9460	-0.0193	0.5667	0.5848	0.1848
R108b	M109b	0.9733	0.0443	0.9550	0.0276	0.9707	0.0184
R108b	M109s	0.9733	0.0443	0.9550	0.0276	0.9707	0.0184
R108b	M115b	-0.4869	0.8582	0.2191	0.2718	0.6714	0.1451
R108b	M115s	-0.4869	0.8582	0.2191	0.2718	0.6714	0.1451
R108b	M120b	-0.4540	0.8220	0.0751	0.5177	0.4722	0.3380
R108b	M120s	-0.4540	0.8220	0.0751	0.5177	0.4722	0.3380
R108b	P112b	0.8434	0.2454	0.5717	0.0881	0.7655	0.0682
R108b	P112s	0.8434	0.2454	0.5717	0.0881	0.7655	0.0682
R108b	P119b	-0.4545	0.9201	-0.1563	0.3459	0.5460	0.0937
R108b	P119s	-0.4545	0.9201	-0.1563	0.3459	0.5460	0.0937
R108b	Q116b	-0.5275	0.7664	0.1178	0.3445	0.5838	0.2324
R108b	Q116s	-0.5275	0.7664	0.1178	0.3445	0.5838	0.2324
R108b	T111b	0.9080	0.1490	0.7780	0.0321	0.8818	0.0251
R108b	T111s	0.9080	0.1490	0.7780	0.0321	0.8818	0.0251
R108s	A110b	0.9695	0.0309	0.9101	0.0304	0.8956	0.0910
R108s	A110s	0.9695	0.0309	0.9101	0.0304	0.8956	0.0910
R108s	A117b	-0.4792	0.8393	0.0747	0.3991	0.5820	0.2254
R108s	A117s	-0.4792	0.8393	0.0747	0.3991	0.5820	0.2254
R108s	L113b	0.8061	0.2077	0.3593	0.2093	0.7343	0.0375
R108s	L113s	0.8061	0.2077	0.3593	0.2093	0.7343	0.0375
R108s	L114b	-0.2185	0.6335	0.2161	0.3309	0.7075	0.1145
R108s	L114s	-0.2185	0.6335	0.2161	0.3309	0.7075	0.1145
R108s	L118b	-0.4423	0.9460	-0.0193	0.5667	0.5848	0.1848
R108s	L118s	-0.4423	0.9460	-0.0193	0.5667	0.5848	0.1848
R108s	M109b	0.9733	0.0443	0.9550	0.0276	0.9707	0.0184
R108s	M109s	0.9733	0.0443	0.9550	0.0276	0.9707	0.0184
R108s	M115b	-0.4869	0.8582	0.2191	0.2718	0.6714	0.1451
R108s	M115s	-0.4869	0.8582	0.2191	0.2718	0.6714	0.1451
R108s	M120b	-0.4540	0.8220	0.0751	0.5177	0.4722	0.3380
R108s	M120s	-0.4540	0.8220	0.0751	0.5177	0.4722	0.3380
R108s	P112b	0.8434	0.2454	0.5717	0.0881	0.7655	0.0682
R108s	P112s	0.8434	0.2454	0.5717	0.0881	0.7655	0.0682
R108s	P119b	-0.4545	0.9201	-0.1563	0.3459	0.5460	0.0937
R108s	P119s	-0.4545	0.9201	-0.1563	0.3459	0.5460	0.0937
R108s	Q116b	-0.5275	0.7664	0.1178	0.3445	0.5838	0.2324
R108s	Q116s	-0.5275	0.7664	0.1178	0.3445	0.5838	0.2324
R108s	T111b	0.9080	0.1490	0.7780	0.0321	0.8818	0.0251
R108s	T111s	0.9080	0.1490	0.7780	0.0321	0.8818	0.0251
S105b	A110b	0.7077	0.4504	0.6010	0.2736	0.6496	0.2538
S105b	A110s	0.7077	0.4504	0.6010	0.2736	0.6496	0.2538
S105b	A117b	-0.7055	0.4000	-0.1819	0.1648	0.4076	0.1200
S105b	A117s	-0.7055	0.4000	-0.1819	0.1648	0.4076	0.1200
S105b	K106b	0.9304	0.1180	0.9734	0.0134	0.9695	0.0314
S105b	K106s	0.9304	0.1180	0.9734	0.0134	0.9695	0.0314
S105b	L113b	0.5212	0.6300	-0.1058	0.1792	0.5072	0.1945
S105b	L113s	0.5212	0.6300	-0.1058	0.1792	0.5072	0.1945
S105b	L114b	-0.4230	0.1420	-0.2342	0.1911	0.5492	0.1637
S105b	L114s	-0.4230	0.1420	-0.2342	0.1911	0.5492	0.1637
S105b	L118b	-0.6013	0.6488	-0.1960	0.3991	0.4127	0.3105
S105b	L118s	-0.6013	0.6488	-0.1960	0.3991	0.4127	0.3105
S105b	M109b	0.7226	0.4762	0.6427	0.2973	0.7715	0.1480
S105b	M109s	0.7226	0.4762	0.6427	0.2973	0.7715	0.1480
S105b	M115b	-0.7436	0.4088	-0.2816	0.1520	0.5198	0.1623
S105b	M115s	-0.7436	0.4088	-0.2816	0.1520	0.5198	0.1623
S105b	M120b	-0.4096	0.8962	0.0238	0.5144	0.3987	0.3910
S105b	M120s	-0.4096	0.8962	0.0238	0.5144	0.3987	0.3910
S105b	P112b	0.6095	0.6602	0.1292	0.3178	0.4874	0.1439
S105b	P112s	0.6095	0.6602	0.1292	0.3178	0.4874	0.1439
S105b	P119b	-0.4861	0.8483	-0.1569	0.4521	0.4460	0.2993
S105b	P119s	-0.4861	0.8483	-0.1569	0.4521	0.4460	0.2993
S105b	Q116b	-0.7248	0.4288	-0.2276	0.1493	0.3726	0.2023
S105b	Q116s	-0.7248	0.4288	-0.2276	0.1493	0.3726	0.2023
S105b	R108b	0.8121	0.3169	0.7557	0.1118	0.7874	0.0918
S105b	R108s	0.8121	0.3169	0.7557	0.1118	0.7874	0.0918
S105b	T111b	0.6213	0.6534	0.4129	0.2567	0.6609	0.1381
S105b	T111s	0.6213	0.6534	0.4129	0.2567	0.6609	0.1381
S105b	W107b	0.9020	0.1690	0.9458	0.0265	0.8954	0.0223
S105b	W107s	0.9020	0.1690	0.9458	0.0265	0.8954	0.0223
S105s	A110b	0.7077	0.4504	0.6010	0.2736	0.6496	0.2538
S105s	A110s	0.7077	0.4504	0.6010	0.2736	0.6496	0.2538
S105s	A117b	-0.7055	0.4000	-0.1819	0.1648	0.4076	0.1200
S105s	A117s	-0.7055	0.4000	-0.1819	0.1648	0.4076	0.1200
S105s	K106b	0.9304	0.1180	0.9734	0.0134	0.9695	0.0314
S105s	K106s	0.9304	0.1180	0.9734	0.0134	0.9695	0.0314
S105s	L113b	0.5212	0.6300	-0.1058	0.1792	0.5072	0.1945
S105s	L113s	0.5212	0.6300	-0.1058	0.1792	0.5072	0.1945
S105s	L114b	-0.4230	0.1420	-0.2342	0.1911	0.5492	0.1637
S105s	L114s	-0.4230	0.1420	-0.2342	0.1911	0.5492	0.1637
S105s	L118b	-0.6013	0.6488	-0.1960	0.3991	0.4127	0.3105
S105s	L118s	-0.6013	0.6488	-0.1960	0.3991	0.4127	0.3105
S105s	M109b	0.7226	0.4762	0.6427	0.2973	0.7715	0.1480
S105s	M109s	0.7226	0.4762	0.6427	0.2973	0.7715	0.1480
S105s	M115b	-0.7436	0.4088	-0.2816	0.1520	0.5198	0.1623
S105s	M115s	-0.7436	0.4088	-0.2816	0.1520	0.5198	0.1623
S105s	M120b	-0.4096	0.8962	0.0238	0.5144	0.3987	0.3910
S105s	M120s	-0.4096	0.8962	0.0238	0.5144	0.3987	0.3910
S105s	P112b	0.6095	0.6602	0.1292	0.3178	0.4874	0.1439
S105s	P112s	0.6095	0.6602	0.1292	0.3178	0.4874	0.1439
S105s	P119b	-0.4861	0.8483	-0.1569	0.4521	0.4460	0.2993
S105s	P119s	-0.4861	0.8483	-0.1569	0.4521	0.4460	0.2993
S105s	Q116b	-0.7248	0.4288	-0.2276	0.1493	0.3726	0.2023
S105s	Q116s	-0.7248	0.4288	-0.2276	0.1493	0.3726	0.2023
S105s	R108b	0.8121	0.3169	0.7557	0.1118	0.7874	0.0918
S105s	R108s	0.8121	0.3169	0.7557	0.1118	0.7874	0.0918
S105s	T111b	0.6213	0.6534	0.4129	0.2567	0.6609	0.1381
S105s	T111s	0.6213	0.6534	0.4129	0.2567	0.6609	0.1381
S105s	W107b	0.9020	0.1690	0.9458	0.0265	0.8954	0.0223
S105s	W107s	0.9020	0.1690	0.9458	0.0265	0.8954	0.0223
T111b	A117b	-0.3563	1.0006	0.5650	0.2756	0.6511	0.1159
T111b	A117s	-0.3563	1.0006	0.5650	0.2756	0.6511	0.1159
T111b	L113b	0.8837	0.0670	0.7777	0.1196	0.8794	0.0701
T111b	L113s	0.8837	0.0670	0.7777	0.1196	0.8794	0.0701
T111b	L114b	-0.0445	0.7962	0.6954	0.2585	0.8007	0.1140
T111b	L114s	-0.0445	0.7962	0.6954	0.2585	0.8007	0.1140
T111b	L118b	-0.4477	0.9086	0.3847	0.4136	0.6341	0.0176
T111b	L118s	-0.4477	0.9086	0.3847	0.4136	0.6341	0.0176
T111b	M115b	-0.3501	1.0803	0.6891	0.2079	0.7779	0.1504
T111b	M115s	-0.3501	1.0803	0.6891	0.2079	0.7779	0.1504
T111b	M120b	-0.6083	0.5404	0.1765	0.4449	0.3890	0.2968
T111b	M120s	-0.6083	0.5404	0.1765	0.4449	0.3890	0.2968
T111b	P112b	0.9582	0.0611	0.9296	0.0328	0.9170	0.0770
T111b	P112s	0.9582	0.0611	0.9296	0.0328	0.9170	0.0770
T111b	P119b	-0.5186	0.7853	0.0350	0.2040	0.5861	0.1464
T111b	P119s	-0.5186	0.7853	0.0350	0.2040	0.5861	0.1464
T111b	Q116b	-0.3903	0.9954	0.6159	0.2397	0.6578	0.2045
T111b	Q116s	-0.3903	0.9954	0.6159	0.2397	0.6578	0.2045
T111s	A117b	-0.3563	1.0006	0.5650	0.2756	0.6511	0.1159
T111s	A117s	-0.3563	1.0006	0.5650	0.2756	0.6511	0.1159
T111s	L113b	0.8837	0.0670	0.7777	0.1196	0.8794	0.0701
T111s	L113s	0.8837	0.0670	0.7777	0.1196	0.8794	0.0701
T111s	L114b	-0.0445	0.7962	0.6954	0.2585	0.8007	0.1140
T111s	L114s	-0.0445	0.7962	0.6954	0.2585	0.8007	0.1140
T111s	L118b	-0.4477	0.9086	0.3847	0.4136	0.6341	0.0176
T111s	L118s	-0.4477	0.9086	0.3847	0.4136	0.6341	0.0176
T111s	M115b	-0.3501	1.0803	0.6891	0.2079	0.7779	0.1504
T111s	M115s	-0.3501	1.0803	0.6891	0.2079	0.7779	0.1504
T111s	M120b	-0.6083	0.5404	0.1765	0.4449	0.3890	0.2968
T111s	M120s	-0.6083	0.5404	0.1765	0.4449	0.3890	0.2968
T111s	P112b	0.9582	0.0611	0.9296	0.0328	0.9170	0.0770
T111s	P112s	0.9582	0.0611	0.9296	0.0328	0.9170	0.0770
T111s	P119b	-0.5186	0.7853	0.0350	0.2040	0.5861	0.1464
T111s	P119s	-0.5186	0.7853	0.0350	0.2040	0.5861	0.1464
T111s	Q116b	-0.3903	0.9954	0.6159	0.2397	0.6578	0.2045
T111s	Q116s	-0.3903	0.9954	0.6159	0.2397	0.6578	0.2045
V104b	A110b	0.5551	0.6792	0.6498	0.2250	0.4609	0.2687
V104b	A110s	0.5551	0.6792	0.6498	0.2250	0.4609	0.2687
V104b	A117b	-0.7530	0.2752	-0.0567	0.1734	0.3414	0.1665
V104b	A117s	-0.7530	0.2752	-0.0567	0.1734	0.3414	0.1665
V104b	K106b	0.8391	0.2746	0.9684	0.0233	0.7666	0.2099
V104b	K106s	0.8391	0.2746	0.9684	0.0233	0.7666	0.2099
V104b	L113b	0.4169	0.7513	-0.0116	0.1738	0.4105	0.3301
V104b	L113s	0.4169	0.7513	-0.0116	0.1738	0.4105	0.3301
V104b	L114b	-0.4597	0.0212	-0.1302	0.1915	0.4567	0.2853
V104b	L114s	-0.4597	0.0212	-0.1302	0.1915	0.4567	0.2853
V104b	L118b	-0.6860	0.4700	-0.1012	0.3760	0.3169	0.3887
V104b	L118s	-0.6860	0.4700	-0.1012	0.3760	0.3169	0.3887
V104b	M109b	0.5773	0.7130	0.6720	0.2420	0.5907	0.2901
V104b	M109s	0.5773	0.7130	0.6720	0.2420	0.5907	0.2901
V104b	M115b	-0.8111	0.2712	-0.1948	0.1704	0.3988	0.2674
V104b	M115s	-0.8111	0.2712	-0.1948	0.1704	0.3988	0.2674
V104b	M120b	-0.4423	0.8075	0.0032	0.5730	0.4839	0.3739
V104b	M120s	-0.4423	0.8075	0.0032	0.5730	0.4839	0.3739
V104b	P112b	0.5207	0.8088	0.2225	0.2792	0.3901	0.2793
V104b	P112s	0.5207	0.8088	0.2225	0.2792	0.3901	0.2793
V104b	P119b	-0.5428	0.7189	-0.1500	0.4204	0.3532	0.3573
V104b	P119s	-0.5428	0.7189	-0.1500	0.4204	0.3532	0.3573
V104b	Q116b	-0.7557	0.3619	-0.0844	0.1582	0.2646	0.1955
V104b	Q116s	-0.7557	0.3619	-0.0844	0.1582	0.2646	0.1955
V104b	R108b	0.6625	0.5572	0.7440	0.1117	0.5939	0.3086
V104b	R108s	0.6625	0.5572	0.7440	0.1117	0.5939	0.3086
V104b	S105b	0.9492	0.0819	0.9676	0.0123	0.8559	0.1788
V104b	S105s	0.9492	0.0819	0.9676	0.0123	0.8559	0.1788
V104b	T111b	0.4984	0.8611	0.4800	0.2183	0.5081	0.2500
V104b	T111s	0.4984	0.8611	0.4800	0.2183	0.5081	0.2500
V104b	W107b	0.7867	0.3600	0.9135	0.0360	0.7051	0.3319
V104b	W107s	0.7867	0.3600	0.9135	0.0360	0.7051	0.3319
V104s	A110b	0.5551	0.6792	0.6498	0.2250	0.4609	0.2687
V104s	A110s	0.5551	0.6792	0.6498	0.2250	0.4609	0.2687
V104s	A117b	-0.7530	0.2752	-0.0567	0.1734	0.3414	0.1665
V104s	A117s	-0.7530	0.2752	-0.0567	0.1734	0.3414	0.1665
V104s	K106b	0.8391	0.2746	0.9684	0.0233	0.7666	0.2099
V104s	K106s	0.8391	0.2746	0.9684	0.0233	0.7666	0.2099
V104s	L113b	0.4169	0.7513	-0.0116	0.1738	0.4105	0.3301
V104s	L113s	0.4169	0.7513	-0.0116	0.1738	0.4105	0.3301
V104s	L114b	-0.4597	0.0212	-0.1302	0.1915	0.4567	0.2853
V104s	L114s	-0.4597	0.0212	-0.1302	0.1915	0.4567	0.2853
V104s	L118b	-0.6860	0.4700	-0.1012	0.3760	0.3169	0.3887
V104s	L118s	-0.6860	0.4700	-0.1012	0.3760	0.3169	0.3887
V104s	M109b	0.5773	0.7130	0.6720	0.2420	0.5907	0.2901
V104s	M109s	0.5773	0.7130	0.6720	0.2420	0.5907	0.2901
V104s	M115b	-0.8111	0.2712	-0.1948	0.1704	0.3988	0.2674
V104s	M115s	-0.8111	0.2712	-0.1948	0.1704	0.3988	0.2674
V104s	M120b	-0.4423	0.8075	0.0032	0.5730	0.4839	0.3739
V104s	M120s	-0.4423	0.8075	0.0032	0.5730	0.4839	0.3739
V104s	P112b	0.5207	0.8088	0.2225	0.2792	0.3901	0.2793
V104s	P112s	0.5207	0.8088	0.2225	0.2792	0.3901	0.2793
V104s	P119b	-0.5428	0.7189	-0.1500	0.4204	0.3532	0.3573
V104s	P119s	-0.5428	0.7189	-0.1500	0.4204	0.3532	0.3573
V104s	Q116b	-0.7557	0.3619	-0.0844	0.1582	0.2646	0.1955
V104s	Q116s	-0.7557	0.3619	-0.0844	0.1582	0.2646	0.1955
V104s	R108b	0.6625	0.5572	0.7440	0.1117	0.5939	0.3086
V104s	R108s	0.6625	0.5572	0.7440	0.1117	0.5939	0.3086
V104s	S105b	0.9492	0.0819	0.9676	0.0123	0.8559	0.1788
V104s	S105s	0.9492	0.0819	0.9676	0.0123	0.8559	0.1788
V104s	T111b	0.4984	0.8611	0.4800	0.2183	0.5081	0.2500
V104s	T111s	0.4984	0.8611	0.4800	0.2183	0.5081	0.2500
V104s	W107b	0.7867	0.3600	0.9135	0.0360	0.7051	0.3319
V104s	W107s	0.7867	0.3600	0.9135	0.0360	0.7051	0.3319
W107b	A110b	0.8967	0.1275	0.7497	0.1332	0.8619	0.1180
W107b	A110s	0.8967	0.1275	0.7497	0.1332	0.8619	0.1180
W107b	A117b	-0.5242	0.7175	-0.1219	0.3244	0.5821	0.0666
W107b	A117s	-0.5242	0.7175	-0.1219	0.3244	0.5821	0.0666
W107b	L113b	0.7177	0.3055	0.0516	0.1937	0.7218	0.0946
W107b	L113s	0.7177	0.3055	0.0516	0.1937	0.7218	0.0946
W107b	L114b	-0.2356	0.4792	-0.0913	0.2808	0.7252	0.0182
W107b	L114s	-0.2356	0.4792	-0.0913	0.2808	0.7252	0.0182
W107b	L118b	-0.4819	0.8581	-0.1575	0.5276	0.5915	0.1623
W107b	L118s	-0.4819	0.8581	-0.1575	0.5276	0.5915	0.1623
W107b	M109b	0.9110	0.1518	0.8049	0.1874	0.9459	0.0409
W107b	M109s	0.9110	0.1518	0.8049	0.1874	0.9459	0.0409
W107b	M115b	-0.5450	0.7527	-0.1144	0.2256	0.6807	0.0861
W107b	M115s	-0.5450	0.7527	-0.1144	0.2256	0.6807	0.0861
W107b	M120b	-0.4396	0.8482	0.0493	0.5582	0.4581	0.3390
W107b	M120s	-0.4396	0.8482	0.0493	0.5582	0.4581	0.3390
W107b	P112b	0.7935	0.3436	0.2889	0.2205	0.7194	0.0795
W107b	P112s	0.7935	0.3436	0.2889	0.2205	0.7194	0.0795
W107b	P119b	-0.4367	0.9371	-0.1590	0.4698	0.5720	0.1182
W107b	P119s	-0.4367	0.9371	-0.1590	0.4698	0.5720	0.1182
W107b	Q116b	-0.5639	0.7039	-0.1232	0.2920	0.5575	0.1481
W107b	Q116s	-0.5639	0.7039	-0.1232	0.2920	0.5575	0.1481
W107b	R108b	0.9681	0.0487	0.8989	0.0669	0.9642	0.0260
W107b	R108s	0.9681	0.0487	0.8989	0.0669	0.9642	0.0260
W107b	T111b	0.8517	0.2545	0.5674	0.1362	0.8598	0.0318
W107b	T111s	0.8517	0.2545	0.5674	0.1362	0.8598	0.0318
W107s	A110b	0.8967	0.1275	0.7497	0.1332	0.8619	0.1180
W107s	A110s	0.8967	0.1275	0.7497	0.1332	0.8619	0.1180
W107s	A117b	-0.5242	0.7175	-0.1219	0.3244	0.5821	0.0666
W107s	A117s	-0.5242	0.7175	-0.1219	0.3244	0.5821	0.0666
W107s	L113b	0.7177	0.3055	0.0516	0.1937	0.7218	0.0946
W107s	L113s	0.7177	0.3055	0.0516	0.1937	0.7218	0.0946
W107s	L114b	-0.2356	0.4792	-0.0913	0.2808	0.7252	0.0182
W107s	L114s	-0.2356	0.4792	-0.0913	0.2808	0.7252	0.0182
W107s	L118b	-0.4819	0.8581	-0.1575	0.5276	0.5915	0.1623
W107s	L118s	-0.4819	0.8581	-0.1575	0.5276	0.5915	0.1623
W107s	M109b	0.9110	0.1518	0.8049	0.1874	0.9459	0.0409
W107s	M109s	0.9110	0.1518	0.8049	0.1874	0.9459	0.0409
W107s	M115b	-0.5450	0.7527	-0.1144	0.2256	0.6807	0.0861
W107s	M115s	-0.5450	0.7527	-0.1144	0.2256	0.6807	0.0861
W107s	M120b	-0.4396	0.8482	0.0493	0.5582	0.4581	0.3390
W107s	M120s	-0.4396	0.8482	0.0493	0.5582	0.4581	0.3390
W107s	P112b	0.7935	0.3436	0.2889	0.2205	0.7194	0.0795
W107s	P112s	0.7935	0.3436	0.2889	0.2205	0.7194	0.0795
W107s	P119b	-0.4367	0.9371	-0.1590	0.4698	0.5720	0.1182
W107s	P119s	-0.4367	0.9371	-0.1590	0.4698	0.5720	0.1182
W107s	Q116b	-0.5639	0.7039	-0.1232	0.2920	0.5575	0.1481
W107s	Q116s	-0.5639	0.7039	-0.1232	0.2920	0.5575	0.1481
W107s	R108b	0.9681	0.0487	0.8989	0.0669	0.9642	0.0260
W107s	R108s	0.9681	0.0487	0.8989	0.0669	0.9642	0.0260
W107s	T111b	0.8517	0.2545	0.5674	0.1362	0.8598	0.0318
W107s	T111s	0.8517	0.2545	0.5674	0.1362	0.8598	0.0318
