rgn1	rgn2	WT.pcca2	WT.pcca2	bN82A.pcca2	bN82A.pcca2	aT41A.pcca1	aT41A.pcca1
		mf	sf	mf	sf	mf	sf
A110b	A110b	2.0000	0.0000	2.0000	0.0000	2.0000	0.0000
A110b	A110s	2.0000	0.0000	2.0000	0.0000	2.0000	0.0000
A110b	P112b	0.0000	0.0000	0.2222	0.1925	0.1111	0.1925
A110b	P112s	0.0000	0.0000	0.2222	0.1925	0.1111	0.1925
A110b	T111b	3.0000	0.0000	3.0000	0.0000	3.0000	0.0000
A110b	T111s	3.0000	0.0000	3.0000	0.0000	3.0000	0.0000
A110s	A110b	2.0000	0.0000	2.0000	0.0000	2.0000	0.0000
A110s	A110s	2.0000	0.0000	2.0000	0.0000	2.0000	0.0000
A110s	P112b	0.0000	0.0000	0.2222	0.1925	0.1111	0.1925
A110s	P112s	0.0000	0.0000	0.2222	0.1925	0.1111	0.1925
A110s	T111b	3.0000	0.0000	3.0000	0.0000	3.0000	0.0000
A110s	T111s	3.0000	0.0000	3.0000	0.0000	3.0000	0.0000
A117b	A117b	2.0000	0.0000	2.0000	0.0000	2.0000	0.0000
A117b	A117s	2.0000	0.0000	2.0000	0.0000	2.0000	0.0000
A117b	L118b	3.0000	0.0000	3.0000	0.0000	3.0000	0.0000
A117b	L118s	3.0000	0.0000	3.0000	0.0000	3.0000	0.0000
A117b	P119b	0.6667	0.3333	0.4444	0.1925	0.6667	0.8819
A117b	P119s	0.6667	0.3333	0.4444	0.1925	0.6667	0.8819
A117s	A117b	2.0000	0.0000	2.0000	0.0000	2.0000	0.0000
A117s	A117s	2.0000	0.0000	2.0000	0.0000	2.0000	0.0000
A117s	L118b	3.0000	0.0000	3.0000	0.0000	3.0000	0.0000
A117s	L118s	3.0000	0.0000	3.0000	0.0000	3.0000	0.0000
A117s	P119b	0.6667	0.3333	0.4444	0.1925	0.6667	0.8819
A117s	P119s	0.6667	0.3333	0.4444	0.1925	0.6667	0.8819
K102b	K102b	3.0000	0.0000	3.0000	0.0000	3.0000	0.0000
K102b	K102s	3.0000	0.0000	3.0000	0.0000	3.0000	0.0000
K102b	K106b	0.0000	0.0000	0.0000	0.0000	0.1111	0.1925
K102b	K106s	0.0000	0.0000	0.0000	0.0000	0.1111	0.1925
K102b	P103b	3.8889	0.1925	3.7778	0.1925	3.8889	0.1925
K102b	P103s	3.8889	0.1925	3.7778	0.1925	3.8889	0.1925
K102b	S105b	0.1111	0.1925	0.3333	0.3333	0.2222	0.3849
K102b	S105s	0.1111	0.1925	0.3333	0.3333	0.2222	0.3849
K102b	V104b	1.0000	0.3333	0.8889	0.1925	0.6667	0.3333
K102b	V104s	1.0000	0.3333	0.8889	0.1925	0.6667	0.3333
K102s	K102b	3.0000	0.0000	3.0000	0.0000	3.0000	0.0000
K102s	K102s	3.0000	0.0000	3.0000	0.0000	3.0000	0.0000
K102s	K106b	0.0000	0.0000	0.0000	0.0000	0.1111	0.1925
K102s	K106s	0.0000	0.0000	0.0000	0.0000	0.1111	0.1925
K102s	P103b	3.8889	0.1925	3.7778	0.1925	3.8889	0.1925
K102s	P103s	3.8889	0.1925	3.7778	0.1925	3.8889	0.1925
K102s	S105b	0.1111	0.1925	0.3333	0.3333	0.2222	0.3849
K102s	S105s	0.1111	0.1925	0.3333	0.3333	0.2222	0.3849
K102s	V104b	1.0000	0.3333	0.8889	0.1925	0.6667	0.3333
K102s	V104s	1.0000	0.3333	0.8889	0.1925	0.6667	0.3333
K106b	K106b	3.0000	0.0000	3.0000	0.0000	3.0000	0.0000
K106b	K106s	3.0000	0.0000	3.0000	0.0000	3.0000	0.0000
K106b	R108b	0.2222	0.3849	0.2222	0.3849	0.6667	0.8819
K106b	R108s	0.2222	0.3849	0.2222	0.3849	0.6667	0.8819
K106b	W107b	3.0000	0.0000	3.0000	0.0000	3.0000	0.0000
K106b	W107s	3.0000	0.0000	3.0000	0.0000	3.0000	0.0000
K106s	K106b	3.0000	0.0000	3.0000	0.0000	3.0000	0.0000
K106s	K106s	3.0000	0.0000	3.0000	0.0000	3.0000	0.0000
K106s	R108b	0.2222	0.3849	0.2222	0.3849	0.6667	0.8819
K106s	R108s	0.2222	0.3849	0.2222	0.3849	0.6667	0.8819
K106s	W107b	3.0000	0.0000	3.0000	0.0000	3.0000	0.0000
K106s	W107s	3.0000	0.0000	3.0000	0.0000	3.0000	0.0000
L113b	A117b	0.0000	0.0000	0.0000	0.0000	0.1111	0.1925
L113b	A117s	0.0000	0.0000	0.0000	0.0000	0.1111	0.1925
L113b	L113b	3.0000	0.0000	3.0000	0.0000	3.0000	0.0000
L113b	L113s	3.0000	0.0000	3.0000	0.0000	3.0000	0.0000
L113b	L114b	3.0000	0.0000	3.0000	0.0000	3.0000	0.0000
L113b	L114s	3.0000	0.0000	3.0000	0.0000	3.0000	0.0000
L113b	L118b	0.0000	0.0000	0.0000	0.0000	0.1111	0.1925
L113b	L118s	0.0000	0.0000	0.0000	0.0000	0.1111	0.1925
L113b	M115b	0.1111	0.1925	0.0000	0.0000	0.2222	0.3849
L113b	M115s	0.1111	0.1925	0.0000	0.0000	0.2222	0.3849
L113b	M120b	0.0000	0.0000	0.0000	0.0000	0.1111	0.1925
L113b	M120s	0.0000	0.0000	0.0000	0.0000	0.1111	0.1925
L113b	P119b	0.0000	0.0000	0.0000	0.0000	1.1111	0.6939
L113b	P119s	0.0000	0.0000	0.0000	0.0000	1.1111	0.6939
L113s	A117b	0.0000	0.0000	0.0000	0.0000	0.1111	0.1925
L113s	A117s	0.0000	0.0000	0.0000	0.0000	0.1111	0.1925
L113s	L113b	3.0000	0.0000	3.0000	0.0000	3.0000	0.0000
L113s	L113s	3.0000	0.0000	3.0000	0.0000	3.0000	0.0000
L113s	L114b	3.0000	0.0000	3.0000	0.0000	3.0000	0.0000
L113s	L114s	3.0000	0.0000	3.0000	0.0000	3.0000	0.0000
L113s	L118b	0.0000	0.0000	0.0000	0.0000	0.1111	0.1925
L113s	L118s	0.0000	0.0000	0.0000	0.0000	0.1111	0.1925
L113s	M115b	0.1111	0.1925	0.0000	0.0000	0.2222	0.3849
L113s	M115s	0.1111	0.1925	0.0000	0.0000	0.2222	0.3849
L113s	M120b	0.0000	0.0000	0.0000	0.0000	0.1111	0.1925
L113s	M120s	0.0000	0.0000	0.0000	0.0000	0.1111	0.1925
L113s	P119b	0.0000	0.0000	0.0000	0.0000	1.1111	0.6939
L113s	P119s	0.0000	0.0000	0.0000	0.0000	1.1111	0.6939
L114b	A117b	0.2222	0.3849	0.2222	0.3849	1.6667	0.0000
L114b	A117s	0.2222	0.3849	0.2222	0.3849	1.6667	0.0000
L114b	L114b	3.0000	0.0000	3.0000	0.0000	3.0000	0.0000
L114b	L114s	3.0000	0.0000	3.0000	0.0000	3.0000	0.0000
L114b	L118b	0.0000	0.0000	0.0000	0.0000	0.1111	0.1925
L114b	L118s	0.0000	0.0000	0.0000	0.0000	0.1111	0.1925
L114b	M115b	3.0000	0.0000	3.0000	0.0000	3.0000	0.0000
L114b	M115s	3.0000	0.0000	3.0000	0.0000	3.0000	0.0000
L114b	P119b	0.0000	0.0000	0.0000	0.0000	0.5556	0.9623
L114b	P119s	0.0000	0.0000	0.0000	0.0000	0.5556	0.9623
L114b	Q116b	0.1111	0.1925	0.2222	0.3849	0.6667	0.3333
L114b	Q116s	0.1111	0.1925	0.2222	0.3849	0.6667	0.3333
L114s	A117b	0.2222	0.3849	0.2222	0.3849	1.6667	0.0000
L114s	A117s	0.2222	0.3849	0.2222	0.3849	1.6667	0.0000
L114s	L114b	3.0000	0.0000	3.0000	0.0000	3.0000	0.0000
L114s	L114s	3.0000	0.0000	3.0000	0.0000	3.0000	0.0000
L114s	L118b	0.0000	0.0000	0.0000	0.0000	0.1111	0.1925
L114s	L118s	0.0000	0.0000	0.0000	0.0000	0.1111	0.1925
L114s	M115b	3.0000	0.0000	3.0000	0.0000	3.0000	0.0000
L114s	M115s	3.0000	0.0000	3.0000	0.0000	3.0000	0.0000
L114s	P119b	0.0000	0.0000	0.0000	0.0000	0.5556	0.9623
L114s	P119s	0.0000	0.0000	0.0000	0.0000	0.5556	0.9623
L114s	Q116b	0.1111	0.1925	0.2222	0.3849	0.6667	0.3333
L114s	Q116s	0.1111	0.1925	0.2222	0.3849	0.6667	0.3333
L118b	L118b	3.0000	0.0000	3.0000	0.0000	3.0000	0.0000
L118b	L118s	3.0000	0.0000	3.0000	0.0000	3.0000	0.0000
L118b	M120b	1.1111	0.5092	1.1111	0.1925	0.7778	0.1925
L118b	M120s	1.1111	0.5092	1.1111	0.1925	0.7778	0.1925
L118b	P119b	3.5556	0.1925	3.5556	0.1925	3.8889	0.1925
L118b	P119s	3.5556	0.1925	3.5556	0.1925	3.8889	0.1925
L118s	L118b	3.0000	0.0000	3.0000	0.0000	3.0000	0.0000
L118s	L118s	3.0000	0.0000	3.0000	0.0000	3.0000	0.0000
L118s	M120b	1.1111	0.5092	1.1111	0.1925	0.7778	0.1925
L118s	M120s	1.1111	0.5092	1.1111	0.1925	0.7778	0.1925
L118s	P119b	3.5556	0.1925	3.5556	0.1925	3.8889	0.1925
L118s	P119s	3.5556	0.1925	3.5556	0.1925	3.8889	0.1925
M109b	A110b	3.0000	0.0000	3.0000	0.0000	3.0000	0.0000
M109b	A110s	3.0000	0.0000	3.0000	0.0000	3.0000	0.0000
M109b	M109b	3.0000	0.0000	3.0000	0.0000	3.0000	0.0000
M109b	M109s	3.0000	0.0000	3.0000	0.0000	3.0000	0.0000
M109b	T111b	0.3333	0.3333	0.2222	0.1925	0.3333	0.0000
M109b	T111s	0.3333	0.3333	0.2222	0.1925	0.3333	0.0000
M109s	A110b	3.0000	0.0000	3.0000	0.0000	3.0000	0.0000
M109s	A110s	3.0000	0.0000	3.0000	0.0000	3.0000	0.0000
M109s	M109b	3.0000	0.0000	3.0000	0.0000	3.0000	0.0000
M109s	M109s	3.0000	0.0000	3.0000	0.0000	3.0000	0.0000
M109s	T111b	0.3333	0.3333	0.2222	0.1925	0.3333	0.0000
M109s	T111s	0.3333	0.3333	0.2222	0.1925	0.3333	0.0000
M115b	A117b	0.4444	0.5092	0.6667	0.3333	1.1111	0.1925
M115b	A117s	0.4444	0.5092	0.6667	0.3333	1.1111	0.1925
M115b	M115b	3.0000	0.0000	3.0000	0.0000	3.0000	0.0000
M115b	M115s	3.0000	0.0000	3.0000	0.0000	3.0000	0.0000
M115b	Q116b	3.0000	0.0000	3.0000	0.0000	3.0000	0.0000
M115b	Q116s	3.0000	0.0000	3.0000	0.0000	3.0000	0.0000
M115s	A117b	0.4444	0.5092	0.6667	0.3333	1.1111	0.1925
M115s	A117s	0.4444	0.5092	0.6667	0.3333	1.1111	0.1925
M115s	M115b	3.0000	0.0000	3.0000	0.0000	3.0000	0.0000
M115s	M115s	3.0000	0.0000	3.0000	0.0000	3.0000	0.0000
M115s	Q116b	3.0000	0.0000	3.0000	0.0000	3.0000	0.0000
M115s	Q116s	3.0000	0.0000	3.0000	0.0000	3.0000	0.0000
M120b	M120b	3.0000	0.0000	3.0000	0.0000	3.0000	0.0000
M120b	M120s	3.0000	0.0000	3.0000	0.0000	3.0000	0.0000
M120s	M120b	3.0000	0.0000	3.0000	0.0000	3.0000	0.0000
M120s	M120s	3.0000	0.0000	3.0000	0.0000	3.0000	0.0000
MHCII	A110b	10.8889	1.0184	9.3333	0.6667	11.5556	1.6777
MHCII	A110s	10.8889	1.0184	9.3333	0.6667	11.5556	1.6777
MHCII	A117b	0.6667	0.6667	1.1111	0.3849	2.0000	1.3333
MHCII	A117s	0.6667	0.6667	1.1111	0.3849	2.0000	1.3333
MHCII	K102b	3.1111	1.9245	1.1111	0.3849	2.4444	0.7698
MHCII	K102s	3.1111	1.9245	1.1111	0.3849	2.4444	0.7698
MHCII	K106b	4.4444	1.3878	2.8889	1.0184	6.2222	0.7698
MHCII	K106s	4.4444	1.3878	2.8889	1.0184	6.2222	0.7698
MHCII	L113b	10.4444	1.3878	12.0000	0.6667	7.5556	2.5240
MHCII	L113s	10.4444	1.3878	12.0000	0.6667	7.5556	2.5240
MHCII	L114b	10.0000	4.1633	9.5556	1.0184	7.1111	1.5396
MHCII	L114s	10.0000	4.1633	9.5556	1.0184	7.1111	1.5396
MHCII	L118b	0.6667	0.6667	0.6667	1.1547	4.8889	0.7698
MHCII	L118s	0.6667	0.6667	0.6667	1.1547	4.8889	0.7698
MHCII	M109b	10.2222	3.1505	13.3333	0.6667	11.7778	2.1430
MHCII	M109s	10.2222	3.1505	13.3333	0.6667	11.7778	2.1430
MHCII	M115b	18.2222	2.6943	18.6667	3.4641	17.1111	2.0367
MHCII	M115s	18.2222	2.6943	18.6667	3.4641	17.1111	2.0367
MHCII	M120b	2.6667	1.7638	0.8889	1.0184	2.0000	2.0000
MHCII	M120s	2.6667	1.7638	0.8889	1.0184	2.0000	2.0000
MHCII	MHCII	13248.8889	51.7487	13188.0000	56.7098	13142.6667	71.2679
MHCII	P103b	9.3333	1.3333	6.0000	2.0000	6.8889	3.2886
MHCII	P103s	9.3333	1.3333	6.0000	2.0000	6.8889	3.2886
MHCII	P112b	8.4444	0.3849	8.0000	0.6667	7.7778	1.0184
MHCII	P112s	8.4444	0.3849	8.0000	0.6667	7.7778	1.0184
MHCII	P119b	1.5556	1.3878	1.3333	1.7638	4.2222	4.0185
MHCII	P119s	1.5556	1.3878	1.3333	1.7638	4.2222	4.0185
MHCII	Q116b	8.4444	3.6717	12.4444	1.0184	10.6667	4.3716
MHCII	Q116s	8.4444	3.6717	12.4444	1.0184	10.6667	4.3716
MHCII	R108b	10.4444	0.3849	9.1111	1.5396	11.1111	1.0184
MHCII	R108s	10.4444	0.3849	9.1111	1.5396	11.1111	1.0184
MHCII	S105b	11.1111	0.7698	9.7778	3.7908	12.2222	2.0367
MHCII	S105s	11.1111	0.7698	9.7778	3.7908	12.2222	2.0367
MHCII	T111b	7.7778	0.3849	6.0000	1.7638	6.0000	1.1547
MHCII	T111s	7.7778	0.3849	6.0000	1.7638	6.0000	1.1547
MHCII	V104b	4.2222	1.0184	3.5556	0.7698	3.1111	1.3878
MHCII	V104s	4.2222	1.0184	3.5556	0.7698	3.1111	1.3878
MHCII	W107b	19.5556	3.1505	14.6667	1.1547	18.2222	2.5240
MHCII	W107s	19.5556	3.1505	14.6667	1.1547	18.2222	2.5240
P103b	K106b	0.1111	0.1925	0.0000	0.0000	0.2222	0.3849
P103b	K106s	0.1111	0.1925	0.0000	0.0000	0.2222	0.3849
P103b	P103b	3.0000	0.0000	3.0000	0.0000	3.0000	0.0000
P103b	P103s	3.0000	0.0000	3.0000	0.0000	3.0000	0.0000
P103b	S105b	0.5556	0.1925	0.6667	0.0000	0.3333	0.3333
P103b	S105s	0.5556	0.1925	0.6667	0.0000	0.3333	0.3333
P103b	V104b	3.0000	0.0000	3.0000	0.0000	3.0000	0.0000
P103b	V104s	3.0000	0.0000	3.0000	0.0000	3.0000	0.0000
P103s	K106b	0.1111	0.1925	0.0000	0.0000	0.2222	0.3849
P103s	K106s	0.1111	0.1925	0.0000	0.0000	0.2222	0.3849
P103s	P103b	3.0000	0.0000	3.0000	0.0000	3.0000	0.0000
P103s	P103s	3.0000	0.0000	3.0000	0.0000	3.0000	0.0000
P103s	S105b	0.5556	0.1925	0.6667	0.0000	0.3333	0.3333
P103s	S105s	0.5556	0.1925	0.6667	0.0000	0.3333	0.3333
P103s	V104b	3.0000	0.0000	3.0000	0.0000	3.0000	0.0000
P103s	V104s	3.0000	0.0000	3.0000	0.0000	3.0000	0.0000
P112b	L113b	3.0000	0.0000	3.0000	0.0000	3.0000	0.0000
P112b	L113s	3.0000	0.0000	3.0000	0.0000	3.0000	0.0000
P112b	P112b	3.0000	0.0000	3.0000	0.0000	3.0000	0.0000
P112b	P112s	3.0000	0.0000	3.0000	0.0000	3.0000	0.0000
P112b	P119b	0.0000	0.0000	0.0000	0.0000	0.1111	0.1925
P112b	P119s	0.0000	0.0000	0.0000	0.0000	0.1111	0.1925
P112s	L113b	3.0000	0.0000	3.0000	0.0000	3.0000	0.0000
P112s	L113s	3.0000	0.0000	3.0000	0.0000	3.0000	0.0000
P112s	P112b	3.0000	0.0000	3.0000	0.0000	3.0000	0.0000
P112s	P112s	3.0000	0.0000	3.0000	0.0000	3.0000	0.0000
P112s	P119b	0.0000	0.0000	0.0000	0.0000	0.1111	0.1925
P112s	P119s	0.0000	0.0000	0.0000	0.0000	0.1111	0.1925
P119b	M120b	3.1111	0.1925	3.0000	0.0000	3.2222	0.3849
P119b	M120s	3.1111	0.1925	3.0000	0.0000	3.2222	0.3849
P119b	P119b	3.0000	0.0000	3.0000	0.0000	3.0000	0.0000
P119b	P119s	3.0000	0.0000	3.0000	0.0000	3.0000	0.0000
P119s	M120b	3.1111	0.1925	3.0000	0.0000	3.2222	0.3849
P119s	M120s	3.1111	0.1925	3.0000	0.0000	3.2222	0.3849
P119s	P119b	3.0000	0.0000	3.0000	0.0000	3.0000	0.0000
P119s	P119s	3.0000	0.0000	3.0000	0.0000	3.0000	0.0000
Q116b	A117b	3.0000	0.0000	3.0000	0.0000	2.8889	0.1925
Q116b	A117s	3.0000	0.0000	3.0000	0.0000	2.8889	0.1925
Q116b	L118b	1.6667	0.3333	1.3333	1.0000	0.0000	0.0000
Q116b	L118s	1.6667	0.3333	1.3333	1.0000	0.0000	0.0000
Q116b	M120b	0.1111	0.1925	0.5556	0.5092	0.0000	0.0000
Q116b	M120s	0.1111	0.1925	0.5556	0.5092	0.0000	0.0000
Q116b	P119b	0.0000	0.0000	0.2222	0.1925	0.0000	0.0000
Q116b	P119s	0.0000	0.0000	0.2222	0.1925	0.0000	0.0000
Q116b	Q116b	3.0000	0.0000	3.0000	0.0000	3.0000	0.0000
Q116b	Q116s	3.0000	0.0000	3.0000	0.0000	3.0000	0.0000
Q116s	A117b	3.0000	0.0000	3.0000	0.0000	2.8889	0.1925
Q116s	A117s	3.0000	0.0000	3.0000	0.0000	2.8889	0.1925
Q116s	L118b	1.6667	0.3333	1.3333	1.0000	0.0000	0.0000
Q116s	L118s	1.6667	0.3333	1.3333	1.0000	0.0000	0.0000
Q116s	M120b	0.1111	0.1925	0.5556	0.5092	0.0000	0.0000
Q116s	M120s	0.1111	0.1925	0.5556	0.5092	0.0000	0.0000
Q116s	P119b	0.0000	0.0000	0.2222	0.1925	0.0000	0.0000
Q116s	P119s	0.0000	0.0000	0.2222	0.1925	0.0000	0.0000
Q116s	Q116b	3.0000	0.0000	3.0000	0.0000	3.0000	0.0000
Q116s	Q116s	3.0000	0.0000	3.0000	0.0000	3.0000	0.0000
R108b	M109b	3.0000	0.0000	3.0000	0.0000	3.0000	0.0000
R108b	M109s	3.0000	0.0000	3.0000	0.0000	3.0000	0.0000
R108b	R108b	3.0000	0.0000	3.0000	0.0000	3.0000	0.0000
R108b	R108s	3.0000	0.0000	3.0000	0.0000	3.0000	0.0000
R108s	M109b	3.0000	0.0000	3.0000	0.0000	3.0000	0.0000
R108s	M109s	3.0000	0.0000	3.0000	0.0000	3.0000	0.0000
R108s	R108b	3.0000	0.0000	3.0000	0.0000	3.0000	0.0000
R108s	R108s	3.0000	0.0000	3.0000	0.0000	3.0000	0.0000
S105b	K106b	3.0000	0.0000	3.0000	0.0000	3.0000	0.0000
S105b	K106s	3.0000	0.0000	3.0000	0.0000	3.0000	0.0000
S105b	S105b	2.0000	0.0000	2.0000	0.0000	2.0000	0.0000
S105b	S105s	2.0000	0.0000	2.0000	0.0000	2.0000	0.0000
S105b	W107b	0.5556	0.1925	0.2222	0.1925	0.1111	0.1925
S105b	W107s	0.5556	0.1925	0.2222	0.1925	0.1111	0.1925
S105s	K106b	3.0000	0.0000	3.0000	0.0000	3.0000	0.0000
S105s	K106s	3.0000	0.0000	3.0000	0.0000	3.0000	0.0000
S105s	S105b	2.0000	0.0000	2.0000	0.0000	2.0000	0.0000
S105s	S105s	2.0000	0.0000	2.0000	0.0000	2.0000	0.0000
S105s	W107b	0.5556	0.1925	0.2222	0.1925	0.1111	0.1925
S105s	W107s	0.5556	0.1925	0.2222	0.1925	0.1111	0.1925
T111b	L113b	0.0000	0.0000	0.0000	0.0000	0.2222	0.3849
T111b	L113s	0.0000	0.0000	0.0000	0.0000	0.2222	0.3849
T111b	M120b	0.0000	0.0000	0.0000	0.0000	0.1111	0.1925
T111b	M120s	0.0000	0.0000	0.0000	0.0000	0.1111	0.1925
T111b	P112b	4.0000	0.0000	3.6667	0.3333	3.6667	0.3333
T111b	P112s	4.0000	0.0000	3.6667	0.3333	3.6667	0.3333
T111b	T111b	3.0000	0.0000	3.0000	0.0000	3.0000	0.0000
T111b	T111s	3.0000	0.0000	3.0000	0.0000	3.0000	0.0000
T111s	L113b	0.0000	0.0000	0.0000	0.0000	0.2222	0.3849
T111s	L113s	0.0000	0.0000	0.0000	0.0000	0.2222	0.3849
T111s	M120b	0.0000	0.0000	0.0000	0.0000	0.1111	0.1925
T111s	M120s	0.0000	0.0000	0.0000	0.0000	0.1111	0.1925
T111s	P112b	4.0000	0.0000	3.6667	0.3333	3.6667	0.3333
T111s	P112s	4.0000	0.0000	3.6667	0.3333	3.6667	0.3333
T111s	T111b	3.0000	0.0000	3.0000	0.0000	3.0000	0.0000
T111s	T111s	3.0000	0.0000	3.0000	0.0000	3.0000	0.0000
V104b	K106b	0.3333	0.3333	0.2222	0.1925	0.1111	0.1925
V104b	K106s	0.3333	0.3333	0.2222	0.1925	0.1111	0.1925
V104b	S105b	3.0000	0.0000	3.0000	0.0000	3.0000	0.0000
V104b	S105s	3.0000	0.0000	3.0000	0.0000	3.0000	0.0000
V104b	V104b	3.0000	0.0000	3.0000	0.0000	3.0000	0.0000
V104b	V104s	3.0000	0.0000	3.0000	0.0000	3.0000	0.0000
V104s	K106b	0.3333	0.3333	0.2222	0.1925	0.1111	0.1925
V104s	K106s	0.3333	0.3333	0.2222	0.1925	0.1111	0.1925
V104s	S105b	3.0000	0.0000	3.0000	0.0000	3.0000	0.0000
V104s	S105s	3.0000	0.0000	3.0000	0.0000	3.0000	0.0000
V104s	V104b	3.0000	0.0000	3.0000	0.0000	3.0000	0.0000
V104s	V104s	3.0000	0.0000	3.0000	0.0000	3.0000	0.0000
W107b	R108b	3.0000	0.0000	3.0000	0.0000	3.0000	0.0000
W107b	R108s	3.0000	0.0000	3.0000	0.0000	3.0000	0.0000
W107b	W107b	3.0000	0.0000	3.0000	0.0000	3.0000	0.0000
W107b	W107s	3.0000	0.0000	3.0000	0.0000	3.0000	0.0000
W107s	R108b	3.0000	0.0000	3.0000	0.0000	3.0000	0.0000
W107s	R108s	3.0000	0.0000	3.0000	0.0000	3.0000	0.0000
W107s	W107b	3.0000	0.0000	3.0000	0.0000	3.0000	0.0000
W107s	W107s	3.0000	0.0000	3.0000	0.0000	3.0000	0.0000
