rgn1	rgn2	aT41A.pcca1	aT41A.pcca1	WT.pcca2	WT.pcca2	lsdm	sdiff	score	pval
		mf	sf	mf	sf				
L114b	A117b	1.6667	0.0000	0.2222	0.3849	1	0.6746	3.7528	0.0002
L114b	A117s	1.6667	0.0000	0.2222	0.3849	1	0.6746	3.7528	0.0002
L114s	A117b	1.6667	0.0000	0.2222	0.3849	1	0.6746	3.7528	0.0002
L114s	A117s	1.6667	0.0000	0.2222	0.3849	1	0.6746	3.7528	0.0002
MHCII	L118b	4.8889	0.7698	0.6667	0.6667	1	2.1855	4.1461	0.0000
MHCII	L118s	4.8889	0.7698	0.6667	0.6667	1	2.1855	4.1461	0.0000
Q116b	L118b	0.0000	0.0000	1.6667	0.3333	1	-1.0000	-5.0000	0.0000
Q116b	L118s	0.0000	0.0000	1.6667	0.3333	1	-1.0000	-5.0000	0.0000
Q116s	L118b	0.0000	0.0000	1.6667	0.3333	1	-1.0000	-5.0000	0.0000
Q116s	L118s	0.0000	0.0000	1.6667	0.3333	1	-1.0000	-5.0000	0.0000
