rgn1	rgn2	aT41A.pcca1	aT41A.pcca1	bN82A.pcca2	bN82A.pcca2	lsdm	sdiff	score	pval
		mf	sf	mf	sf				
L114b	A117b	1.6667	0.0000	0.2222	0.3849	1	0.6746	3.7528	0.0002
L114b	A117s	1.6667	0.0000	0.2222	0.3849	1	0.6746	3.7528	0.0002
L114s	A117b	1.6667	0.0000	0.2222	0.3849	1	0.6746	3.7528	0.0002
L114s	A117s	1.6667	0.0000	0.2222	0.3849	1	0.6746	3.7528	0.0002
MHCII	K106b	6.2222	0.7698	2.8889	1.0184	1	0.7802	2.6112	0.0090
MHCII	K106s	6.2222	0.7698	2.8889	1.0184	1	0.7802	2.6112	0.0090
MHCII	L118b	4.8889	0.7698	0.6667	1.1547	1	1.4467	3.0424	0.0023
MHCII	L118s	4.8889	0.7698	0.6667	1.1547	1	1.4467	3.0424	0.0023
P103b	P103b	4.0000	0.0000	3.6667	0.0000	1	0.3333	inf	0.0000
P103b	P103s	4.0000	0.0000	3.6667	0.0000	1	0.3333	inf	0.0000
P103s	P103b	4.0000	0.0000	3.6667	0.0000	1	0.3333	inf	0.0000
P103s	P103s	4.0000	0.0000	3.6667	0.0000	1	0.3333	inf	0.0000
P112b	P112b	4.0000	0.0000	3.2222	0.3849	1	0.0080	2.0207	0.0433
P112b	P112s	4.0000	0.0000	3.2222	0.3849	1	0.0080	2.0207	0.0433
P112s	P112b	4.0000	0.0000	3.2222	0.3849	1	0.0080	2.0207	0.0433
P112s	P112s	4.0000	0.0000	3.2222	0.3849	1	0.0080	2.0207	0.0433
