rgn1	rgn2	WT.pcca2	WT.pcca2	bN82A.pcca2	bN82A.pcca2	aT41A.pcca1	aT41A.pcca1
		mf	sf	mf	sf	mf	sf
A110b	A117b	-0.0307	0.9599	0.0783	0.9862	0.2931	1.1192
A110b	A117s	-0.0307	0.9599	0.0783	0.9862	0.2931	1.1192
A110b	L113b	0.0077	0.9435	-0.3157	0.9509	0.6468	0.3521
A110b	L113s	0.0077	0.9435	-0.3157	0.9509	0.6468	0.3521
A110b	L114b	0.1566	1.0182	0.3307	0.6125	-0.7179	0.3082
A110b	L114s	0.1566	1.0182	0.3307	0.6125	-0.7179	0.3082
A110b	L118b	-0.2647	0.7403	-0.5396	0.4120	0.4891	0.6348
A110b	L118s	-0.2647	0.7403	-0.5396	0.4120	0.4891	0.6348
A110b	M115b	0.5041	0.6420	-0.5276	0.4831	0.5434	0.7177
A110b	M115s	0.5041	0.6420	-0.5276	0.4831	0.5434	0.7177
A110b	M120b	0.0817	0.9934	0.4089	0.5189	-0.1212	0.9484
A110b	M120s	0.0817	0.9934	0.4089	0.5189	-0.1212	0.9484
A110b	P112b	-0.5642	0.5652	-0.3113	0.6099	0.0032	0.9267
A110b	P112s	-0.5642	0.5652	-0.3113	0.6099	0.0032	0.9267
A110b	P119b	0.3907	0.5415	-0.2292	0.9671	0.4155	0.6766
A110b	P119s	0.3907	0.5415	-0.2292	0.9671	0.4155	0.6766
A110b	Q116b	0.2259	0.7198	0.3541	1.0157	-0.5475	0.6888
A110b	Q116s	0.2259	0.7198	0.3541	1.0157	-0.5475	0.6888
A110b	T111b	0.0473	0.9710	-0.4394	0.5673	-0.0887	0.9366
A110b	T111s	0.0473	0.9710	-0.4394	0.5673	-0.0887	0.9366
A110s	A117b	-0.0307	0.9599	0.0783	0.9862	0.2931	1.1192
A110s	A117s	-0.0307	0.9599	0.0783	0.9862	0.2931	1.1192
A110s	L113b	0.0077	0.9435	-0.3157	0.9509	0.6468	0.3521
A110s	L113s	0.0077	0.9435	-0.3157	0.9509	0.6468	0.3521
A110s	L114b	0.1566	1.0182	0.3307	0.6125	-0.7179	0.3082
A110s	L114s	0.1566	1.0182	0.3307	0.6125	-0.7179	0.3082
A110s	L118b	-0.2647	0.7403	-0.5396	0.4120	0.4891	0.6348
A110s	L118s	-0.2647	0.7403	-0.5396	0.4120	0.4891	0.6348
A110s	M115b	0.5041	0.6420	-0.5276	0.4831	0.5434	0.7177
A110s	M115s	0.5041	0.6420	-0.5276	0.4831	0.5434	0.7177
A110s	M120b	0.0817	0.9934	0.4089	0.5189	-0.1212	0.9484
A110s	M120s	0.0817	0.9934	0.4089	0.5189	-0.1212	0.9484
A110s	P112b	-0.5642	0.5652	-0.3113	0.6099	0.0032	0.9267
A110s	P112s	-0.5642	0.5652	-0.3113	0.6099	0.0032	0.9267
A110s	P119b	0.3907	0.5415	-0.2292	0.9671	0.4155	0.6766
A110s	P119s	0.3907	0.5415	-0.2292	0.9671	0.4155	0.6766
A110s	Q116b	0.2259	0.7198	0.3541	1.0157	-0.5475	0.6888
A110s	Q116s	0.2259	0.7198	0.3541	1.0157	-0.5475	0.6888
A110s	T111b	0.0473	0.9710	-0.4394	0.5673	-0.0887	0.9366
A110s	T111s	0.0473	0.9710	-0.4394	0.5673	-0.0887	0.9366
A117b	L118b	-0.1710	1.0219	-0.5466	0.7366	0.7154	0.3878
A117b	L118s	-0.1710	1.0219	-0.5466	0.7366	0.7154	0.3878
A117b	M120b	0.3946	0.5610	0.3960	0.6954	-0.9066	0.0469
A117b	M120s	0.3946	0.5610	0.3960	0.6954	-0.9066	0.0469
A117b	P119b	-0.0646	1.0061	-0.3860	0.8851	-0.0703	0.9284
A117b	P119s	-0.0646	1.0061	-0.3860	0.8851	-0.0703	0.9284
A117s	L118b	-0.1710	1.0219	-0.5466	0.7366	0.7154	0.3878
A117s	L118s	-0.1710	1.0219	-0.5466	0.7366	0.7154	0.3878
A117s	M120b	0.3946	0.5610	0.3960	0.6954	-0.9066	0.0469
A117s	M120s	0.3946	0.5610	0.3960	0.6954	-0.9066	0.0469
A117s	P119b	-0.0646	1.0061	-0.3860	0.8851	-0.0703	0.9284
A117s	P119s	-0.0646	1.0061	-0.3860	0.8851	-0.0703	0.9284
K102b	A110b	0.3253	0.6220	0.4174	0.4376	0.0000	0.0000
K102b	A110s	0.3253	0.6220	0.4174	0.4376	0.0000	0.0000
K102b	A117b	-0.0744	0.9944	-0.0605	0.6523	0.0000	0.0000
K102b	A117s	-0.0744	0.9944	-0.0605	0.6523	0.0000	0.0000
K102b	K106b	0.3867	0.7216	0.4188	0.6515	0.0000	0.0000
K102b	K106s	0.3867	0.7216	0.4188	0.6515	0.0000	0.0000
K102b	L113b	-0.7682	0.3991	-0.0166	0.4745	0.0000	0.0000
K102b	L113s	-0.7682	0.3991	-0.0166	0.4745	0.0000	0.0000
K102b	L114b	0.4521	0.7606	-0.1508	0.8653	0.0000	0.0000
K102b	L114s	0.4521	0.7606	-0.1508	0.8653	0.0000	0.0000
K102b	L118b	-0.3587	1.0786	0.2885	0.9672	0.0000	0.0000
K102b	L118s	-0.3587	1.0786	0.2885	0.9672	0.0000	0.0000
K102b	M109b	-0.0480	0.9179	0.0470	0.5842	0.0000	0.0000
K102b	M109s	-0.0480	0.9179	0.0470	0.5842	0.0000	0.0000
K102b	M115b	-0.2758	1.1082	0.3198	0.9344	0.0000	0.0000
K102b	M115s	-0.2758	1.1082	0.3198	0.9344	0.0000	0.0000
K102b	M120b	0.0252	0.9989	-0.2778	1.1022	0.0000	0.0000
K102b	M120s	0.0252	0.9989	-0.2778	1.1022	0.0000	0.0000
K102b	P103b	-0.9705	0.0461	-0.3108	0.6217	0.0000	0.0000
K102b	P103s	-0.9705	0.0461	-0.3108	0.6217	0.0000	0.0000
K102b	P112b	-0.8047	0.3058	0.1771	0.6214	0.0000	0.0000
K102b	P112s	-0.8047	0.3058	0.1771	0.6214	0.0000	0.0000
K102b	P119b	0.9939	0.0106	-0.4782	0.8200	0.0000	0.0000
K102b	P119s	0.9939	0.0106	-0.4782	0.8200	0.0000	0.0000
K102b	Q116b	-0.3216	1.1446	-0.1857	0.2248	0.0000	0.0000
K102b	Q116s	-0.3216	1.1446	-0.1857	0.2248	0.0000	0.0000
K102b	R108b	0.2609	1.0967	-0.0879	0.9270	0.0000	0.0000
K102b	R108s	0.2609	1.0967	-0.0879	0.9270	0.0000	0.0000
K102b	S105b	0.2618	1.0929	-0.1533	0.5560	0.0000	0.0000
K102b	S105s	0.2618	1.0929	-0.1533	0.5560	0.0000	0.0000
K102b	T111b	-0.1980	1.0570	0.1323	0.9623	0.0000	0.0000
K102b	T111s	-0.1980	1.0570	0.1323	0.9623	0.0000	0.0000
K102b	V104b	0.2112	1.0375	-0.5606	0.4647	0.0000	0.0000
K102b	V104s	0.2112	1.0375	-0.5606	0.4647	0.0000	0.0000
K102b	W107b	0.4957	0.6169	-0.0813	0.7511	0.0000	0.0000
K102b	W107s	0.4957	0.6169	-0.0813	0.7511	0.0000	0.0000
K102s	A110b	0.3253	0.6220	0.4174	0.4376	0.0000	0.0000
K102s	A110s	0.3253	0.6220	0.4174	0.4376	0.0000	0.0000
K102s	A117b	-0.0744	0.9944	-0.0605	0.6523	0.0000	0.0000
K102s	A117s	-0.0744	0.9944	-0.0605	0.6523	0.0000	0.0000
K102s	K106b	0.3867	0.7216	0.4188	0.6515	0.0000	0.0000
K102s	K106s	0.3867	0.7216	0.4188	0.6515	0.0000	0.0000
K102s	L113b	-0.7682	0.3991	-0.0166	0.4745	0.0000	0.0000
K102s	L113s	-0.7682	0.3991	-0.0166	0.4745	0.0000	0.0000
K102s	L114b	0.4521	0.7606	-0.1508	0.8653	0.0000	0.0000
K102s	L114s	0.4521	0.7606	-0.1508	0.8653	0.0000	0.0000
K102s	L118b	-0.3587	1.0786	0.2885	0.9672	0.0000	0.0000
K102s	L118s	-0.3587	1.0786	0.2885	0.9672	0.0000	0.0000
K102s	M109b	-0.0480	0.9179	0.0470	0.5842	0.0000	0.0000
K102s	M109s	-0.0480	0.9179	0.0470	0.5842	0.0000	0.0000
K102s	M115b	-0.2758	1.1082	0.3198	0.9344	0.0000	0.0000
K102s	M115s	-0.2758	1.1082	0.3198	0.9344	0.0000	0.0000
K102s	M120b	0.0252	0.9989	-0.2778	1.1022	0.0000	0.0000
K102s	M120s	0.0252	0.9989	-0.2778	1.1022	0.0000	0.0000
K102s	P103b	-0.9705	0.0461	-0.3108	0.6217	0.0000	0.0000
K102s	P103s	-0.9705	0.0461	-0.3108	0.6217	0.0000	0.0000
K102s	P112b	-0.8047	0.3058	0.1771	0.6214	0.0000	0.0000
K102s	P112s	-0.8047	0.3058	0.1771	0.6214	0.0000	0.0000
K102s	P119b	0.9939	0.0106	-0.4782	0.8200	0.0000	0.0000
K102s	P119s	0.9939	0.0106	-0.4782	0.8200	0.0000	0.0000
K102s	Q116b	-0.3216	1.1446	-0.1857	0.2248	0.0000	0.0000
K102s	Q116s	-0.3216	1.1446	-0.1857	0.2248	0.0000	0.0000
K102s	R108b	0.2609	1.0967	-0.0879	0.9270	0.0000	0.0000
K102s	R108s	0.2609	1.0967	-0.0879	0.9270	0.0000	0.0000
K102s	S105b	0.2618	1.0929	-0.1533	0.5560	0.0000	0.0000
K102s	S105s	0.2618	1.0929	-0.1533	0.5560	0.0000	0.0000
K102s	T111b	-0.1980	1.0570	0.1323	0.9623	0.0000	0.0000
K102s	T111s	-0.1980	1.0570	0.1323	0.9623	0.0000	0.0000
K102s	V104b	0.2112	1.0375	-0.5606	0.4647	0.0000	0.0000
K102s	V104s	0.2112	1.0375	-0.5606	0.4647	0.0000	0.0000
K102s	W107b	0.4957	0.6169	-0.0813	0.7511	0.0000	0.0000
K102s	W107s	0.4957	0.6169	-0.0813	0.7511	0.0000	0.0000
K106b	A110b	0.3743	1.0154	-0.4227	0.5148	0.6495	0.4709
K106b	A110s	0.3743	1.0154	-0.4227	0.5148	0.6495	0.4709
K106b	A117b	-0.3006	0.8836	-0.1801	0.3441	0.1632	0.9438
K106b	A117s	-0.3006	0.8836	-0.1801	0.3441	0.1632	0.9438
K106b	L113b	0.0276	0.8924	0.1148	0.8748	0.4039	0.7236
K106b	L113s	0.0276	0.8924	0.1148	0.8748	0.4039	0.7236
K106b	L114b	-0.2932	1.1209	0.1747	0.7458	-0.1647	0.9112
K106b	L114s	-0.2932	1.1209	0.1747	0.7458	-0.1647	0.9112
K106b	L118b	-0.2435	0.6553	0.4483	0.5191	0.3957	0.4261
K106b	L118s	-0.2435	0.6553	0.4483	0.5191	0.3957	0.4261
K106b	M109b	-0.3368	1.0189	0.1895	1.0065	-0.0640	0.9226
K106b	M109s	-0.3368	1.0189	0.1895	1.0065	-0.0640	0.9226
K106b	M115b	0.0803	0.8226	0.4176	0.4796	0.3080	1.1194
K106b	M115s	0.0803	0.8226	0.4176	0.4796	0.3080	1.1194
K106b	M120b	-0.4332	0.9323	-0.1702	0.7537	-0.2078	1.0203
K106b	M120s	-0.4332	0.9323	-0.1702	0.7537	-0.2078	1.0203
K106b	P112b	-0.1076	1.0165	-0.0943	0.7678	-0.5205	0.2584
K106b	P112s	-0.1076	1.0165	-0.0943	0.7678	-0.5205	0.2584
K106b	P119b	0.3330	0.8146	0.1335	0.3063	0.8613	0.0620
K106b	P119s	0.3330	0.8146	0.1335	0.3063	0.8613	0.0620
K106b	Q116b	0.2588	0.9009	-0.3201	0.7831	-0.2797	0.7640
K106b	Q116s	0.2588	0.9009	-0.3201	0.7831	-0.2797	0.7640
K106b	R108b	-0.5225	0.4721	-0.0460	0.8630	-0.0062	0.9757
K106b	R108s	-0.5225	0.4721	-0.0460	0.8630	-0.0062	0.9757
K106b	T111b	-0.3016	0.8107	-0.0734	0.7380	-0.1341	0.7489
K106b	T111s	-0.3016	0.8107	-0.0734	0.7380	-0.1341	0.7489
K106b	W107b	0.2502	1.0481	-0.0566	0.9703	0.3659	0.5732
K106b	W107s	0.2502	1.0481	-0.0566	0.9703	0.3659	0.5732
K106s	A110b	0.3743	1.0154	-0.4227	0.5148	0.6495	0.4709
K106s	A110s	0.3743	1.0154	-0.4227	0.5148	0.6495	0.4709
K106s	A117b	-0.3006	0.8836	-0.1801	0.3441	0.1632	0.9438
K106s	A117s	-0.3006	0.8836	-0.1801	0.3441	0.1632	0.9438
K106s	L113b	0.0276	0.8924	0.1148	0.8748	0.4039	0.7236
K106s	L113s	0.0276	0.8924	0.1148	0.8748	0.4039	0.7236
K106s	L114b	-0.2932	1.1209	0.1747	0.7458	-0.1647	0.9112
K106s	L114s	-0.2932	1.1209	0.1747	0.7458	-0.1647	0.9112
K106s	L118b	-0.2435	0.6553	0.4483	0.5191	0.3957	0.4261
K106s	L118s	-0.2435	0.6553	0.4483	0.5191	0.3957	0.4261
K106s	M109b	-0.3368	1.0189	0.1895	1.0065	-0.0640	0.9226
K106s	M109s	-0.3368	1.0189	0.1895	1.0065	-0.0640	0.9226
K106s	M115b	0.0803	0.8226	0.4176	0.4796	0.3080	1.1194
K106s	M115s	0.0803	0.8226	0.4176	0.4796	0.3080	1.1194
K106s	M120b	-0.4332	0.9323	-0.1702	0.7537	-0.2078	1.0203
K106s	M120s	-0.4332	0.9323	-0.1702	0.7537	-0.2078	1.0203
K106s	P112b	-0.1076	1.0165	-0.0943	0.7678	-0.5205	0.2584
K106s	P112s	-0.1076	1.0165	-0.0943	0.7678	-0.5205	0.2584
K106s	P119b	0.3330	0.8146	0.1335	0.3063	0.8613	0.0620
K106s	P119s	0.3330	0.8146	0.1335	0.3063	0.8613	0.0620
K106s	Q116b	0.2588	0.9009	-0.3201	0.7831	-0.2797	0.7640
K106s	Q116s	0.2588	0.9009	-0.3201	0.7831	-0.2797	0.7640
K106s	R108b	-0.5225	0.4721	-0.0460	0.8630	-0.0062	0.9757
K106s	R108s	-0.5225	0.4721	-0.0460	0.8630	-0.0062	0.9757
K106s	T111b	-0.3016	0.8107	-0.0734	0.7380	-0.1341	0.7489
K106s	T111s	-0.3016	0.8107	-0.0734	0.7380	-0.1341	0.7489
K106s	W107b	0.2502	1.0481	-0.0566	0.9703	0.3659	0.5732
K106s	W107s	0.2502	1.0481	-0.0566	0.9703	0.3659	0.5732
L113b	A117b	0.3346	1.1471	0.2209	1.0338	0.4981	0.6166
L113b	A117s	0.3346	1.1471	0.2209	1.0338	0.4981	0.6166
L113b	L114b	-0.8516	0.1346	-0.0780	0.7631	-0.4050	0.3581
L113b	L114s	-0.8516	0.1346	-0.0780	0.7631	-0.4050	0.3581
L113b	L118b	0.4091	0.9720	0.2902	0.9190	0.9170	0.0486
L113b	L118s	0.4091	0.9720	0.2902	0.9190	0.9170	0.0486
L113b	M115b	0.0241	0.9209	0.3786	0.8877	0.5354	0.2671
L113b	M115s	0.0241	0.9209	0.3786	0.8877	0.5354	0.2671
L113b	M120b	0.2098	0.6851	-0.2801	0.6987	-0.2501	0.7034
L113b	M120s	0.2098	0.6851	-0.2801	0.6987	-0.2501	0.7034
L113b	P119b	-0.7647	0.4015	0.1011	0.6312	0.1366	0.8491
L113b	P119s	-0.7647	0.4015	0.1011	0.6312	0.1366	0.8491
L113b	Q116b	0.0256	1.0003	0.3334	1.1276	-0.1826	0.7964
L113b	Q116s	0.0256	1.0003	0.3334	1.1276	-0.1826	0.7964
L113s	A117b	0.3346	1.1471	0.2209	1.0338	0.4981	0.6166
L113s	A117s	0.3346	1.1471	0.2209	1.0338	0.4981	0.6166
L113s	L114b	-0.8516	0.1346	-0.0780	0.7631	-0.4050	0.3581
L113s	L114s	-0.8516	0.1346	-0.0780	0.7631	-0.4050	0.3581
L113s	L118b	0.4091	0.9720	0.2902	0.9190	0.9170	0.0486
L113s	L118s	0.4091	0.9720	0.2902	0.9190	0.9170	0.0486
L113s	M115b	0.0241	0.9209	0.3786	0.8877	0.5354	0.2671
L113s	M115s	0.0241	0.9209	0.3786	0.8877	0.5354	0.2671
L113s	M120b	0.2098	0.6851	-0.2801	0.6987	-0.2501	0.7034
L113s	M120s	0.2098	0.6851	-0.2801	0.6987	-0.2501	0.7034
L113s	P119b	-0.7647	0.4015	0.1011	0.6312	0.1366	0.8491
L113s	P119s	-0.7647	0.4015	0.1011	0.6312	0.1366	0.8491
L113s	Q116b	0.0256	1.0003	0.3334	1.1276	-0.1826	0.7964
L113s	Q116s	0.0256	1.0003	0.3334	1.1276	-0.1826	0.7964
L114b	A117b	-0.3057	1.0405	-0.0522	0.9089	0.1361	0.7617
L114b	A117s	-0.3057	1.0405	-0.0522	0.9089	0.1361	0.7617
L114b	L118b	-0.5068	0.5289	-0.5802	0.3243	-0.0524	0.3939
L114b	L118s	-0.5068	0.5289	-0.5802	0.3243	-0.0524	0.3939
L114b	M115b	0.3837	0.6431	-0.6080	0.4168	-0.8286	0.0452
L114b	M115s	0.3837	0.6431	-0.6080	0.4168	-0.8286	0.0452
L114b	M120b	-0.2682	0.8706	0.7808	0.1868	-0.4355	0.4641
L114b	M120s	-0.2682	0.8706	0.7808	0.1868	-0.4355	0.4641
L114b	P119b	0.4858	0.7886	0.4230	0.7284	0.0250	0.9944
L114b	P119s	0.4858	0.7886	0.4230	0.7284	0.0250	0.9944
L114b	Q116b	0.2564	0.9743	0.5140	0.4281	0.4664	0.3733
L114b	Q116s	0.2564	0.9743	0.5140	0.4281	0.4664	0.3733
L114s	A117b	-0.3057	1.0405	-0.0522	0.9089	0.1361	0.7617
L114s	A117s	-0.3057	1.0405	-0.0522	0.9089	0.1361	0.7617
L114s	L118b	-0.5068	0.5289	-0.5802	0.3243	-0.0524	0.3939
L114s	L118s	-0.5068	0.5289	-0.5802	0.3243	-0.0524	0.3939
L114s	M115b	0.3837	0.6431	-0.6080	0.4168	-0.8286	0.0452
L114s	M115s	0.3837	0.6431	-0.6080	0.4168	-0.8286	0.0452
L114s	M120b	-0.2682	0.8706	0.7808	0.1868	-0.4355	0.4641
L114s	M120s	-0.2682	0.8706	0.7808	0.1868	-0.4355	0.4641
L114s	P119b	0.4858	0.7886	0.4230	0.7284	0.0250	0.9944
L114s	P119s	0.4858	0.7886	0.4230	0.7284	0.0250	0.9944
L114s	Q116b	0.2564	0.9743	0.5140	0.4281	0.4664	0.3733
L114s	Q116s	0.2564	0.9743	0.5140	0.4281	0.4664	0.3733
L118b	M120b	0.6774	0.4273	-0.9368	0.0583	-0.5555	0.5155
L118b	M120s	0.6774	0.4273	-0.9368	0.0583	-0.5555	0.5155
L118b	P119b	-0.3367	1.0580	0.1338	0.8398	0.1330	0.7448
L118b	P119s	-0.3367	1.0580	0.1338	0.8398	0.1330	0.7448
L118s	M120b	0.6774	0.4273	-0.9368	0.0583	-0.5555	0.5155
L118s	M120s	0.6774	0.4273	-0.9368	0.0583	-0.5555	0.5155
L118s	P119b	-0.3367	1.0580	0.1338	0.8398	0.1330	0.7448
L118s	P119s	-0.3367	1.0580	0.1338	0.8398	0.1330	0.7448
M109b	A110b	0.1127	1.0138	-0.0017	0.8647	0.3976	0.2805
M109b	A110s	0.1127	1.0138	-0.0017	0.8647	0.3976	0.2805
M109b	A117b	0.9686	0.0348	-0.1994	0.7093	0.1222	0.7094
M109b	A117s	0.9686	0.0348	-0.1994	0.7093	0.1222	0.7094
M109b	L113b	0.3578	1.0639	-0.6269	0.3565	0.2595	0.9404
M109b	L113s	0.3578	1.0639	-0.6269	0.3565	0.2595	0.9404
M109b	L114b	-0.3080	1.1293	-0.1002	0.6789	-0.5175	0.4419
M109b	L114s	-0.3080	1.1293	-0.1002	0.6789	-0.5175	0.4419
M109b	L118b	-0.0303	0.8984	0.1647	0.4137	0.0629	0.9979
M109b	L118s	-0.0303	0.8984	0.1647	0.4137	0.0629	0.9979
M109b	M115b	-0.4737	0.4850	0.0237	0.3777	0.5000	0.4681
M109b	M115s	-0.4737	0.4850	0.0237	0.3777	0.5000	0.4681
M109b	M120b	0.5793	0.4425	-0.1824	0.1392	-0.0808	0.8233
M109b	M120s	0.5793	0.4425	-0.1824	0.1392	-0.0808	0.8233
M109b	P112b	0.1261	0.9419	0.2333	0.7916	0.3550	0.7073
M109b	P112s	0.1261	0.9419	0.2333	0.7916	0.3550	0.7073
M109b	P119b	-0.0156	0.9619	0.3967	0.5502	0.1287	1.0071
M109b	P119s	-0.0156	0.9619	0.3967	0.5502	0.1287	1.0071
M109b	Q116b	-0.7169	0.4027	-0.4406	0.7817	0.3379	0.4704
M109b	Q116s	-0.7169	0.4027	-0.4406	0.7817	0.3379	0.4704
M109b	T111b	0.3337	0.5789	0.0889	0.4957	-0.7181	0.4408
M109b	T111s	0.3337	0.5789	0.0889	0.4957	-0.7181	0.4408
M109s	A110b	0.1127	1.0138	-0.0017	0.8647	0.3976	0.2805
M109s	A110s	0.1127	1.0138	-0.0017	0.8647	0.3976	0.2805
M109s	A117b	0.9686	0.0348	-0.1994	0.7093	0.1222	0.7094
M109s	A117s	0.9686	0.0348	-0.1994	0.7093	0.1222	0.7094
M109s	L113b	0.3578	1.0639	-0.6269	0.3565	0.2595	0.9404
M109s	L113s	0.3578	1.0639	-0.6269	0.3565	0.2595	0.9404
M109s	L114b	-0.3080	1.1293	-0.1002	0.6789	-0.5175	0.4419
M109s	L114s	-0.3080	1.1293	-0.1002	0.6789	-0.5175	0.4419
M109s	L118b	-0.0303	0.8984	0.1647	0.4137	0.0629	0.9979
M109s	L118s	-0.0303	0.8984	0.1647	0.4137	0.0629	0.9979
M109s	M115b	-0.4737	0.4850	0.0237	0.3777	0.5000	0.4681
M109s	M115s	-0.4737	0.4850	0.0237	0.3777	0.5000	0.4681
M109s	M120b	0.5793	0.4425	-0.1824	0.1392	-0.0808	0.8233
M109s	M120s	0.5793	0.4425	-0.1824	0.1392	-0.0808	0.8233
M109s	P112b	0.1261	0.9419	0.2333	0.7916	0.3550	0.7073
M109s	P112s	0.1261	0.9419	0.2333	0.7916	0.3550	0.7073
M109s	P119b	-0.0156	0.9619	0.3967	0.5502	0.1287	1.0071
M109s	P119s	-0.0156	0.9619	0.3967	0.5502	0.1287	1.0071
M109s	Q116b	-0.7169	0.4027	-0.4406	0.7817	0.3379	0.4704
M109s	Q116s	-0.7169	0.4027	-0.4406	0.7817	0.3379	0.4704
M109s	T111b	0.3337	0.5789	0.0889	0.4957	-0.7181	0.4408
M109s	T111s	0.3337	0.5789	0.0889	0.4957	-0.7181	0.4408
M115b	A117b	-0.5027	0.6117	-0.4956	0.8245	-0.1900	0.9250
M115b	A117s	-0.5027	0.6117	-0.4956	0.8245	-0.1900	0.9250
M115b	L118b	-0.3095	1.0913	0.9883	0.0053	0.1775	0.4168
M115b	L118s	-0.3095	1.0913	0.9883	0.0053	0.1775	0.4168
M115b	M120b	-0.5014	0.8613	-0.9348	0.0972	0.4470	0.8373
M115b	M120s	-0.5014	0.8613	-0.9348	0.0972	0.4470	0.8373
M115b	P119b	-0.2352	1.0798	0.0322	0.8894	0.1926	0.9009
M115b	P119s	-0.2352	1.0798	0.0322	0.8894	0.1926	0.9009
M115b	Q116b	0.9092	0.1380	-0.1039	0.8579	-0.1143	0.7929
M115b	Q116s	0.9092	0.1380	-0.1039	0.8579	-0.1143	0.7929
M115s	A117b	-0.5027	0.6117	-0.4956	0.8245	-0.1900	0.9250
M115s	A117s	-0.5027	0.6117	-0.4956	0.8245	-0.1900	0.9250
M115s	L118b	-0.3095	1.0913	0.9883	0.0053	0.1775	0.4168
M115s	L118s	-0.3095	1.0913	0.9883	0.0053	0.1775	0.4168
M115s	M120b	-0.5014	0.8613	-0.9348	0.0972	0.4470	0.8373
M115s	M120s	-0.5014	0.8613	-0.9348	0.0972	0.4470	0.8373
M115s	P119b	-0.2352	1.0798	0.0322	0.8894	0.1926	0.9009
M115s	P119s	-0.2352	1.0798	0.0322	0.8894	0.1926	0.9009
M115s	Q116b	0.9092	0.1380	-0.1039	0.8579	-0.1143	0.7929
M115s	Q116s	0.9092	0.1380	-0.1039	0.8579	-0.1143	0.7929
MHCII	A110b	0.0244	0.0301	-0.0393	0.0335	-0.0384	0.0633
MHCII	A110s	0.0244	0.0301	-0.0393	0.0335	-0.0384	0.0633
MHCII	A117b	0.0353	0.0263	0.0166	0.0402	0.0082	0.0837
MHCII	A117s	0.0353	0.0263	0.0166	0.0402	0.0082	0.0837
MHCII	K102b	0.0111	0.0246	-0.0033	0.0301	0.0000	0.0000
MHCII	K102s	0.0111	0.0246	-0.0033	0.0301	0.0000	0.0000
MHCII	K106b	-0.0022	0.0463	0.0222	0.0485	-0.0268	0.0539
MHCII	K106s	-0.0022	0.0463	0.0222	0.0485	-0.0268	0.0539
MHCII	L113b	0.0057	0.0476	0.0027	0.0596	-0.0022	0.0363
MHCII	L113s	0.0057	0.0476	0.0027	0.0596	-0.0022	0.0363
MHCII	L114b	-0.0015	0.0513	-0.0311	0.0379	0.0122	0.0557
MHCII	L114s	-0.0015	0.0513	-0.0311	0.0379	0.0122	0.0557
MHCII	L118b	-0.0166	0.0191	0.0231	0.0262	-0.0031	0.0603
MHCII	L118s	-0.0166	0.0191	0.0231	0.0262	-0.0031	0.0603
MHCII	M109b	0.0376	0.0279	0.0214	0.0378	0.0082	0.0463
MHCII	M109s	0.0376	0.0279	0.0214	0.0378	0.0082	0.0463
MHCII	M115b	-0.0066	0.0067	0.0211	0.0332	0.0137	0.0679
MHCII	M115s	-0.0066	0.0067	0.0211	0.0332	0.0137	0.0679
MHCII	M120b	0.0156	0.0182	-0.0235	0.0303	-0.0024	0.0816
MHCII	M120s	0.0156	0.0182	-0.0235	0.0303	-0.0024	0.0816
MHCII	MHCII	-0.0008	0.0017	0.0002	0.0019	0.0024	0.0035
MHCII	P103b	-0.0197	0.0242	-0.0042	0.0462	0.0130	0.0667
MHCII	P103s	-0.0197	0.0242	-0.0042	0.0462	0.0130	0.0667
MHCII	P112b	-0.0088	0.0341	0.0365	0.0277	-0.0330	0.0119
MHCII	P112s	-0.0088	0.0341	0.0365	0.0277	-0.0330	0.0119
MHCII	P119b	0.0131	0.0278	-0.0025	0.0341	-0.0238	0.0504
MHCII	P119s	0.0131	0.0278	-0.0025	0.0341	-0.0238	0.0504
MHCII	Q116b	-0.0204	0.0201	-0.0458	0.0254	0.0548	0.0355
MHCII	Q116s	-0.0204	0.0201	-0.0458	0.0254	0.0548	0.0355
MHCII	R108b	0.0045	0.0389	-0.0217	0.0256	0.0118	0.0563
MHCII	R108s	0.0045	0.0389	-0.0217	0.0256	0.0118	0.0563
MHCII	S105b	0.0182	0.0113	0.0219	0.0479	-0.0537	0.0414
MHCII	S105s	0.0182	0.0113	0.0219	0.0479	-0.0537	0.0414
MHCII	T111b	0.0033	0.0024	0.0312	0.0370	-0.0269	0.0647
MHCII	T111s	0.0033	0.0024	0.0312	0.0370	-0.0269	0.0647
MHCII	V104b	0.0102	0.0351	-0.0115	0.0350	0.0196	0.0744
MHCII	V104s	0.0102	0.0351	-0.0115	0.0350	0.0196	0.0744
MHCII	W107b	0.0336	0.0339	-0.0012	0.0561	-0.0184	0.0254
MHCII	W107s	0.0336	0.0339	-0.0012	0.0561	-0.0184	0.0254
P103b	A110b	-0.4850	0.5652	-0.3017	1.0438	-0.3670	0.4646
P103b	A110s	-0.4850	0.5652	-0.3017	1.0438	-0.3670	0.4646
P103b	A117b	-0.0669	1.0044	-0.5925	0.6556	-0.6276	0.3889
P103b	A117s	-0.0669	1.0044	-0.5925	0.6556	-0.6276	0.3889
P103b	K106b	-0.4484	0.8281	0.4371	0.3440	-0.5836	0.2144
P103b	K106s	-0.4484	0.8281	0.4371	0.3440	-0.5836	0.2144
P103b	L113b	0.6342	0.6330	-0.0115	0.8730	-0.7156	0.3195
P103b	L113s	0.6342	0.6330	-0.0115	0.8730	-0.7156	0.3195
P103b	L114b	-0.3642	0.9630	0.5392	0.3205	-0.2514	0.0503
P103b	L114s	-0.3642	0.9630	0.5392	0.3205	-0.2514	0.0503
P103b	L118b	0.4330	0.9206	0.2276	0.6003	-0.9006	0.1362
P103b	L118s	0.4330	0.9206	0.2276	0.6003	-0.9006	0.1362
P103b	M109b	-0.1022	0.9826	0.3430	0.8943	0.1777	1.0116
P103b	M109s	-0.1022	0.9826	0.3430	0.8943	0.1777	1.0116
P103b	M115b	0.2293	1.0677	0.1302	0.7173	0.0728	0.6529
P103b	M115s	0.2293	1.0677	0.1302	0.7173	0.0728	0.6529
P103b	M120b	-0.0456	0.9828	0.0179	0.5803	0.6273	0.6272
P103b	M120s	-0.0456	0.9828	0.0179	0.5803	0.6273	0.6272
P103b	P112b	0.7729	0.2273	-0.5885	0.2665	0.2465	0.7137
P103b	P112s	0.7729	0.2273	-0.5885	0.2665	0.2465	0.7137
P103b	P119b	-0.9721	0.0452	0.8944	0.0905	-0.4003	0.5648
P103b	P119s	-0.9721	0.0452	0.8944	0.0905	-0.4003	0.5648
P103b	Q116b	0.3282	1.1503	0.3729	0.8832	0.0628	0.9582
P103b	Q116s	0.3282	1.1503	0.3729	0.8832	0.0628	0.9582
P103b	R108b	-0.1600	1.0377	0.1230	0.7250	0.2394	0.9856
P103b	R108s	-0.1600	1.0377	0.1230	0.7250	0.2394	0.9856
P103b	S105b	-0.2865	1.1161	0.1543	1.0218	-0.5773	0.3862
P103b	S105s	-0.2865	1.1161	0.1543	1.0218	-0.5773	0.3862
P103b	T111b	0.1925	1.0002	-0.3816	0.4638	-0.3671	1.0300
P103b	T111s	0.1925	1.0002	-0.3816	0.4638	-0.3671	1.0300
P103b	V104b	-0.2300	1.0687	-0.3602	0.4366	0.1768	0.7087
P103b	V104s	-0.2300	1.0687	-0.3602	0.4366	0.1768	0.7087
P103b	W107b	-0.6561	0.4019	-0.0455	0.8396	-0.1131	0.9909
P103b	W107s	-0.6561	0.4019	-0.0455	0.8396	-0.1131	0.9909
P103s	A110b	-0.4850	0.5652	-0.3017	1.0438	-0.3670	0.4646
P103s	A110s	-0.4850	0.5652	-0.3017	1.0438	-0.3670	0.4646
P103s	A117b	-0.0669	1.0044	-0.5925	0.6556	-0.6276	0.3889
P103s	A117s	-0.0669	1.0044	-0.5925	0.6556	-0.6276	0.3889
P103s	K106b	-0.4484	0.8281	0.4371	0.3440	-0.5836	0.2144
P103s	K106s	-0.4484	0.8281	0.4371	0.3440	-0.5836	0.2144
P103s	L113b	0.6342	0.6330	-0.0115	0.8730	-0.7156	0.3195
P103s	L113s	0.6342	0.6330	-0.0115	0.8730	-0.7156	0.3195
P103s	L114b	-0.3642	0.9630	0.5392	0.3205	-0.2514	0.0503
P103s	L114s	-0.3642	0.9630	0.5392	0.3205	-0.2514	0.0503
P103s	L118b	0.4330	0.9206	0.2276	0.6003	-0.9006	0.1362
P103s	L118s	0.4330	0.9206	0.2276	0.6003	-0.9006	0.1362
P103s	M109b	-0.1022	0.9826	0.3430	0.8943	0.1777	1.0116
P103s	M109s	-0.1022	0.9826	0.3430	0.8943	0.1777	1.0116
P103s	M115b	0.2293	1.0677	0.1302	0.7173	0.0728	0.6529
P103s	M115s	0.2293	1.0677	0.1302	0.7173	0.0728	0.6529
P103s	M120b	-0.0456	0.9828	0.0179	0.5803	0.6273	0.6272
P103s	M120s	-0.0456	0.9828	0.0179	0.5803	0.6273	0.6272
P103s	P112b	0.7729	0.2273	-0.5885	0.2665	0.2465	0.7137
P103s	P112s	0.7729	0.2273	-0.5885	0.2665	0.2465	0.7137
P103s	P119b	-0.9721	0.0452	0.8944	0.0905	-0.4003	0.5648
P103s	P119s	-0.9721	0.0452	0.8944	0.0905	-0.4003	0.5648
P103s	Q116b	0.3282	1.1503	0.3729	0.8832	0.0628	0.9582
P103s	Q116s	0.3282	1.1503	0.3729	0.8832	0.0628	0.9582
P103s	R108b	-0.1600	1.0377	0.1230	0.7250	0.2394	0.9856
P103s	R108s	-0.1600	1.0377	0.1230	0.7250	0.2394	0.9856
P103s	S105b	-0.2865	1.1161	0.1543	1.0218	-0.5773	0.3862
P103s	S105s	-0.2865	1.1161	0.1543	1.0218	-0.5773	0.3862
P103s	T111b	0.1925	1.0002	-0.3816	0.4638	-0.3671	1.0300
P103s	T111s	0.1925	1.0002	-0.3816	0.4638	-0.3671	1.0300
P103s	V104b	-0.2300	1.0687	-0.3602	0.4366	0.1768	0.7087
P103s	V104s	-0.2300	1.0687	-0.3602	0.4366	0.1768	0.7087
P103s	W107b	-0.6561	0.4019	-0.0455	0.8396	-0.1131	0.9909
P103s	W107s	-0.6561	0.4019	-0.0455	0.8396	-0.1131	0.9909
P112b	A117b	0.2759	0.8319	0.1571	1.0205	-0.0311	0.7516
P112b	A117s	0.2759	0.8319	0.1571	1.0205	-0.0311	0.7516
P112b	L113b	0.6910	0.2683	-0.1517	0.9264	-0.1958	1.0453
P112b	L113s	0.6910	0.2683	-0.1517	0.9264	-0.1958	1.0453
P112b	L114b	-0.5880	0.6419	-0.9483	0.0418	-0.0048	0.8588
P112b	L114s	-0.5880	0.6419	-0.9483	0.0418	-0.0048	0.8588
P112b	L118b	0.0716	0.9953	0.4394	0.5826	-0.1667	0.9810
P112b	L118s	0.0716	0.9953	0.4394	0.5826	-0.1667	0.9810
P112b	M115b	-0.0567	0.9799	0.4510	0.6517	-0.3828	0.5742
P112b	M115s	-0.0567	0.9799	0.4510	0.6517	-0.3828	0.5742
P112b	M120b	-0.2858	1.1135	-0.6213	0.3235	-0.0565	0.3581
P112b	M120s	-0.2858	1.1135	-0.6213	0.3235	-0.0565	0.3581
P112b	P119b	-0.8580	0.2122	-0.5247	0.4545	-0.3134	0.3819
P112b	P119s	-0.8580	0.2122	-0.5247	0.4545	-0.3134	0.3819
P112b	Q116b	0.1444	1.0032	-0.7362	0.2386	-0.1225	0.5587
P112b	Q116s	0.1444	1.0032	-0.7362	0.2386	-0.1225	0.5587
P112s	A117b	0.2759	0.8319	0.1571	1.0205	-0.0311	0.7516
P112s	A117s	0.2759	0.8319	0.1571	1.0205	-0.0311	0.7516
P112s	L113b	0.6910	0.2683	-0.1517	0.9264	-0.1958	1.0453
P112s	L113s	0.6910	0.2683	-0.1517	0.9264	-0.1958	1.0453
P112s	L114b	-0.5880	0.6419	-0.9483	0.0418	-0.0048	0.8588
P112s	L114s	-0.5880	0.6419	-0.9483	0.0418	-0.0048	0.8588
P112s	L118b	0.0716	0.9953	0.4394	0.5826	-0.1667	0.9810
P112s	L118s	0.0716	0.9953	0.4394	0.5826	-0.1667	0.9810
P112s	M115b	-0.0567	0.9799	0.4510	0.6517	-0.3828	0.5742
P112s	M115s	-0.0567	0.9799	0.4510	0.6517	-0.3828	0.5742
P112s	M120b	-0.2858	1.1135	-0.6213	0.3235	-0.0565	0.3581
P112s	M120s	-0.2858	1.1135	-0.6213	0.3235	-0.0565	0.3581
P112s	P119b	-0.8580	0.2122	-0.5247	0.4545	-0.3134	0.3819
P112s	P119s	-0.8580	0.2122	-0.5247	0.4545	-0.3134	0.3819
P112s	Q116b	0.1444	1.0032	-0.7362	0.2386	-0.1225	0.5587
P112s	Q116s	0.1444	1.0032	-0.7362	0.2386	-0.1225	0.5587
P119b	M120b	0.0882	1.0102	-0.0179	0.9235	-0.1498	1.0142
P119b	M120s	0.0882	1.0102	-0.0179	0.9235	-0.1498	1.0142
P119s	M120b	0.0882	1.0102	-0.0179	0.9235	-0.1498	1.0142
P119s	M120s	0.0882	1.0102	-0.0179	0.9235	-0.1498	1.0142
Q116b	A117b	-0.6763	0.5573	-0.4137	0.9241	0.1768	1.0290
Q116b	A117s	-0.6763	0.5573	-0.4137	0.9241	0.1768	1.0290
Q116b	L118b	-0.2780	1.0455	-0.1329	0.8206	-0.0798	0.9135
Q116b	L118s	-0.2780	1.0455	-0.1329	0.8206	-0.0798	0.9135
Q116b	M120b	-0.7317	0.4562	0.1766	0.5726	-0.3419	1.0567
Q116b	M120s	-0.7317	0.4562	0.1766	0.5726	-0.3419	1.0567
Q116b	P119b	-0.3240	1.1467	0.4171	0.5077	0.0234	0.9327
Q116b	P119s	-0.3240	1.1467	0.4171	0.5077	0.0234	0.9327
Q116s	A117b	-0.6763	0.5573	-0.4137	0.9241	0.1768	1.0290
Q116s	A117s	-0.6763	0.5573	-0.4137	0.9241	0.1768	1.0290
Q116s	L118b	-0.2780	1.0455	-0.1329	0.8206	-0.0798	0.9135
Q116s	L118s	-0.2780	1.0455	-0.1329	0.8206	-0.0798	0.9135
Q116s	M120b	-0.7317	0.4562	0.1766	0.5726	-0.3419	1.0567
Q116s	M120s	-0.7317	0.4562	0.1766	0.5726	-0.3419	1.0567
Q116s	P119b	-0.3240	1.1467	0.4171	0.5077	0.0234	0.9327
Q116s	P119s	-0.3240	1.1467	0.4171	0.5077	0.0234	0.9327
R108b	A110b	-0.5176	0.4494	-0.1309	0.5238	0.4150	0.4431
R108b	A110s	-0.5176	0.4494	-0.1309	0.5238	0.4150	0.4431
R108b	A117b	0.4120	1.0142	-0.6831	0.4242	0.0456	0.8175
R108b	A117s	0.4120	1.0142	-0.6831	0.4242	0.0456	0.8175
R108b	L113b	-0.2752	1.1078	-0.1210	0.9508	0.2418	0.8842
R108b	L113s	-0.2752	1.1078	-0.1210	0.9508	0.2418	0.8842
R108b	L114b	0.0235	0.9377	0.0070	0.8496	-0.5942	0.3111
R108b	L114s	0.0235	0.9377	0.0070	0.8496	-0.5942	0.3111
R108b	L118b	0.3530	1.1067	0.2297	1.0681	0.0036	0.9704
R108b	L118s	0.3530	1.1067	0.2297	1.0681	0.0036	0.9704
R108b	M109b	0.4321	0.8904	-0.4078	0.5470	0.9852	0.0067
R108b	M109s	0.4321	0.8904	-0.4078	0.5470	0.9852	0.0067
R108b	M115b	-0.8447	0.1349	0.2717	1.0738	0.6090	0.4456
R108b	M115s	-0.8447	0.1349	0.2717	1.0738	0.6090	0.4456
R108b	M120b	0.6413	0.4095	-0.0982	0.9968	0.0169	0.8763
R108b	M120s	0.6413	0.4095	-0.0982	0.9968	0.0169	0.8763
R108b	P112b	-0.1601	1.0219	-0.0705	0.9453	0.2280	0.7618
R108b	P112s	-0.1601	1.0219	-0.0705	0.9453	0.2280	0.7618
R108b	P119b	0.2609	1.0971	-0.1573	0.7074	0.1668	0.9719
R108b	P119s	0.2609	1.0971	-0.1573	0.7074	0.1668	0.9719
R108b	Q116b	-0.8752	0.2161	0.3690	0.7096	0.3206	0.4421
R108b	Q116s	-0.8752	0.2161	0.3690	0.7096	0.3206	0.4421
R108b	T111b	0.4263	0.8068	0.0608	0.8273	-0.7878	0.3462
R108b	T111s	0.4263	0.8068	0.0608	0.8273	-0.7878	0.3462
R108s	A110b	-0.5176	0.4494	-0.1309	0.5238	0.4150	0.4431
R108s	A110s	-0.5176	0.4494	-0.1309	0.5238	0.4150	0.4431
R108s	A117b	0.4120	1.0142	-0.6831	0.4242	0.0456	0.8175
R108s	A117s	0.4120	1.0142	-0.6831	0.4242	0.0456	0.8175
R108s	L113b	-0.2752	1.1078	-0.1210	0.9508	0.2418	0.8842
R108s	L113s	-0.2752	1.1078	-0.1210	0.9508	0.2418	0.8842
R108s	L114b	0.0235	0.9377	0.0070	0.8496	-0.5942	0.3111
R108s	L114s	0.0235	0.9377	0.0070	0.8496	-0.5942	0.3111
R108s	L118b	0.3530	1.1067	0.2297	1.0681	0.0036	0.9704
R108s	L118s	0.3530	1.1067	0.2297	1.0681	0.0036	0.9704
R108s	M109b	0.4321	0.8904	-0.4078	0.5470	0.9852	0.0067
R108s	M109s	0.4321	0.8904	-0.4078	0.5470	0.9852	0.0067
R108s	M115b	-0.8447	0.1349	0.2717	1.0738	0.6090	0.4456
R108s	M115s	-0.8447	0.1349	0.2717	1.0738	0.6090	0.4456
R108s	M120b	0.6413	0.4095	-0.0982	0.9968	0.0169	0.8763
R108s	M120s	0.6413	0.4095	-0.0982	0.9968	0.0169	0.8763
R108s	P112b	-0.1601	1.0219	-0.0705	0.9453	0.2280	0.7618
R108s	P112s	-0.1601	1.0219	-0.0705	0.9453	0.2280	0.7618
R108s	P119b	0.2609	1.0971	-0.1573	0.7074	0.1668	0.9719
R108s	P119s	0.2609	1.0971	-0.1573	0.7074	0.1668	0.9719
R108s	Q116b	-0.8752	0.2161	0.3690	0.7096	0.3206	0.4421
R108s	Q116s	-0.8752	0.2161	0.3690	0.7096	0.3206	0.4421
R108s	T111b	0.4263	0.8068	0.0608	0.8273	-0.7878	0.3462
R108s	T111s	0.4263	0.8068	0.0608	0.8273	-0.7878	0.3462
S105b	A110b	-0.3154	0.8642	-0.6730	0.4880	0.4893	0.7886
S105b	A110s	-0.3154	0.8642	-0.6730	0.4880	0.4893	0.7886
S105b	A117b	0.7039	0.3580	0.1213	0.7332	0.0161	0.9657
S105b	A117s	0.7039	0.3580	0.1213	0.7332	0.0161	0.9657
S105b	K106b	-0.0345	0.9498	0.6167	0.6153	0.4327	0.5594
S105b	K106s	-0.0345	0.9498	0.6167	0.6153	0.4327	0.5594
S105b	L113b	0.1058	0.9441	0.1750	0.7640	0.4340	0.2596
S105b	L113s	0.1058	0.9441	0.1750	0.7640	0.4340	0.2596
S105b	L114b	-0.4535	0.7866	0.1542	0.8910	-0.0140	0.8969
S105b	L114s	-0.4535	0.7866	0.1542	0.8910	-0.0140	0.8969
S105b	L118b	0.1854	1.0426	0.0692	0.0530	0.4590	0.4223
S105b	L118s	0.1854	1.0426	0.0692	0.0530	0.4590	0.4223
S105b	M109b	0.6819	0.2757	-0.3103	1.0945	0.0735	0.2971
S105b	M109s	0.6819	0.2757	-0.3103	1.0945	0.0735	0.2971
S105b	M115b	-0.9552	0.0645	0.1003	0.1594	-0.0435	0.9014
S105b	M115s	-0.9552	0.0645	0.1003	0.1594	-0.0435	0.9014
S105b	M120b	0.5272	0.7453	0.1786	0.2547	-0.1232	0.9971
S105b	M120s	0.5272	0.7453	0.1786	0.2547	-0.1232	0.9971
S105b	P112b	0.0816	0.8598	-0.0414	0.9377	0.3743	0.5418
S105b	P112s	0.0816	0.8598	-0.0414	0.9377	0.3743	0.5418
S105b	P119b	0.2315	1.0668	-0.1339	0.8253	0.4919	0.4657
S105b	P119s	0.2315	1.0668	-0.1339	0.8253	0.4919	0.4657
S105b	Q116b	-0.9389	0.0750	-0.3282	0.8586	-0.4066	1.0227
S105b	Q116s	-0.9389	0.0750	-0.3282	0.8586	-0.4066	1.0227
S105b	R108b	0.7493	0.3211	0.2534	0.4685	-0.0097	0.3391
S105b	R108s	0.7493	0.3211	0.2534	0.4685	-0.0097	0.3391
S105b	T111b	0.3378	1.0471	-0.1088	0.7629	0.3118	0.5961
S105b	T111s	0.3378	1.0471	-0.1088	0.7629	0.3118	0.5961
S105b	W107b	-0.1213	0.7610	0.1044	0.6596	0.3031	0.4938
S105b	W107s	-0.1213	0.7610	0.1044	0.6596	0.3031	0.4938
S105s	A110b	-0.3154	0.8642	-0.6730	0.4880	0.4893	0.7886
S105s	A110s	-0.3154	0.8642	-0.6730	0.4880	0.4893	0.7886
S105s	A117b	0.7039	0.3580	0.1213	0.7332	0.0161	0.9657
S105s	A117s	0.7039	0.3580	0.1213	0.7332	0.0161	0.9657
S105s	K106b	-0.0345	0.9498	0.6167	0.6153	0.4327	0.5594
S105s	K106s	-0.0345	0.9498	0.6167	0.6153	0.4327	0.5594
S105s	L113b	0.1058	0.9441	0.1750	0.7640	0.4340	0.2596
S105s	L113s	0.1058	0.9441	0.1750	0.7640	0.4340	0.2596
S105s	L114b	-0.4535	0.7866	0.1542	0.8910	-0.0140	0.8969
S105s	L114s	-0.4535	0.7866	0.1542	0.8910	-0.0140	0.8969
S105s	L118b	0.1854	1.0426	0.0692	0.0530	0.4590	0.4223
S105s	L118s	0.1854	1.0426	0.0692	0.0530	0.4590	0.4223
S105s	M109b	0.6819	0.2757	-0.3103	1.0945	0.0735	0.2971
S105s	M109s	0.6819	0.2757	-0.3103	1.0945	0.0735	0.2971
S105s	M115b	-0.9552	0.0645	0.1003	0.1594	-0.0435	0.9014
S105s	M115s	-0.9552	0.0645	0.1003	0.1594	-0.0435	0.9014
S105s	M120b	0.5272	0.7453	0.1786	0.2547	-0.1232	0.9971
S105s	M120s	0.5272	0.7453	0.1786	0.2547	-0.1232	0.9971
S105s	P112b	0.0816	0.8598	-0.0414	0.9377	0.3743	0.5418
S105s	P112s	0.0816	0.8598	-0.0414	0.9377	0.3743	0.5418
S105s	P119b	0.2315	1.0668	-0.1339	0.8253	0.4919	0.4657
S105s	P119s	0.2315	1.0668	-0.1339	0.8253	0.4919	0.4657
S105s	Q116b	-0.9389	0.0750	-0.3282	0.8586	-0.4066	1.0227
S105s	Q116s	-0.9389	0.0750	-0.3282	0.8586	-0.4066	1.0227
S105s	R108b	0.7493	0.3211	0.2534	0.4685	-0.0097	0.3391
S105s	R108s	0.7493	0.3211	0.2534	0.4685	-0.0097	0.3391
S105s	T111b	0.3378	1.0471	-0.1088	0.7629	0.3118	0.5961
S105s	T111s	0.3378	1.0471	-0.1088	0.7629	0.3118	0.5961
S105s	W107b	-0.1213	0.7610	0.1044	0.6596	0.3031	0.4938
S105s	W107s	-0.1213	0.7610	0.1044	0.6596	0.3031	0.4938
T111b	A117b	0.1384	0.7550	-0.0852	0.9090	0.1226	1.0201
T111b	A117s	0.1384	0.7550	-0.0852	0.9090	0.1226	1.0201
T111b	L113b	0.4158	0.6505	0.1793	0.7441	0.1626	1.0080
T111b	L113s	0.4158	0.6505	0.1793	0.7441	0.1626	1.0080
T111b	L114b	-0.4617	0.5265	-0.9778	0.0285	0.2665	0.2796
T111b	L114s	-0.4617	0.5265	-0.9778	0.0285	0.2665	0.2796
T111b	L118b	0.8883	0.1059	0.7254	0.1879	0.3241	1.1021
T111b	L118s	0.8883	0.1059	0.7254	0.1879	0.3241	1.1021
T111b	M115b	-0.3523	1.1218	0.7485	0.2615	-0.4470	0.4602
T111b	M115s	-0.3523	1.1218	0.7485	0.2615	-0.4470	0.4602
T111b	M120b	0.9174	0.1409	-0.8819	0.1196	-0.0300	0.9124
T111b	M120s	0.9174	0.1409	-0.8819	0.1196	-0.0300	0.9124
T111b	P112b	-0.1348	1.0148	0.8847	0.1366	0.1459	0.9612
T111b	P112s	-0.1348	1.0148	0.8847	0.1366	0.1459	0.9612
T111b	P119b	-0.1432	1.0302	-0.2894	0.8554	-0.4006	0.4528
T111b	P119s	-0.1432	1.0302	-0.2894	0.8554	-0.4006	0.4528
T111b	Q116b	-0.4968	0.8524	-0.4247	0.5062	-0.5746	0.4780
T111b	Q116s	-0.4968	0.8524	-0.4247	0.5062	-0.5746	0.4780
T111s	A117b	0.1384	0.7550	-0.0852	0.9090	0.1226	1.0201
T111s	A117s	0.1384	0.7550	-0.0852	0.9090	0.1226	1.0201
T111s	L113b	0.4158	0.6505	0.1793	0.7441	0.1626	1.0080
T111s	L113s	0.4158	0.6505	0.1793	0.7441	0.1626	1.0080
T111s	L114b	-0.4617	0.5265	-0.9778	0.0285	0.2665	0.2796
T111s	L114s	-0.4617	0.5265	-0.9778	0.0285	0.2665	0.2796
T111s	L118b	0.8883	0.1059	0.7254	0.1879	0.3241	1.1021
T111s	L118s	0.8883	0.1059	0.7254	0.1879	0.3241	1.1021
T111s	M115b	-0.3523	1.1218	0.7485	0.2615	-0.4470	0.4602
T111s	M115s	-0.3523	1.1218	0.7485	0.2615	-0.4470	0.4602
T111s	M120b	0.9174	0.1409	-0.8819	0.1196	-0.0300	0.9124
T111s	M120s	0.9174	0.1409	-0.8819	0.1196	-0.0300	0.9124
T111s	P112b	-0.1348	1.0148	0.8847	0.1366	0.1459	0.9612
T111s	P112s	-0.1348	1.0148	0.8847	0.1366	0.1459	0.9612
T111s	P119b	-0.1432	1.0302	-0.2894	0.8554	-0.4006	0.4528
T111s	P119s	-0.1432	1.0302	-0.2894	0.8554	-0.4006	0.4528
T111s	Q116b	-0.4968	0.8524	-0.4247	0.5062	-0.5746	0.4780
T111s	Q116s	-0.4968	0.8524	-0.4247	0.5062	-0.5746	0.4780
V104b	A110b	0.3974	0.7584	0.3503	0.1893	0.3888	0.9284
V104b	A110s	0.3974	0.7584	0.3503	0.1893	0.3888	0.9284
V104b	A117b	-0.1040	0.8783	0.5753	0.5328	-0.3314	0.9228
V104b	A117s	-0.1040	0.8783	0.5753	0.5328	-0.3314	0.9228
V104b	K106b	-0.2475	1.0854	-0.7967	0.2132	0.3367	0.9885
V104b	K106s	-0.2475	1.0854	-0.7967	0.2132	0.3367	0.9885
V104b	L113b	-0.5371	0.5318	-0.2004	0.9490	0.3475	0.4884
V104b	L113s	-0.5371	0.5318	-0.2004	0.9490	0.3475	0.4884
V104b	L114b	0.8711	0.1984	0.1424	0.7699	-0.7278	0.2778
V104b	L114s	0.8711	0.1984	0.1424	0.7699	-0.7278	0.2778
V104b	L118b	-0.6968	0.3223	-0.8156	0.2677	0.0000	0.5685
V104b	L118s	-0.6968	0.3223	-0.8156	0.2677	0.0000	0.5685
V104b	M109b	-0.1156	0.9827	-0.0810	0.9175	0.3331	0.3561
V104b	M109s	-0.1156	0.9827	-0.0810	0.9175	0.3331	0.3561
V104b	M115b	0.6415	0.5945	-0.8086	0.1851	0.9577	0.0555
V104b	M115s	0.6415	0.5945	-0.8086	0.1851	0.9577	0.0555
V104b	M120b	-0.3792	1.0620	0.6032	0.4950	0.5469	0.7643
V104b	M120s	-0.3792	1.0620	0.6032	0.4950	0.5469	0.7643
V104b	P112b	-0.3769	1.0666	-0.0826	0.9535	-0.5574	0.3854
V104b	P112s	-0.3769	1.0666	-0.0826	0.9535	-0.5574	0.3854
V104b	P119b	0.2579	1.0678	-0.0677	0.5223	0.2387	0.6867
V104b	P119s	0.2579	1.0678	-0.0677	0.5223	0.2387	0.6867
V104b	Q116b	0.4352	0.9778	0.0683	0.8692	-0.0731	0.9255
V104b	Q116s	0.4352	0.9778	0.0683	0.8692	-0.0731	0.9255
V104b	R108b	-0.3039	0.8810	-0.2990	1.1127	0.4743	0.3683
V104b	R108s	-0.3039	0.8810	-0.2990	1.1127	0.4743	0.3683
V104b	S105b	-0.5834	0.6962	-0.3100	0.5913	-0.1968	1.0339
V104b	S105s	-0.5834	0.6962	-0.3100	0.5913	-0.1968	1.0339
V104b	T111b	-0.5599	0.7365	-0.2876	0.6527	-0.4866	0.5321
V104b	T111s	-0.5599	0.7365	-0.2876	0.6527	-0.4866	0.5321
V104b	W107b	0.6397	0.6192	0.2793	0.8826	-0.3155	0.1872
V104b	W107s	0.6397	0.6192	0.2793	0.8826	-0.3155	0.1872
V104s	A110b	0.3974	0.7584	0.3503	0.1893	0.3888	0.9284
V104s	A110s	0.3974	0.7584	0.3503	0.1893	0.3888	0.9284
V104s	A117b	-0.1040	0.8783	0.5753	0.5328	-0.3314	0.9228
V104s	A117s	-0.1040	0.8783	0.5753	0.5328	-0.3314	0.9228
V104s	K106b	-0.2475	1.0854	-0.7967	0.2132	0.3367	0.9885
V104s	K106s	-0.2475	1.0854	-0.7967	0.2132	0.3367	0.9885
V104s	L113b	-0.5371	0.5318	-0.2004	0.9490	0.3475	0.4884
V104s	L113s	-0.5371	0.5318	-0.2004	0.9490	0.3475	0.4884
V104s	L114b	0.8711	0.1984	0.1424	0.7699	-0.7278	0.2778
V104s	L114s	0.8711	0.1984	0.1424	0.7699	-0.7278	0.2778
V104s	L118b	-0.6968	0.3223	-0.8156	0.2677	0.0000	0.5685
V104s	L118s	-0.6968	0.3223	-0.8156	0.2677	0.0000	0.5685
V104s	M109b	-0.1156	0.9827	-0.0810	0.9175	0.3331	0.3561
V104s	M109s	-0.1156	0.9827	-0.0810	0.9175	0.3331	0.3561
V104s	M115b	0.6415	0.5945	-0.8086	0.1851	0.9577	0.0555
V104s	M115s	0.6415	0.5945	-0.8086	0.1851	0.9577	0.0555
V104s	M120b	-0.3792	1.0620	0.6032	0.4950	0.5469	0.7643
V104s	M120s	-0.3792	1.0620	0.6032	0.4950	0.5469	0.7643
V104s	P112b	-0.3769	1.0666	-0.0826	0.9535	-0.5574	0.3854
V104s	P112s	-0.3769	1.0666	-0.0826	0.9535	-0.5574	0.3854
V104s	P119b	0.2579	1.0678	-0.0677	0.5223	0.2387	0.6867
V104s	P119s	0.2579	1.0678	-0.0677	0.5223	0.2387	0.6867
V104s	Q116b	0.4352	0.9778	0.0683	0.8692	-0.0731	0.9255
V104s	Q116s	0.4352	0.9778	0.0683	0.8692	-0.0731	0.9255
V104s	R108b	-0.3039	0.8810	-0.2990	1.1127	0.4743	0.3683
V104s	R108s	-0.3039	0.8810	-0.2990	1.1127	0.4743	0.3683
V104s	S105b	-0.5834	0.6962	-0.3100	0.5913	-0.1968	1.0339
V104s	S105s	-0.5834	0.6962	-0.3100	0.5913	-0.1968	1.0339
V104s	T111b	-0.5599	0.7365	-0.2876	0.6527	-0.4866	0.5321
V104s	T111s	-0.5599	0.7365	-0.2876	0.6527	-0.4866	0.5321
V104s	W107b	0.6397	0.6192	0.2793	0.8826	-0.3155	0.1872
V104s	W107s	0.6397	0.6192	0.2793	0.8826	-0.3155	0.1872
W107b	A110b	0.8282	0.2337	0.2184	0.9993	0.0301	0.2650
W107b	A110s	0.8282	0.2337	0.2184	0.9993	0.0301	0.2650
W107b	A117b	0.2735	1.1065	-0.0486	0.9070	0.0595	0.4007
W107b	A117s	0.2735	1.1065	-0.0486	0.9070	0.0595	0.4007
W107b	L113b	-0.2462	1.0815	-0.9395	0.0316	-0.3243	0.8166
W107b	L113s	-0.2462	1.0815	-0.9395	0.0316	-0.3243	0.8166
W107b	L114b	0.3928	1.0437	0.1961	0.4831	0.3836	0.7098
W107b	L114s	0.3928	1.0437	0.1961	0.4831	0.3836	0.7098
W107b	L118b	-0.6932	0.2789	-0.4556	0.9002	-0.1749	0.8967
W107b	L118s	-0.6932	0.2789	-0.4556	0.9002	-0.1749	0.8967
W107b	M109b	0.3163	1.1399	0.4282	0.6009	0.2616	1.0897
W107b	M109s	0.3163	1.1399	0.4282	0.6009	0.2616	1.0897
W107b	M115b	0.3407	0.5933	-0.5197	0.8241	-0.3401	0.4464
W107b	M115s	0.3407	0.5933	-0.5197	0.8241	-0.3401	0.4464
W107b	M120b	-0.1046	0.8930	0.4918	0.6654	-0.4309	0.4360
W107b	M120s	-0.1046	0.8930	0.4918	0.6654	-0.4309	0.4360
W107b	P112b	-0.5028	0.8283	0.0770	0.6423	0.1837	0.8175
W107b	P112s	-0.5028	0.8283	0.0770	0.6423	0.1837	0.8175
W107b	P119b	0.5403	0.6361	-0.2125	0.6151	0.7074	0.3942
W107b	P119s	0.5403	0.6361	-0.2125	0.6151	0.7074	0.3942
W107b	Q116b	0.0643	0.8878	-0.3852	1.0017	0.3660	0.5412
W107b	Q116s	0.0643	0.8878	-0.3852	1.0017	0.3660	0.5412
W107b	R108b	-0.3314	0.9529	0.1644	0.9213	0.2220	1.0270
W107b	R108s	-0.3314	0.9529	0.1644	0.9213	0.2220	1.0270
W107b	T111b	-0.3273	0.6093	-0.3133	0.5343	-0.4869	0.5394
W107b	T111s	-0.3273	0.6093	-0.3133	0.5343	-0.4869	0.5394
W107s	A110b	0.8282	0.2337	0.2184	0.9993	0.0301	0.2650
W107s	A110s	0.8282	0.2337	0.2184	0.9993	0.0301	0.2650
W107s	A117b	0.2735	1.1065	-0.0486	0.9070	0.0595	0.4007
W107s	A117s	0.2735	1.1065	-0.0486	0.9070	0.0595	0.4007
W107s	L113b	-0.2462	1.0815	-0.9395	0.0316	-0.3243	0.8166
W107s	L113s	-0.2462	1.0815	-0.9395	0.0316	-0.3243	0.8166
W107s	L114b	0.3928	1.0437	0.1961	0.4831	0.3836	0.7098
W107s	L114s	0.3928	1.0437	0.1961	0.4831	0.3836	0.7098
W107s	L118b	-0.6932	0.2789	-0.4556	0.9002	-0.1749	0.8967
W107s	L118s	-0.6932	0.2789	-0.4556	0.9002	-0.1749	0.8967
W107s	M109b	0.3163	1.1399	0.4282	0.6009	0.2616	1.0897
W107s	M109s	0.3163	1.1399	0.4282	0.6009	0.2616	1.0897
W107s	M115b	0.3407	0.5933	-0.5197	0.8241	-0.3401	0.4464
W107s	M115s	0.3407	0.5933	-0.5197	0.8241	-0.3401	0.4464
W107s	M120b	-0.1046	0.8930	0.4918	0.6654	-0.4309	0.4360
W107s	M120s	-0.1046	0.8930	0.4918	0.6654	-0.4309	0.4360
W107s	P112b	-0.5028	0.8283	0.0770	0.6423	0.1837	0.8175
W107s	P112s	-0.5028	0.8283	0.0770	0.6423	0.1837	0.8175
W107s	P119b	0.5403	0.6361	-0.2125	0.6151	0.7074	0.3942
W107s	P119s	0.5403	0.6361	-0.2125	0.6151	0.7074	0.3942
W107s	Q116b	0.0643	0.8878	-0.3852	1.0017	0.3660	0.5412
W107s	Q116s	0.0643	0.8878	-0.3852	1.0017	0.3660	0.5412
W107s	R108b	-0.3314	0.9529	0.1644	0.9213	0.2220	1.0270
W107s	R108s	-0.3314	0.9529	0.1644	0.9213	0.2220	1.0270
W107s	T111b	-0.3273	0.6093	-0.3133	0.5343	-0.4869	0.5394
W107s	T111s	-0.3273	0.6093	-0.3133	0.5343	-0.4869	0.5394
