rgn1	rgn2	aT41A.pcca1	aT41A.pcca1	WT.pcca2	WT.pcca2	lsdm	sdiff	score	pval
		mf	sf	mf	sf				
A117b	M120b	-0.9066	0.0469	0.3946	0.5610	1	-0.1753	-2.3113	0.0208
A117b	M120s	-0.9066	0.0469	0.3946	0.5610	1	-0.1753	-2.3113	0.0208
A117s	M120b	-0.9066	0.0469	0.3946	0.5610	1	-0.1753	-2.3113	0.0208
A117s	M120s	-0.9066	0.0469	0.3946	0.5610	1	-0.1753	-2.3113	0.0208
K102b	P103b	0.0000	0.0000	-0.9705	0.0461	1	0.8783	21.0442	0.0000
K102b	P103s	0.0000	0.0000	-0.9705	0.0461	1	0.8783	21.0442	0.0000
K102b	P112b	0.0000	0.0000	-0.8047	0.3058	1	0.1932	2.6318	0.0085
K102b	P112s	0.0000	0.0000	-0.8047	0.3058	1	0.1932	2.6318	0.0085
K102b	P119b	0.0000	0.0000	0.9939	0.0106	1	-0.9727	-93.9752	0.0000
K102b	P119s	0.0000	0.0000	0.9939	0.0106	1	-0.9727	-93.9752	0.0000
K102s	P103b	0.0000	0.0000	-0.9705	0.0461	1	0.8783	21.0442	0.0000
K102s	P103s	0.0000	0.0000	-0.9705	0.0461	1	0.8783	21.0442	0.0000
K102s	P112b	0.0000	0.0000	-0.8047	0.3058	1	0.1932	2.6318	0.0085
K102s	P112s	0.0000	0.0000	-0.8047	0.3058	1	0.1932	2.6318	0.0085
K102s	P119b	0.0000	0.0000	0.9939	0.0106	1	-0.9727	-93.9752	0.0000
K102s	P119s	0.0000	0.0000	0.9939	0.0106	1	-0.9727	-93.9752	0.0000
R108b	M115b	0.6090	0.4456	-0.8447	0.1349	1	0.5225	3.1222	0.0018
R108b	M115s	0.6090	0.4456	-0.8447	0.1349	1	0.5225	3.1222	0.0018
R108b	Q116b	0.3206	0.4421	-0.8752	0.2161	1	0.2117	2.4303	0.0151
R108b	Q116s	0.3206	0.4421	-0.8752	0.2161	1	0.2117	2.4303	0.0151
R108s	M115b	0.6090	0.4456	-0.8447	0.1349	1	0.5225	3.1222	0.0018
R108s	M115s	0.6090	0.4456	-0.8447	0.1349	1	0.5225	3.1222	0.0018
R108s	Q116b	0.3206	0.4421	-0.8752	0.2161	1	0.2117	2.4303	0.0151
R108s	Q116s	0.3206	0.4421	-0.8752	0.2161	1	0.2117	2.4303	0.0151
V104b	L114b	-0.7278	0.2778	0.8711	0.1984	1	-0.9162	-4.6841	0.0000
V104b	L114s	-0.7278	0.2778	0.8711	0.1984	1	-0.9162	-4.6841	0.0000
V104s	L114b	-0.7278	0.2778	0.8711	0.1984	1	-0.9162	-4.6841	0.0000
V104s	L114s	-0.7278	0.2778	0.8711	0.1984	1	-0.9162	-4.6841	0.0000
W107b	A110b	0.0301	0.2650	0.8282	0.2337	1	-0.0914	-2.2588	0.0239
W107b	A110s	0.0301	0.2650	0.8282	0.2337	1	-0.0914	-2.2588	0.0239
W107s	A110b	0.0301	0.2650	0.8282	0.2337	1	-0.0914	-2.2588	0.0239
W107s	A110s	0.0301	0.2650	0.8282	0.2337	1	-0.0914	-2.2588	0.0239
