rgn1	rgn2	aT41A.pcca1	aT41A.pcca1	bN82A.pcca2	bN82A.pcca2	lsdm	sdiff	score	pval
		mf	sf	mf	sf				
K106b	P119b	0.8613	0.0620	0.1335	0.3063	1	0.1029	2.3292	0.0198
K106b	P119s	0.8613	0.0620	0.1335	0.3063	1	0.1029	2.3292	0.0198
K106s	P119b	0.8613	0.0620	0.1335	0.3063	1	0.1029	2.3292	0.0198
K106s	P119s	0.8613	0.0620	0.1335	0.3063	1	0.1029	2.3292	0.0198
L114b	M120b	-0.4355	0.4641	0.7808	0.1868	1	-0.2157	-2.4312	0.0150
L114b	M120s	-0.4355	0.4641	0.7808	0.1868	1	-0.2157	-2.4312	0.0150
L114s	M120b	-0.4355	0.4641	0.7808	0.1868	1	-0.2157	-2.4312	0.0150
L114s	M120s	-0.4355	0.4641	0.7808	0.1868	1	-0.2157	-2.4312	0.0150
MHCII	P112b	-0.0330	0.0119	0.0365	0.0277	1	-0.0092	-2.3059	0.0211
MHCII	P112s	-0.0330	0.0119	0.0365	0.0277	1	-0.0092	-2.3059	0.0211
MHCII	Q116b	0.0548	0.0355	-0.0458	0.0254	1	0.0133	2.3036	0.0212
MHCII	Q116s	0.0548	0.0355	-0.0458	0.0254	1	0.0133	2.3036	0.0212
P103b	K106b	-0.5836	0.2144	0.4371	0.3440	1	-0.2100	-2.5180	0.0118
P103b	K106s	-0.5836	0.2144	0.4371	0.3440	1	-0.2100	-2.5180	0.0118
P103b	L114b	-0.2514	0.0503	0.5392	0.3205	1	-0.1418	-2.4372	0.0148
P103b	L114s	-0.2514	0.0503	0.5392	0.3205	1	-0.1418	-2.4372	0.0148
P103b	P119b	-0.4003	0.5648	0.8944	0.0905	1	-0.1506	-2.2633	0.0236
P103b	P119s	-0.4003	0.5648	0.8944	0.0905	1	-0.1506	-2.2633	0.0236
P103s	K106b	-0.5836	0.2144	0.4371	0.3440	1	-0.2100	-2.5180	0.0118
P103s	K106s	-0.5836	0.2144	0.4371	0.3440	1	-0.2100	-2.5180	0.0118
P103s	L114b	-0.2514	0.0503	0.5392	0.3205	1	-0.1418	-2.4372	0.0148
P103s	L114s	-0.2514	0.0503	0.5392	0.3205	1	-0.1418	-2.4372	0.0148
P103s	P119b	-0.4003	0.5648	0.8944	0.0905	1	-0.1506	-2.2633	0.0236
P103s	P119s	-0.4003	0.5648	0.8944	0.0905	1	-0.1506	-2.2633	0.0236
R108b	M109b	0.9852	0.0067	-0.4078	0.5470	1	0.2989	2.5465	0.0109
R108b	M109s	0.9852	0.0067	-0.4078	0.5470	1	0.2989	2.5465	0.0109
R108s	M109b	0.9852	0.0067	-0.4078	0.5470	1	0.2989	2.5465	0.0109
R108s	M109s	0.9852	0.0067	-0.4078	0.5470	1	0.2989	2.5465	0.0109
T111b	L114b	0.2665	0.2796	-0.9778	0.0285	1	0.6821	4.4266	0.0000
T111b	L114s	0.2665	0.2796	-0.9778	0.0285	1	0.6821	4.4266	0.0000
T111b	M115b	-0.4470	0.4602	0.7485	0.2615	1	-0.1368	-2.2585	0.0239
T111b	M115s	-0.4470	0.4602	0.7485	0.2615	1	-0.1368	-2.2585	0.0239
T111s	L114b	0.2665	0.2796	-0.9778	0.0285	1	0.6821	4.4266	0.0000
T111s	L114s	0.2665	0.2796	-0.9778	0.0285	1	0.6821	4.4266	0.0000
T111s	M115b	-0.4470	0.4602	0.7485	0.2615	1	-0.1368	-2.2585	0.0239
T111s	M115s	-0.4470	0.4602	0.7485	0.2615	1	-0.1368	-2.2585	0.0239
V104b	M115b	0.9577	0.0555	-0.8086	0.1851	1	1.3798	9.1396	0.0000
V104b	M115s	0.9577	0.0555	-0.8086	0.1851	1	1.3798	9.1396	0.0000
V104s	M115b	0.9577	0.0555	-0.8086	0.1851	1	1.3798	9.1396	0.0000
V104s	M115s	0.9577	0.0555	-0.8086	0.1851	1	1.3798	9.1396	0.0000
