rgn1	rgn2	bN82A.pcca2	bN82A.pcca2	WT.pcca2	WT.pcca2	lsdm	sdiff	score	pval
		mf	sf	mf	sf				
L118b	M120b	-0.9368	0.0583	0.6774	0.4273	1	-0.7516	-3.7427	0.0002
L118b	M120s	-0.9368	0.0583	0.6774	0.4273	1	-0.7516	-3.7427	0.0002
L118s	M120b	-0.9368	0.0583	0.6774	0.4273	1	-0.7516	-3.7427	0.0002
L118s	M120s	-0.9368	0.0583	0.6774	0.4273	1	-0.7516	-3.7427	0.0002
P103b	P112b	-0.5885	0.2665	0.7729	0.2273	1	-0.6608	-3.8865	0.0001
P103b	P112s	-0.5885	0.2665	0.7729	0.2273	1	-0.6608	-3.8865	0.0001
P103b	P119b	0.8944	0.0905	-0.9721	0.0452	1	1.6643	18.4504	0.0000
P103b	P119s	0.8944	0.0905	-0.9721	0.0452	1	1.6643	18.4504	0.0000
P103s	P112b	-0.5885	0.2665	0.7729	0.2273	1	-0.6608	-3.8865	0.0001
P103s	P112s	-0.5885	0.2665	0.7729	0.2273	1	-0.6608	-3.8865	0.0001
P103s	P119b	0.8944	0.0905	-0.9721	0.0452	1	1.6643	18.4504	0.0000
P103s	P119s	0.8944	0.0905	-0.9721	0.0452	1	1.6643	18.4504	0.0000
S105b	M115b	0.1003	0.1594	-0.9552	0.0645	1	0.7116	6.1381	0.0000
S105b	M115s	0.1003	0.1594	-0.9552	0.0645	1	0.7116	6.1381	0.0000
S105s	M115b	0.1003	0.1594	-0.9552	0.0645	1	0.7116	6.1381	0.0000
S105s	M115s	0.1003	0.1594	-0.9552	0.0645	1	0.7116	6.1381	0.0000
T111b	M120b	-0.8819	0.1196	0.9174	0.1409	1	-1.4296	-9.7342	0.0000
T111b	M120s	-0.8819	0.1196	0.9174	0.1409	1	-1.4296	-9.7342	0.0000
T111s	M120b	-0.8819	0.1196	0.9174	0.1409	1	-1.4296	-9.7342	0.0000
T111s	M120s	-0.8819	0.1196	0.9174	0.1409	1	-1.4296	-9.7342	0.0000
V104b	M115b	-0.8086	0.1851	0.6415	0.5945	1	-0.2048	-2.3290	0.0199
V104b	M115s	-0.8086	0.1851	0.6415	0.5945	1	-0.2048	-2.3290	0.0199
V104s	M115b	-0.8086	0.1851	0.6415	0.5945	1	-0.2048	-2.3290	0.0199
V104s	M115s	-0.8086	0.1851	0.6415	0.5945	1	-0.2048	-2.3290	0.0199
