index	seg1	res1	rnm1	seg2	res2	rnm2	aT41A.pcca1	aT41A.pcca1	WT.pcca2	WT.pcca2	lsdm	sdiff	score	pval
							mf	sf	mf	sf				
46	A	4	GLU	A	51	PHE	0.5136	0.2568	-0.0999	0.0918	1	0.0680	2.2492	0.0245
80	A	4	GLU	A	85	VAL	-0.2750	0.1390	0.1298	0.1415	1	-0.0080	-2.0406	0.0413
91	A	4	GLU	A	96	PRO	0.1230	0.1739	-0.4094	0.1413	1	0.0843	2.3762	0.0175
100	A	4	GLU	A	105	LEU	-0.1702	0.2407	0.6357	0.2768	1	-0.0724	-2.1973	0.0280
229	A	4	GLU	B	53	LEU	0.2660	0.1331	-0.0004	0.0006	1	0.0002	2.0018	0.0453
243	A	4	GLU	B	67	LEU	0.1948	0.0979	-0.0773	0.0408	1	0.0601	2.5666	0.0103
303	A	4	GLU	B	127	ILE	-0.5811	0.2939	0.0332	0.0470	1	-0.0190	-2.0639	0.0390
396	A	5	HIP	A	16	PRO	0.6082	0.3100	-0.0520	0.0735	1	0.0229	2.0718	0.0383
409	A	5	HIP	A	29	ASH	0.0971	0.1373	-0.4963	0.2551	1	0.0140	2.0485	0.0405
1171	A	7	ILE	A	24	PHE	-0.0058	0.0082	-0.3682	0.1797	1	0.0026	2.0144	0.0440
1243	A	7	ILE	A	96	PRO	0.0390	0.0552	-0.7534	0.3601	1	0.0639	2.1753	0.0296
1252	A	7	ILE	A	105	LEU	-0.0469	0.0663	0.9702	0.4181	1	-0.1704	-2.4025	0.0163
1300	A	7	ILE	A	153	PHE	-0.3123	0.2008	0.3246	0.2238	1	-0.0355	-2.1181	0.0342
1323	A	7	ILE	A	176	LYS	-0.0081	0.0114	0.3501	0.1752	1	-0.0070	-2.0396	0.0414
1941	A	9	GLN	A	31	ILE	0.0502	0.0710	-0.6273	0.3222	1	0.0177	2.0538	0.0400
2063	A	9	GLN	A	153	PHE	-0.3438	0.1948	0.5376	0.3826	1	-0.0228	-2.0531	0.0401
2093	A	9	GLN	A	183	PRO	-0.0236	0.0334	0.2093	0.1053	1	-0.0120	-2.1086	0.0350
2125	A	9	GLN	B	34	GLN	0.0536	0.0758	-0.4720	0.2184	1	0.0633	2.2738	0.0230
3834	A	14	LEU	A	34	VAL	-0.1188	0.1680	-0.6810	0.1074	1	0.1634	2.8193	0.0048
3885	A	14	LEU	A	85	VAL	0.0836	0.1182	-0.4788	0.2497	1	0.0099	2.0357	0.0418
3893	A	14	LEU	A	93	THR	0.1619	0.2289	-0.5231	0.1668	1	0.1184	2.4179	0.0156
3907	A	14	LEU	A	107	CYX	0.1641	0.2320	-0.4887	0.2256	1	0.0054	2.0168	0.0437
3987	A	14	LEU	B	6	ARG	-0.1625	0.2298	-0.9279	0.2164	1	0.1341	2.4248	0.0153
4144	A	14	LEU	B	163	THR	-0.0351	0.0496	0.2522	0.1335	1	-0.0024	-2.0169	0.0437
4161	A	14	LEU	B	180	VAL	0.1117	0.1579	-0.4768	0.0900	1	0.2249	3.2375	0.0012
4219	A	15	ASN	A	44	ARG	-0.1666	0.0833	0.0290	0.0410	1	-0.0099	-2.1067	0.0351
4600	A	16	PRO	A	51	PHE	-0.3107	0.2368	0.6121	0.3714	1	-0.0420	-2.0953	0.0361
4776	A	16	PRO	B	46	GLU	0.4136	0.2078	-0.0823	0.1163	1	0.0195	2.0820	0.0373
4842	A	16	PRO	B	112	HIE	-0.0213	0.0302	0.2123	0.1091	1	-0.0072	-2.0634	0.0391
4896	A	16	PRO	B	166	ARG	-0.2559	0.1286	0.0368	0.0521	1	-0.0153	-2.1103	0.0348
5380	A	18	GLN	A	86	PRO	0.2116	0.2993	-1.0249	0.2998	1	0.3893	2.9191	0.0035
5711	A	19	SER	A	46	GLU	-0.4569	0.2301	0.0128	0.0181	1	-0.0081	-2.0349	0.0419
6083	A	20	GLY	A	48	PHE	-0.1810	0.1378	0.6583	0.3311	1	-0.1220	-2.3401	0.0193
6120	A	20	GLY	A	85	VAL	0.6501	0.2548	-0.3857	0.2057	1	0.3810	3.1634	0.0016
6174	A	20	GLY	A	139	PRO	0.1812	0.1399	-0.5169	0.3039	1	0.0291	2.0869	0.0369
6241	A	20	GLY	B	25	ARG	0.6132	0.2607	-0.3535	0.2660	1	0.2217	2.5951	0.0095
6311	A	20	GLY	B	95	VAL	0.0705	0.0997	-0.4217	0.2199	1	0.0094	2.0388	0.0415
6338	A	20	GLY	B	122	PHE	0.2550	0.1320	-0.6963	0.4419	1	0.0288	2.0625	0.0392
6355	A	20	GLY	B	139	LYS	-0.3520	0.2339	0.8026	0.3564	1	-0.3020	-2.7085	0.0068
6813	A	22	PHE	A	41	MTS	-0.6464	0.3259	0.0165	0.0233	1	-0.0095	-2.0291	0.0425
6818	A	22	PHE	A	46	GLU	-0.4632	0.2769	0.3391	0.1733	1	-0.1489	-2.4559	0.0141
6850	A	22	PHE	A	78	ASN	0.1286	0.1819	-0.8001	0.3642	1	0.1146	2.2814	0.0225
6969	A	22	PHE	B	16	HIP	0.3278	0.2593	-0.3635	0.1871	1	0.0518	2.1621	0.0306
7016	A	22	PHE	B	63	SER	-0.3911	0.2083	0.0610	0.0863	1	-0.0012	-2.0054	0.0449
7221	A	23	MET	A	82	ILE	0.1258	0.1780	-0.4803	0.2402	1	0.0083	2.0278	0.0426
7251	A	23	MET	A	112	PHE	0.1556	0.2201	-0.7429	0.2453	1	0.2395	2.7267	0.0064
7295	A	23	MET	A	156	SER	-0.4739	0.2875	0.4445	0.2243	1	-0.1891	-2.5187	0.0118
7298	A	23	MET	A	159	ASP	-0.0884	0.1250	0.6255	0.3131	1	-0.0397	-2.1177	0.0342
7300	A	23	MET	A	161	TYR	-0.5234	0.4417	1.0381	0.5175	1	-0.2008	-2.2951	0.0217
7331	A	23	MET	B	11	LEU	0.0738	0.1043	-0.4076	0.2081	1	0.0157	2.0675	0.0387
7348	A	23	MET	B	28	GLU	0.3705	0.2086	-0.4805	0.2418	1	0.2124	2.6650	0.0077
7353	A	23	MET	B	33	ASN	0.4825	0.2698	-0.4914	0.2591	1	0.2258	2.6037	0.0092
7355	A	23	MET	B	35	GLU	0.5297	0.2736	-0.2926	0.2523	1	0.0780	2.2095	0.0271
7384	A	23	MET	B	64	GLN	-0.0208	0.0294	0.2314	0.1177	1	-0.0096	-2.0791	0.0376
7420	A	23	MET	B	100	THR	-0.3110	0.1580	0.0706	0.0999	1	-0.0078	-2.0420	0.0412
7423	A	23	MET	B	103	PRO	-0.4255	0.2412	0.3994	0.2001	1	-0.1981	-2.6322	0.0085
7436	A	23	MET	B	116	VAL	-0.1725	0.0951	0.4404	0.2669	1	-0.0463	-2.1634	0.0305
7695	A	24	PHE	B	9	TRP	-0.0294	0.0416	-0.9672	0.2643	1	0.4026	3.5043	0.0005
7720	A	24	PHE	B	34	GLN	0.1928	0.2727	-0.4748	0.1420	1	0.0528	2.1719	0.0299
7777	A	24	PHE	B	91	VAL	0.0333	0.0471	-0.3817	0.1927	1	0.0183	2.0920	0.0364
7798	A	24	PHE	B	112	HIE	0.0860	0.1216	-0.6003	0.0901	1	0.3836	4.5340	0.0000
8186	A	25	ASH	B	135	GLY	-0.4606	0.1181	0.1304	0.1845	1	-0.1530	-2.6988	0.0070
8198	A	25	ASH	B	147	LEU	0.4664	0.2356	-0.1246	0.1762	1	0.0026	2.0088	0.0446
8218	A	25	ASH	B	167	SER	-0.6972	0.1530	0.1667	0.2358	1	-0.3019	-3.0741	0.0021
8221	A	25	ASH	B	170	VAL	-0.2193	0.1099	0.0069	0.0097	1	-0.0056	-2.0507	0.0403
8230	A	25	ASH	B	179	SER	0.3297	0.1722	-0.0409	0.0578	1	0.0074	2.0405	0.0413
8249	A	25	ASH	C	109	MET	-0.4240	0.2314	0.1359	0.0878	1	-0.0649	-2.2624	0.0237
8578	A	26	PHE	B	163	THR	0.3018	0.1985	-0.5049	0.2861	1	0.1103	2.3168	0.0205
9051	A	28	GLY	A	92	LEU	-0.0737	0.1042	0.3146	0.1609	1	-0.0049	-2.0255	0.0428
9180	A	28	GLY	B	40	PHE	0.3172	0.2013	-0.1740	0.0930	1	0.0478	2.2155	0.0267
9215	A	28	GLY	B	75	VAL	-0.4992	0.2502	0.3039	0.2516	1	-0.0935	-2.2635	0.0236
9226	A	28	GLY	B	86	GLY	0.2745	0.1427	-0.1188	0.1131	1	0.0291	2.1598	0.0308
9264	A	28	GLY	B	124	PRO	0.0215	0.0303	-0.4859	0.2515	1	0.0008	2.0030	0.0452
9370	A	29	ASH	A	50	ARG	-0.2875	0.1787	0.4794	0.2421	1	-0.1652	-2.5491	0.0108
9505	A	29	ASH	B	4	ARG	-0.1342	0.0683	0.0300	0.0424	1	-0.0035	-2.0433	0.0410
9535	A	29	ASH	B	34	GLN	0.0635	0.0898	-0.8422	0.4015	1	0.0829	2.2016	0.0277
9541	A	29	ASH	B	40	PHE	0.3741	0.2061	-0.3294	0.2823	1	0.0045	2.0128	0.0441
9574	A	29	ASH	B	73	ALA	-0.1366	0.1932	1.2844	0.5026	1	-0.3441	-2.6391	0.0083
9812	A	30	GLU	A	132	VAL	0.5213	0.2617	-0.0311	0.0440	1	0.0216	2.0815	0.0374
9896	A	30	GLU	B	35	GLU	0.6872	0.2817	-0.3321	0.2494	1	0.2669	2.7093	0.0067
9947	A	30	GLU	B	86	GLY	-0.1409	0.0706	0.0006	0.0009	1	-0.0003	-2.0043	0.0450
10035	A	30	GLU	B	174	GLN	-1.0611	0.4138	0.0766	0.1083	1	-0.2823	-2.6599	0.0078
10059	A	30	GLU	C	109	MET	-0.5946	0.3014	0.2991	0.3242	1	-0.0084	-2.0190	0.0435
10073	A	31	ILE	A	34	VAL	0.0825	0.1167	-0.4756	0.2434	1	0.0183	2.0678	0.0387
10182	A	31	ILE	A	143	HIE	-0.0089	0.0126	0.1007	0.0511	1	-0.0044	-2.0835	0.0372
10350	A	31	ILE	B	130	ARG	-0.3624	0.1836	0.0861	0.1218	1	-0.0079	-2.0359	0.0418
11009	A	33	HIP	B	74	ALA	0.5757	0.2880	-0.1122	0.1587	1	0.0302	2.0919	0.0365
11093	A	33	HIP	B	158	LEU	0.3087	0.1584	-0.0584	0.0825	1	0.0099	2.0556	0.0398
11297	A	34	VAL	B	6	ARG	-0.1858	0.2628	-1.2222	0.4162	1	0.0520	2.1057	0.0352
11346	A	34	VAL	B	55	ARG	-0.1050	0.1484	0.5282	0.2727	1	-0.0122	-2.0394	0.0414
11640	A	35	ASP	A	175	LEU	-1.1499	0.6088	0.2037	0.2881	1	-0.0065	-2.0097	0.0445
11757	A	35	ASP	B	111	HIP	-0.4817	0.2411	0.0267	0.0377	1	-0.0203	-2.0831	0.0372
11818	A	35	ASP	B	172	THR	0.7991	0.3675	-0.1461	0.2066	1	0.1020	2.2419	0.0250
11979	A	36	MET	A	160	VAL	0.6154	0.3078	-0.1671	0.2009	1	0.0474	2.1291	0.0332
11987	A	36	MET	A	168	TRP	0.3575	0.1788	-0.6801	0.3517	1	0.2484	2.6297	0.0085
12027	A	36	MET	B	27	LEU	-0.2512	0.1408	0.4897	0.2831	1	-0.1085	-2.3433	0.0191
12052	A	36	MET	B	52	GLU	-0.5525	0.2871	0.2425	0.1791	1	-0.1182	-2.3493	0.0188
12593	A	38	LYS	A	69	ASN	0.1073	0.1518	-0.4498	0.2249	1	0.0145	2.0534	0.0400
13853	A	41	MTS	B	98	LYS	-0.4449	0.2276	0.1043	0.1475	1	-0.0067	-2.0247	0.0429
14548	A	43	TRP	B	98	LYS	-1.0758	0.4444	0.0559	0.0791	1	-0.2290	-2.5074	0.0122
15046	A	45	LEU	A	86	PRO	1.0683	0.3136	0.3399	0.1725	1	0.0126	2.0352	0.0418
15084	A	45	LEU	A	124	ASN	0.1328	0.1441	-0.5434	0.2719	1	0.0608	2.1976	0.0280
15099	A	45	LEU	A	139	PRO	-0.5766	0.3334	0.4146	0.2791	1	-0.1216	-2.2795	0.0226
15287	A	45	LEU	B	146	GLY	0.9411	0.4491	-0.2543	0.3596	1	0.0447	2.0777	0.0377
16197	A	48	PHE	B	27	LEU	0.7085	0.4451	-0.3752	0.2961	1	0.0146	2.0274	0.0426
16454	A	49	GLY	A	124	ASN	-0.0301	0.0425	-0.7025	0.0436	1	0.5507	11.0460	0.0000
16469	A	49	GLY	A	139	PRO	-0.1186	0.1678	0.4596	0.2299	1	-0.0090	-2.0316	0.0422
17081	A	51	PHE	A	72	ILE	-1.0215	0.4080	0.5587	0.3308	1	-0.5297	-3.0084	0.0026
17127	A	51	PHE	A	118	ASN	0.7024	0.2428	-0.0148	0.0209	1	0.2298	2.9429	0.0033
17244	A	51	PHE	B	54	GLY	-0.4763	0.1950	0.1728	0.2444	1	-0.0238	-2.0762	0.0379
17486	A	52	ALA	A	139	PRO	-0.4314	0.2171	0.0231	0.0327	1	-0.0155	-2.0708	0.0384
17939	A	53	SER	B	74	ALA	-0.1348	0.1906	0.5148	0.2579	1	-0.0082	-2.0256	0.0428
17974	A	53	SER	B	109	LEU	-0.0428	0.0605	0.4136	0.2069	1	-0.0253	-2.1175	0.0342
18538	A	55	GLU	A	183	PRO	-0.4737	0.2445	0.1069	0.1512	1	-0.0057	-2.0197	0.0434
18566	A	55	GLU	B	30	CYS	0.7046	0.5184	-0.6574	0.3979	1	0.0550	2.0842	0.0371
18717	A	55	GLU	B	181	THR	0.4621	0.2401	-0.0574	0.0812	1	0.0126	2.0497	0.0404
18750	A	56	ALA	A	61	ALA	-0.5930	0.4114	0.5103	0.2711	1	-0.1180	-2.2394	0.0251
18777	A	56	ALA	A	88	GLU	0.3389	0.1755	-0.1665	0.1373	1	0.0597	2.2680	0.0233
18906	A	56	ALA	B	36	GLU	0.5376	0.2776	-0.3062	0.2193	1	0.1363	2.3854	0.0171
18933	A	56	ALA	B	63	SER	-0.2937	0.1474	0.0662	0.0937	1	-0.0106	-2.0606	0.0393
18948	A	56	ALA	B	78	TYR	-0.5761	0.3029	0.1079	0.1526	1	-0.0058	-2.0170	0.0437
18992	A	56	ALA	B	122	PHE	0.3314	0.2002	-0.4246	0.2199	1	0.1613	2.5424	0.0110
19009	A	56	ALA	B	139	LYS	-0.0148	0.0209	0.4563	0.2292	1	-0.0107	-2.0467	0.0407
19119	A	57	GLN	A	97	VAL	-0.0896	0.1268	1.3680	0.6801	1	-0.0740	-2.1070	0.0351
19292	A	57	GLN	B	89	PHE	-0.2479	0.3506	0.5733	0.1568	1	-0.0531	-2.1384	0.0325
19374	A	57	GLN	B	171	TYR	-0.1314	0.1858	-1.0990	0.4074	1	0.0722	2.1612	0.0307
19391	A	57	GLN	B	188	TRP	-0.1948	0.2755	-1.3505	0.4861	1	0.0382	2.0683	0.0386
19505	A	58	GLY	A	151	LEU	-0.5786	0.2930	0.1358	0.1920	1	-0.0137	-2.0391	0.0414
19571	A	58	GLY	B	36	GLU	0.2550	0.1289	-0.0062	0.0087	1	0.0028	2.0216	0.0432
19606	A	58	GLY	B	71	ARG	0.4503	0.2294	-0.1005	0.1422	1	0.0110	2.0407	0.0413
19644	A	58	GLY	B	109	LEU	0.1952	0.1043	-0.0292	0.0412	1	0.0001	2.0007	0.0454
19900	A	59	ALA	B	34	GLN	0.0261	0.0369	-0.2449	0.1226	1	0.0149	2.1161	0.0343
19959	A	59	ALA	B	93	ARG	-0.0374	0.0529	0.3501	0.1784	1	-0.0154	-2.0828	0.0373
20044	A	59	ALA	B	178	PRO	-0.0532	0.0752	0.3505	0.1823	1	-0.0094	-2.0475	0.0406
20215	A	60	LEU	B	19	ASN	-0.3423	0.1911	0.4846	0.2508	1	-0.1963	-2.6226	0.0087
20275	A	60	LEU	B	79	CYX	-0.3234	0.2273	0.5549	0.3381	1	-0.0635	-2.1559	0.0311
20369	A	60	LEU	B	173	CYX	0.0941	0.1331	-0.4891	0.2549	1	0.0081	2.0281	0.0425
20513	A	61	ALA	A	169	GLY	0.5691	0.1594	-0.3272	0.2035	1	0.3792	3.4665	0.0005
20567	A	61	ALA	B	42	SER	-0.3977	0.2083	0.4952	0.3413	1	-0.0932	-2.2331	0.0255
20652	A	61	ALA	B	127	ILE	1.0246	0.3353	-0.1418	0.2005	1	0.3851	2.9856	0.0028
20663	A	61	ALA	B	138	GLU	0.3105	0.2258	-0.6844	0.3759	1	0.1179	2.2688	0.0233
21129	A	63	ILE	A	130	THR	-0.4044	0.2175	2.0163	1.1002	1	-0.1777	-2.1585	0.0309
21306	A	63	ILE	B	126	SER	0.0619	0.0876	-0.4631	0.2316	1	0.0298	2.1205	0.0340
21392	A	64	ALA	A	67	LYS	-0.3753	0.2284	0.1926	0.1140	1	-0.0574	-2.2249	0.0261
21398	A	64	ALA	A	73	MET	0.0348	0.0492	-0.2981	0.1526	1	0.0122	2.0762	0.0379
21494	A	64	ALA	A	169	GLY	0.4665	0.3283	-0.2746	0.1669	1	0.0044	2.0120	0.0442
21665	A	64	ALA	B	159	VAL	0.4029	0.2021	-0.0723	0.1023	1	0.0221	2.0975	0.0359
21706	A	64	ALA	C	111	THR	-0.0541	0.0764	0.3859	0.1945	1	-0.0220	-2.1050	0.0353
22551	A	67	LYS	B	73	ALA	0.1088	0.1538	-0.5700	0.1506	1	0.2482	3.1527	0.0016
23023	A	69	ASN	A	83	THR	-0.5860	0.1850	0.0571	0.0808	1	-0.2394	-3.1858	0.0014
23046	A	69	ASN	A	106	ILE	-0.1674	0.0978	0.4937	0.2840	1	-0.0603	-2.2006	0.0278
23177	A	69	ASN	B	56	PRO	-0.1711	0.1273	0.4324	0.2165	1	-0.1012	-2.4031	0.0163
23186	A	69	ASN	B	65	LYS	-0.4318	0.1999	-0.0168	0.0238	1	-0.0125	-2.0620	0.0392
23300	A	69	ASN	B	179	SER	0.3000	0.1576	-0.0409	0.0578	1	0.0051	2.0304	0.0423
23345	A	70	LEU	A	85	VAL	-0.3705	0.1625	0.0617	0.0873	1	-0.0633	-2.3435	0.0191
23815	A	71	GLU	B	55	ARG	-0.3200	0.2802	0.3361	0.1694	1	-0.0013	-2.0040	0.0451
23840	A	71	GLU	B	80	ARG	-0.4288	0.2161	0.0794	0.1123	1	-0.0212	-2.0869	0.0369
23940	A	71	GLU	B	180	VAL	0.0862	0.1772	-0.5001	0.1860	1	0.0724	2.2818	0.0225
24038	A	72	ILE	A	141	GLU	-0.3193	0.2366	0.2131	0.1218	1	-0.0002	-2.0009	0.0454
24054	A	72	ILE	A	157	THR	0.9749	0.3831	0.1215	0.1719	1	0.0136	2.0323	0.0421
24132	A	72	ILE	B	54	GLY	-0.6008	0.2562	-0.0378	0.0535	1	-0.0395	-2.1511	0.0315
24135	A	72	ILE	B	57	ASP	-0.4596	0.2336	0.0387	0.0547	1	-0.0185	-2.0769	0.0378
24173	A	72	ILE	B	95	VAL	0.0731	0.1034	-0.4416	0.2216	1	0.0257	2.1053	0.0353
24190	A	72	ILE	B	112	HIE	-0.0290	0.0410	0.4145	0.1728	1	-0.0884	-2.4976	0.0125
24200	A	72	ILE	B	122	PHE	0.3313	0.1837	-0.6307	0.4347	1	0.0181	2.0383	0.0415
24476	A	73	MET	B	81	HIP	0.5513	0.2915	-0.4250	0.2884	1	0.1562	2.3809	0.0173
24589	A	73	MET	C	105	SER	0.4414	0.2236	-0.0345	0.0487	1	0.0181	2.0793	0.0376
24654	A	74	THR	A	124	ASN	-0.0024	0.0034	0.3047	0.1524	1	-0.0022	-2.0147	0.0439
24789	A	74	THR	B	78	TYR	-0.1315	0.0658	0.0328	0.0465	1	-0.0032	-2.0394	0.0414
24826	A	74	THR	B	115	LEU	-0.1004	0.0740	0.3271	0.1741	1	-0.0491	-2.2594	0.0239
24997	A	75	LYS	A	152	PRO	-0.4669	0.3679	0.3851	0.1926	1	-0.0215	-2.0519	0.0402
25028	A	75	LYS	A	183	PRO	0.3795	0.1898	-0.0104	0.0146	1	0.0092	2.0482	0.0405
25148	A	75	LYS	B	122	PHE	0.0105	0.0149	-0.2521	0.1261	1	0.0087	2.0682	0.0386
25233	A	75	LYS	C	118	LEU	0.3025	0.1549	-0.0756	0.1069	1	0.0016	2.0088	0.0446
25426	A	76	ARG	B	86	GLY	0.1130	0.0971	-0.3033	0.1587	1	0.0442	2.2373	0.0253
25482	A	76	ARG	B	142	VAL	1.1605	0.5442	0.0303	0.0428	1	0.0385	2.0705	0.0384
25503	A	76	ARG	B	163	THR	0.3729	0.2471	-0.4378	0.3036	1	0.0279	2.0712	0.0383
25737	A	77	SER	B	84	GLY	0.0142	0.0202	0.6979	0.2443	1	-0.1934	-2.7887	0.0053
25812	A	77	SER	B	159	VAL	0.3237	0.2131	-0.4055	0.2332	1	0.0974	2.3082	0.0210
25911	A	78	ASN	A	127	PRO	-0.0924	0.1307	0.4585	0.2293	1	-0.0231	-2.0874	0.0369
26698	A	80	THR	B	112	HIE	-0.0426	0.0603	0.3278	0.1707	1	-0.0083	-2.0458	0.0408
27532	A	83	THR	B	22	GLU	-0.4811	0.2502	0.0531	0.0751	1	-0.0117	-2.0448	0.0409
28383	A	86	PRO	A	139	PRO	0.4053	0.2569	-0.7811	0.5097	1	0.0449	2.0787	0.0376
28489	A	86	PRO	B	64	GLN	0.4955	0.2714	-0.6303	0.3690	1	0.2097	2.4577	0.0140
28663	A	87	PRO	A	116	VAL	0.4105	0.2868	-0.3419	0.2017	1	0.0511	2.1457	0.0319
28809	A	87	PRO	B	81	HIP	0.3363	0.2641	-0.3352	0.1677	1	0.0458	2.1465	0.0318
28985	A	88	GLU	A	136	VAL	0.2996	0.1552	-0.0421	0.0596	1	0.0093	2.0559	0.0398
28988	A	88	GLU	A	139	PRO	0.3254	0.1837	-0.5844	0.3167	1	0.1775	2.4849	0.0130
29142	A	88	GLU	B	112	HIE	0.0450	0.0637	0.6946	0.2529	1	-0.1280	-2.4908	0.0127
29412	A	89	VAL	B	81	HIP	0.2839	0.1478	-0.0317	0.0448	1	0.0068	2.0443	0.0409
30204	A	92	LEU	A	157	THR	-0.6812	0.3529	0.0781	0.1104	1	-0.0198	-2.0535	0.0400
30292	A	92	LEU	B	64	GLN	0.4579	0.2290	-0.0668	0.0914	1	0.0317	2.1284	0.0333
30391	A	92	LEU	B	163	THR	-0.3292	0.3380	0.6358	0.3430	1	-0.0018	-2.0038	0.0451
30496	A	93	THR	A	152	PRO	-0.8027	0.2668	0.3171	0.3807	1	-0.1901	-2.4089	0.0160
30633	A	93	THR	B	108	PRO	-0.0742	0.1261	0.4876	0.1008	1	-0.2391	-3.4812	0.0005
31378	A	96	PRO	A	149	HIE	-0.0252	0.0357	0.2092	0.1046	1	-0.0134	-2.1211	0.0339
31380	A	96	PRO	A	151	LEU	0.0071	0.0100	0.4448	0.1871	1	-0.0631	-2.3367	0.0195
31403	A	96	PRO	A	174	LEU	0.2053	0.2903	-0.5873	0.2644	1	0.0073	2.0185	0.0435
31438	A	96	PRO	B	28	GLU	0.1107	0.1566	-0.4757	0.2422	1	0.0095	2.0330	0.0421
31544	A	96	PRO	B	134	ASN	-0.0464	0.0657	0.3900	0.2007	1	-0.0140	-2.0664	0.0388
31564	A	96	PRO	B	154	THR	0.0673	0.0952	-0.6751	0.3335	1	0.0488	2.1408	0.0323
31673	A	97	VAL	A	151	LEU	-0.6079	0.4247	0.8575	0.4828	1	-0.1794	-2.2790	0.0227
31696	A	97	VAL	A	174	LEU	0.3224	0.5115	-1.0164	0.2718	1	0.1803	2.3113	0.0208
31716	A	97	VAL	B	13	PHE	0.1370	0.0850	-0.4824	0.2928	1	0.0096	2.0315	0.0422
31729	A	97	VAL	B	26	LEU	0.2407	0.1663	-0.7598	0.2313	1	0.4307	3.5117	0.0004
31734	A	97	VAL	B	31	ILE	0.9755	0.3019	-0.2459	0.1357	1	0.5594	3.6900	0.0002
31822	A	97	VAL	B	119	VAL	0.0905	0.1279	0.6806	0.2015	1	-0.1129	-2.4731	0.0134
31857	A	97	VAL	B	154	THR	-0.1020	0.1402	-1.3161	0.4623	1	0.2480	2.5133	0.0120
31874	A	97	VAL	B	171	TYR	0.0819	0.1158	0.8518	0.1255	1	-0.4283	-4.5079	0.0000
31878	A	97	VAL	B	175	VAL	0.0676	0.1246	0.9449	0.2714	1	-0.2800	-2.9377	0.0033
31924	A	98	GLU	A	110	ASP	0.0538	0.0761	-0.4618	0.2427	1	0.0069	2.0271	0.0427
32218	A	99	LEU	A	113	THR	0.2873	0.1442	-0.0375	0.0530	1	0.0175	2.1138	0.0345
32385	A	99	LEU	B	99	VAL	-0.4702	0.2353	0.0615	0.0869	1	-0.0301	-2.1198	0.0340
32481	A	99	LEU	C	106	LYS	-0.1902	0.0964	0.0397	0.0562	1	-0.0068	-2.0607	0.0393
32559	A	100	ARG	A	164	ARG	0.0587	0.0831	-1.0813	0.4796	1	0.1665	2.3421	0.0192
32632	A	100	ARG	B	56	PRO	0.4070	0.2315	-0.2209	0.1290	1	0.0978	2.3690	0.0178
32649	A	100	ARG	B	73	ALA	-0.5355	0.2826	0.6367	0.4678	1	-0.0792	-2.1449	0.0320
32860	A	101	GLU	A	176	LYS	0.0664	0.0939	-0.2775	0.1392	1	0.0081	2.0481	0.0405
32984	A	101	GLU	B	119	VAL	0.0628	0.0887	-0.3530	0.1861	1	0.0034	2.0163	0.0438
33241	A	102	PRO	B	88	SER	-0.1686	0.0855	0.0423	0.0598	1	-0.0021	-2.0204	0.0433
33438	A	103	ASN	A	179	GLU	0.0261	0.0205	-0.1162	0.0584	1	0.0185	2.2986	0.0215
33620	A	103	ASN	B	180	VAL	0.0302	0.0427	-0.1352	0.0693	1	0.0027	2.0330	0.0421
34020	A	105	LEU	B	9	TRP	-0.0031	0.0044	0.2679	0.0862	1	-0.0983	-3.1385	0.0017
34039	A	105	LEU	B	28	GLU	-0.1152	0.1629	0.4378	0.2190	1	-0.0071	-2.0260	0.0428
34721	A	107	CYX	B	143	VAL	-0.0632	0.0894	0.6727	0.1984	1	-0.3007	-3.3814	0.0007
34785	A	107	CYX	C	118	LEU	-0.0178	0.0252	0.3745	0.1873	1	-0.0143	-2.0755	0.0379
35043	A	108	PHE	B	183	PRO	-0.1124	0.0569	0.0077	0.0109	1	-0.0042	-2.0732	0.0382
35177	A	109	ILE	B	36	GLU	0.2180	0.1243	-0.3577	0.2531	1	0.0118	2.0418	0.0412
35181	A	109	ILE	B	40	PHE	0.1402	0.1234	-0.2023	0.1087	1	0.0136	2.0825	0.0373
35292	A	109	ILE	B	151	GLY	-0.0757	0.1071	0.4241	0.2126	1	-0.0236	-2.0992	0.0358
35340	A	109	ILE	C	110	ALA	-0.2074	0.1106	0.0276	0.0390	1	-0.0003	-2.0030	0.0452
35660	A	111	LYS	A	141	GLU	0.0016	0.0023	-0.5253	0.2629	1	0.0011	2.0043	0.0450
35786	A	111	LYS	B	86	GLY	0.3104	0.1858	-0.3685	0.1851	1	0.1543	2.5883	0.0096
35849	A	111	LYS	B	149	GLN	-0.4439	0.2220	0.0233	0.0330	1	-0.0184	-2.0822	0.0373
36470	A	114	PRO	A	120	THR	0.0283	0.0400	-0.2632	0.1386	1	0.0029	2.0199	0.0434
36626	A	114	PRO	B	95	VAL	0.0955	0.1351	-0.3381	0.1692	1	0.0006	2.0029	0.0452
36682	A	114	PRO	B	151	GLY	0.0799	0.1131	-0.3365	0.1698	1	0.0084	2.0412	0.0412
36827	A	115	PRO	B	21	THR	0.0177	0.0251	-0.2754	0.1389	1	0.0108	2.0762	0.0379
36932	A	115	PRO	B	126	SER	-0.0207	0.0292	0.3520	0.1812	1	-0.0055	-2.0300	0.0424
36955	A	115	PRO	B	149	GLN	0.2826	0.1418	-0.0529	0.0276	1	0.0465	2.3220	0.0202
36992	A	115	PRO	B	186	VAL	0.1053	0.1489	-0.5142	0.2590	1	0.0219	2.0734	0.0381
37261	A	116	VAL	B	181	THR	0.4750	0.2386	-0.0189	0.0267	1	0.0136	2.0568	0.0397
37341	A	117	VAL	A	169	GLY	0.2304	0.1456	-0.5552	0.2821	1	0.1508	2.4750	0.0133
37436	A	117	VAL	B	83	TYR	-0.3666	0.1864	0.3546	0.2527	1	-0.0931	-2.2965	0.0216
37458	A	117	VAL	B	105	LYS	-0.0063	0.0089	0.3910	0.1969	1	-0.0030	-2.0153	0.0439
37468	A	117	VAL	B	115	LEU	-0.1806	0.0912	0.0110	0.0156	1	-0.0066	-2.0712	0.0383
37504	A	117	VAL	B	151	GLY	-0.0782	0.1106	0.3496	0.1771	1	-0.0101	-2.0484	0.0405
37560	A	117	VAL	C	118	LEU	-0.2752	0.1420	0.0536	0.0757	1	-0.0069	-2.0427	0.0411
37678	A	118	ASN	B	53	LEU	0.5058	0.2576	-0.0602	0.0852	1	0.0234	2.0863	0.0369
37686	A	118	ASN	B	61	TRP	0.6817	0.1149	0.0367	0.0519	1	0.3928	5.1152	0.0000
37757	A	118	ASN	B	132	PHE	0.5731	0.1041	0.0023	0.0032	1	0.3624	5.4793	0.0000
37863	A	119	VAL	A	148	PHE	-0.5773	0.3034	0.0727	0.1028	1	-0.0093	-2.0289	0.0425
37870	A	119	VAL	A	155	PRO	0.1347	0.1099	-0.2078	0.1162	1	0.0227	2.1418	0.0322
37926	A	119	VAL	B	30	CYS	0.4472	0.2250	-0.1800	0.1426	1	0.0943	2.3540	0.0186
38004	A	119	VAL	B	108	PRO	-0.6385	0.3264	0.0672	0.0777	1	-0.0347	-2.1034	0.0354
38082	A	119	VAL	B	186	VAL	0.4954	0.2479	-0.1382	0.1954	1	0.0023	2.0073	0.0447
38138	A	120	THR	A	153	PHE	-0.0679	0.2486	-0.8711	0.2454	1	0.1044	2.2990	0.0215
38292	A	120	THR	B	126	SER	0.0151	0.0214	-0.2631	0.1322	1	0.0104	2.0774	0.0378
38680	A	122	LEU	A	158	GLU	0.0605	0.0856	-0.4825	0.2417	1	0.0302	2.1179	0.0342
38715	A	122	LEU	B	12	LYS	-0.0227	0.0319	0.7581	0.1778	1	-0.4194	-4.3211	0.0000
38871	A	122	LEU	B	168	GLY	0.1499	0.2120	-0.9755	0.5083	1	0.0240	2.0436	0.0410
38966	A	123	ARG	A	177	HIP	-0.6015	0.3032	0.0447	0.0632	1	-0.0267	-2.0863	0.0370
38992	A	123	ARG	B	22	GLU	0.3568	0.1829	-0.0553	0.0782	1	0.0144	2.0722	0.0382
40589	A	129	THR	B	38	VAL	-0.0854	0.1207	0.4418	0.2209	1	-0.0237	-2.0941	0.0363
40731	A	129	THR	B	180	VAL	0.0704	0.0996	-0.4855	0.2442	1	0.0285	2.1080	0.0350
40739	A	129	THR	B	188	TRP	0.1358	0.1921	-0.4936	0.2471	1	0.0034	2.0108	0.0444
40813	A	130	THR	A	183	PRO	-0.1202	0.1040	0.2529	0.1359	1	-0.0308	-2.1802	0.0292
40865	A	130	THR	B	54	GLY	0.6379	0.3329	-0.0785	0.1110	1	0.0145	2.0413	0.0412
40894	A	130	THR	B	83	TYR	-0.1124	0.1036	0.3822	0.1704	1	-0.0957	-2.4799	0.0131
40907	A	130	THR	B	96	GLU	0.1450	0.2051	-0.8902	0.2715	1	0.3547	3.0425	0.0023
40956	A	130	THR	B	145	THR	-0.5406	0.2969	0.5770	0.3015	1	-0.2712	-2.6408	0.0083
40970	A	130	THR	B	159	VAL	-0.4101	0.2183	0.3489	0.2248	1	-0.1323	-2.4223	0.0154
41326	A	132	VAL	A	179	GLU	-0.4859	0.2553	0.3413	0.1806	1	-0.2017	-2.6450	0.0082
41506	A	132	VAL	B	178	PRO	-0.4989	0.2770	0.2432	0.1662	1	-0.0961	-2.2975	0.0216
41520	A	132	VAL	C	103	PRO	-0.3610	0.1871	0.1623	0.1714	1	-0.0158	-2.0624	0.0392
41533	A	132	VAL	C	116	GLN	-0.3668	0.1860	0.0642	0.0908	1	-0.0170	-2.0822	0.0373
41563	A	133	SER	A	159	ASP	0.2247	0.1166	-0.0386	0.0546	1	0.0058	2.0447	0.0409
41864	A	134	GLU	B	23	ARG	0.0265	0.0375	-0.3945	0.2006	1	0.0127	2.0623	0.0392
41920	A	134	GLU	B	79	CYX	0.1102	0.1558	-0.3945	0.1973	1	0.0018	2.0072	0.0447
42150	A	135	THR	B	54	GLY	1.4258	0.6765	0.0103	0.0145	1	0.0623	2.0921	0.0364
42159	A	135	THR	B	63	SER	0.5336	0.2777	-0.0469	0.0663	1	0.0095	2.0332	0.0420
42255	A	135	THR	B	159	VAL	-1.1667	0.3996	0.1159	0.4789	1	-0.0353	-2.0565	0.0397
42856	A	138	LEU	A	182	ALA	-0.5048	0.2581	0.1009	0.1427	1	-0.0159	-2.0540	0.0400
42967	A	138	LEU	B	112	HIE	0.0665	0.0940	-0.2597	0.1301	1	0.0051	2.0320	0.0422
42997	A	138	LEU	B	142	VAL	0.1130	0.0568	-0.0033	0.0046	1	0.0023	2.0407	0.0413
43035	A	138	LEU	B	180	VAL	0.3836	0.2027	-0.5035	0.2518	1	0.2406	2.7442	0.0061
43626	A	141	GLU	B	21	THR	-0.6385	0.3192	0.1731	0.2449	1	-0.0070	-2.0173	0.0437
44408	A	144	LEU	B	62	ASN	0.4153	0.2333	-0.5861	0.3591	1	0.1450	2.3385	0.0194
44441	A	144	LEU	B	95	VAL	0.0585	0.0827	-0.3644	0.1921	1	0.0046	2.0218	0.0432
44726	A	145	PHE	B	135	GLY	0.6427	0.0865	-0.0946	0.1338	1	0.4186	4.6271	0.0000
44908	A	146	ARG	B	73	ALA	-0.0875	0.1237	-0.6100	0.1463	1	0.1394	2.7276	0.0064
44968	A	146	ARG	B	133	ARG	0.3973	0.2751	-0.2332	0.1361	1	0.0166	2.0540	0.0400
45002	A	146	ARG	B	167	SER	0.7514	0.4543	-0.4698	0.3912	1	0.0223	2.0371	0.0416
45244	A	147	LYS	B	166	ARG	0.1912	0.1010	-0.0334	0.0473	1	0.0016	2.0141	0.0440
45398	A	148	PHE	B	78	TYR	0.4318	0.2242	-0.0804	0.1137	1	0.0095	2.0379	0.0416
45400	A	148	PHE	B	80	ARG	0.3911	0.2022	-0.0196	0.0277	1	0.0025	2.0123	0.0442
45442	A	148	PHE	B	122	PHE	-0.2266	0.1183	0.3076	0.2340	1	-0.0099	-2.0377	0.0416
45459	A	148	PHE	B	139	LYS	0.0221	0.0312	-0.3258	0.1631	1	0.0156	2.0940	0.0363
45624	A	149	HIE	B	63	SER	0.6108	0.3129	-0.1346	0.1903	1	0.0130	2.0354	0.0418
45797	A	150	TYR	A	177	HIP	-0.5369	0.2713	0.0824	0.1165	1	-0.0288	-2.0975	0.0360
45813	A	150	TYR	B	12	LYS	-0.2109	0.2333	0.4908	0.2485	1	-0.0200	-2.0585	0.0395
45861	A	150	TYR	B	60	TYR	0.6631	0.3433	-0.0770	0.1090	1	0.0198	2.0550	0.0399
45897	A	150	TYR	B	96	GLU	0.0600	0.0848	-0.5530	0.2803	1	0.0273	2.0934	0.0363
45946	A	150	TYR	B	145	THR	-0.3483	0.2053	0.4013	0.2266	1	-0.1381	-2.4515	0.0142
45959	A	150	TYR	B	158	LEU	-0.4956	0.3001	0.3610	0.1837	1	-0.1529	-2.4346	0.0149
45990	A	150	TYR	B	189	ARG	0.5298	0.2853	-0.3060	0.1849	1	0.1558	2.4581	0.0140
46033	A	151	LEU	A	174	LEU	-0.1201	0.1698	0.8809	0.2292	1	-0.4304	-3.5089	0.0004
46156	A	151	LEU	B	116	VAL	0.1249	0.0633	-0.2074	0.1052	1	0.0867	2.7064	0.0068
46175	A	151	LEU	B	135	GLY	0.2871	0.1436	-0.0267	0.0377	1	0.0169	2.1140	0.0345
46211	A	151	LEU	B	171	TYR	0.0908	0.1283	-0.6301	0.2893	1	0.0878	2.2775	0.0228
46215	A	151	LEU	B	175	VAL	0.2256	0.3191	-0.7391	0.3278	1	0.0498	2.1089	0.0350
46354	A	152	PRO	B	76	ASP	1.1177	0.3261	0.1267	0.1791	1	0.2469	2.6635	0.0077
46781	A	154	LEU	B	30	CYS	-0.2017	0.1010	0.0347	0.0491	1	-0.0117	-2.1043	0.0354
47004	A	155	PRO	B	18	PHE	0.2717	0.1683	-0.4325	0.2540	1	0.0949	2.3115	0.0208
47169	A	155	PRO	B	183	PRO	-0.0414	0.0586	0.2573	0.1305	1	-0.0128	-2.0892	0.0367
47507	A	157	THR	B	54	GLY	0.8480	0.2755	0.0599	0.0848	1	0.2115	2.7335	0.0063
47514	A	157	THR	B	61	TRP	0.6132	0.0318	-0.0602	0.0852	1	0.4916	7.4059	0.0000
47520	A	157	THR	B	67	LEU	0.3962	0.2009	-0.0485	0.0686	1	0.0200	2.0943	0.0362
47612	A	157	THR	B	159	VAL	-0.6057	0.1772	-0.1086	0.1536	1	-0.0280	-2.1195	0.0340
47977	A	159	ASP	B	61	TRP	0.4289	0.2165	-0.0342	0.0484	1	0.0195	2.0877	0.0368
48035	A	159	ASP	B	119	VAL	0.0746	0.1054	-0.3653	0.1827	1	0.0180	2.0855	0.0370
48046	A	159	ASP	B	130	ARG	-0.3854	0.1929	0.0240	0.0339	1	-0.0177	-2.0904	0.0366
48079	A	159	ASP	B	163	THR	-0.4186	0.2149	0.0165	0.0234	1	-0.0028	-2.0127	0.0441
48168	A	160	VAL	B	22	GLU	0.2511	0.1317	-0.0270	0.0382	1	0.0038	2.0278	0.0426
48222	A	160	VAL	B	76	ASP	-0.6017	0.3043	0.1136	0.1607	1	-0.0271	-2.0786	0.0376
48236	A	160	VAL	B	90	THR	0.1618	0.2288	-0.9084	0.3776	1	0.1871	2.4238	0.0154
48401	A	161	TYR	B	26	LEU	-0.1553	0.3593	0.8480	0.2940	1	-0.0747	-2.1610	0.0307
48494	A	161	TYR	B	119	VAL	0.0907	0.1282	-0.8174	0.3270	1	0.2056	2.5855	0.0097
49134	A	164	ARG	B	78	TYR	0.2802	0.1409	-0.0375	0.0530	1	0.0167	2.1106	0.0348
49178	A	164	ARG	B	122	PHE	-0.0521	0.1819	0.6120	0.1143	1	-0.2345	-3.0917	0.0020
49207	A	164	ARG	B	151	GLY	0.0745	0.1054	0.6692	0.2528	1	-0.0470	-2.1716	0.0299
49248	A	164	ARG	C	103	PRO	0.2429	0.2359	0.9347	0.2245	1	-0.0404	-2.1241	0.0337
49344	A	165	VAL	B	63	SER	0.6077	0.3053	-0.0607	0.0858	1	0.0340	2.1072	0.0351
49921	A	167	HIE	C	104	VAL	0.3351	0.1713	-0.0374	0.0529	1	0.0138	2.0771	0.0378
49946	A	168	TRP	A	177	HIP	-0.8786	0.2133	0.2067	0.2923	1	-0.3615	-2.9991	0.0027
50083	A	168	TRP	B	133	ARG	0.2853	0.1444	-0.0818	0.0817	1	0.0352	2.2122	0.0270
50247	A	169	GLY	B	76	ASP	1.0456	0.5163	-0.0569	0.0804	1	0.0575	2.1101	0.0349
50597	A	170	LEU	C	117	ALA	0.2720	0.1435	-0.0451	0.0637	1	0.0031	2.0199	0.0434
50744	A	171	ASP	B	134	ASN	-0.0132	0.0186	0.3623	0.1853	1	-0.0031	-2.0166	0.0437
50861	A	172	GLU	B	33	ASN	0.0369	0.0521	-0.3027	0.1607	1	0.0017	2.0103	0.0444
50950	A	172	GLU	B	122	PHE	-0.1260	0.1782	0.2936	0.0989	1	-0.0120	-2.0590	0.0395
50982	A	172	GLU	B	154	THR	-0.0657	0.0929	-0.5806	0.1442	1	0.1719	3.0019	0.0027
50999	A	172	GLU	B	171	TYR	0.0361	0.0510	0.4240	0.1796	1	-0.0144	-2.0771	0.0378
51019	A	172	GLU	C	102	LYS	-0.4302	0.2229	0.2229	0.1640	1	-0.0996	-2.3601	0.0183
51021	A	172	GLU	C	104	VAL	0.4850	0.2426	-0.0623	0.0881	1	0.0311	2.1203	0.0340
51037	A	172	GLU	C	120	MET	-0.0313	0.0443	0.2830	0.1459	1	-0.0093	-2.0613	0.0393
51149	A	173	PRO	B	104	SER	-0.5320	0.2794	0.1114	0.1576	1	-0.0018	-2.0055	0.0449
51287	A	174	LEU	B	26	LEU	0.0648	0.0916	-0.7625	0.2827	1	0.2329	2.7838	0.0054
51364	A	174	LEU	B	103	PRO	-0.5729	0.4492	0.5133	0.2764	1	-0.0313	-2.0593	0.0395
51380	A	174	LEU	B	119	VAL	-0.2163	0.3058	0.6054	0.1767	1	-0.1152	-2.3260	0.0200
51436	A	174	LEU	B	175	VAL	0.0947	0.0771	0.8640	0.0954	1	-0.5239	-6.2707	0.0000
51530	A	175	LEU	B	54	GLY	0.8301	0.3314	-0.2114	0.2989	1	0.1488	2.3334	0.0196
51558	A	175	LEU	B	82	MTS	0.1234	0.0805	0.5808	0.2052	1	-0.0166	-2.0752	0.0380
51563	A	175	LEU	B	87	GLU	0.6754	0.1426	-0.1768	0.2500	1	0.2766	2.9609	0.0031
51666	A	175	LEU	B	190	ALA	-0.5892	0.3140	0.3089	0.2033	1	-0.1500	-2.4010	0.0164
51721	A	176	LYS	B	31	ILE	-0.0400	0.0566	0.3486	0.1842	1	-0.0032	-2.0164	0.0438
51902	A	177	HIP	A	180	PHE	-0.6453	0.1852	-0.0341	0.0482	1	-0.2285	-3.1938	0.0014
52093	A	177	HIP	B	190	ALA	-0.5601	0.2803	0.1510	0.2135	1	-0.0064	-2.0180	0.0436
52115	A	178	TRP	A	181	ASP	0.1909	0.0978	-0.0306	0.0433	1	0.0076	2.0711	0.0383
52143	A	178	TRP	B	28	GLU	0.1760	0.0948	-0.2709	0.1509	1	0.0905	2.5080	0.0121
52148	A	178	TRP	B	33	ASN	0.2459	0.1244	-0.1728	0.1666	1	0.0028	2.0133	0.0441
52218	A	178	TRP	B	103	PRO	-0.3174	0.2056	0.2436	0.1446	1	-0.0583	-2.2320	0.0256
52237	A	178	TRP	B	122	PHE	-0.2132	0.1202	0.1950	0.1505	1	-0.0229	-2.1191	0.0341
52640	A	180	PHE	B	104	SER	-1.1633	0.3966	0.2191	0.3098	1	-0.3758	-2.7466	0.0060
52706	A	180	PHE	B	170	VAL	0.4911	0.2589	-0.0528	0.0747	1	0.0050	2.0185	0.0435
52761	A	181	ASP	B	16	HIP	0.1806	0.0904	-0.0082	0.0116	1	0.0065	2.0710	0.0384
52877	A	181	ASP	B	132	PHE	-0.9183	0.3445	-0.1180	0.1669	1	-0.0346	-2.0905	0.0366
52917	A	181	ASP	B	172	THR	-0.7522	0.3170	-0.0741	0.1048	1	-0.0103	-2.0309	0.0423
52993	A	182	ALA	B	40	PHE	0.4044	0.2102	-0.1091	0.0759	1	0.0666	2.2979	0.0216
53410	A	184	SER	B	44	VAL	0.6507	0.3419	-0.0995	0.1407	1	0.0109	2.0294	0.0424
53861	B	5	PRO	B	86	GLY	-0.1748	0.1031	0.3357	0.1962	1	-0.0672	-2.3034	0.0213
53875	B	5	PRO	B	100	THR	-0.3557	0.1831	0.0468	0.0662	1	-0.0131	-2.0675	0.0387
54062	B	6	ARG	B	84	GLY	0.0937	0.1326	-0.3780	0.1600	1	0.0561	2.2699	0.0232
54419	B	8	LEU	B	38	VAL	0.2248	0.1554	-0.3567	0.1900	1	0.0905	2.3689	0.0178
54440	B	8	LEU	B	59	GLU	0.0571	0.0808	-0.4429	0.2218	1	0.0280	2.1188	0.0341
54497	B	8	LEU	B	116	VAL	-0.0838	0.0446	0.2074	0.1273	1	-0.0214	-2.1589	0.0309
54514	B	8	LEU	B	133	ARG	-0.0585	0.0344	0.2030	0.1115	1	-0.0280	-2.2396	0.0251
54612	B	9	TRP	B	31	ILE	0.0483	0.0684	-0.4432	0.2331	1	0.0056	2.0232	0.0431
54693	B	9	TRP	B	112	HIE	-0.1126	0.1592	-0.5224	0.0694	1	0.0625	2.3600	0.0183
54705	B	9	TRP	B	124	PRO	0.0575	0.0813	-0.4933	0.1615	1	0.1891	3.0456	0.0023
54712	B	9	TRP	B	131	TRP	-0.0207	0.0293	0.3540	0.1822	1	-0.0056	-2.0304	0.0423
55194	B	12	LYS	B	19	ASN	0.5088	0.3078	-0.7251	0.4600	1	0.1269	2.2292	0.0258
55271	B	12	LYS	B	96	GLU	-0.1276	0.1805	1.1236	0.5021	1	-0.1841	-2.3451	0.0190
55423	B	13	PHE	B	52	GLU	0.0786	0.1112	-0.3488	0.1775	1	0.0086	2.0409	0.0413
56490	B	18	PHE	B	154	THR	0.1116	0.0819	-0.5709	0.3034	1	0.0539	2.1715	0.0299
56519	B	18	PHE	B	183	PRO	-0.0486	0.0688	0.3462	0.1731	1	-0.0223	-2.1197	0.0340
56655	B	19	ASN	B	129	VAL	0.3594	0.1814	-0.0380	0.0537	1	0.0190	2.1005	0.0357
56671	B	19	ASN	B	145	THR	0.6962	0.4232	-0.3424	0.2290	1	0.0763	2.1585	0.0309
56706	B	19	ASN	B	180	VAL	-0.0408	0.0576	0.2673	0.1337	1	-0.0169	-2.1162	0.0343
57350	B	23	ARG	B	74	ALA	0.0789	0.1115	-0.5434	0.2726	1	0.0333	2.1131	0.0346
57979	B	26	LEU	B	151	GLY	0.0234	0.0331	0.7634	0.3073	1	-0.1219	-2.3943	0.0167
58275	B	28	GLU	B	84	GLY	0.0511	0.0723	-0.4946	0.2565	1	0.0127	2.0475	0.0406
58340	B	28	GLU	B	149	GLN	-0.7103	0.1065	0.2975	0.1688	1	-0.6087	-5.0498	0.0000
58699	B	30	CYS	B	149	GLN	-0.7634	0.3571	0.2414	0.2583	1	-0.1234	-2.2801	0.0226
58804	B	31	ILE	B	76	ASP	0.4797	0.1809	-0.0170	0.0241	1	0.1317	2.7215	0.0065
58925	B	31	ILE	C	108	ARG	0.1731	0.0870	-0.0383	0.0542	1	0.0065	2.0637	0.0390
59263	B	33	ASN	B	182	SER	-0.0491	0.0694	0.3275	0.1638	1	-0.0208	-2.1170	0.0343
59665	B	36	GLU	B	62	ASN	-0.0764	0.1080	-1.0401	0.3541	1	0.2235	2.6037	0.0092
59684	B	36	GLU	B	81	HIP	0.0829	0.1173	-0.5912	0.3130	1	0.0056	2.0168	0.0437
59719	B	36	GLU	B	116	VAL	-0.2688	0.1407	0.3230	0.1615	1	-0.1633	-2.7623	0.0057
59968	B	37	SER	C	104	VAL	0.4905	0.2475	-0.0822	0.1163	1	0.0257	2.0941	0.0362
60032	B	38	VAL	B	86	GLY	0.1144	0.0573	-0.3738	0.2125	1	0.0480	2.2181	0.0265
60064	B	38	VAL	B	118	SER	-0.6324	0.3391	0.3843	0.3398	1	-0.0565	-2.1177	0.0342
60124	B	38	VAL	B	178	PRO	-0.4142	0.3154	0.5653	0.3492	1	-0.0385	-2.0817	0.0374
60848	B	43	ASP	B	62	ASN	0.0252	0.0357	-0.3204	0.1617	1	0.0145	2.0873	0.0369
61032	B	44	VAL	B	81	HIP	0.4471	0.2285	-0.5171	0.3167	1	0.1832	2.4692	0.0135
61037	B	44	VAL	B	86	GLY	0.0486	0.0688	-0.2974	0.1497	1	0.0165	2.1002	0.0357
61117	B	44	VAL	B	166	ARG	0.2401	0.1261	-0.0353	0.0499	1	0.0042	2.0311	0.0422
61196	B	45	GLY	B	81	HIP	0.0508	0.0718	-0.6548	0.3315	1	0.0271	2.0799	0.0375
61505	B	47	TYR	B	65	LYS	0.4268	0.1255	-0.1521	0.2151	1	0.0807	2.3242	0.0201
61517	B	47	TYR	B	77	THR	0.8260	0.3921	-0.2568	0.3632	1	0.0140	2.0261	0.0428
61778	B	48	ARG	B	177	HIE	-0.4622	0.2376	0.0784	0.1108	1	-0.0162	-2.0619	0.0392
62052	B	50	VAL	B	132	PHE	0.6153	0.2689	-0.0654	0.0925	1	0.1119	2.3937	0.0167
62070	B	50	VAL	B	150	ASN	-0.4405	0.2272	0.0901	0.1274	1	-0.0096	-2.0368	0.0417
62100	B	50	VAL	B	180	VAL	-0.5599	0.2808	0.1618	0.0996	1	-0.1258	-2.4221	0.0154
62101	B	50	VAL	B	181	THR	-0.5755	0.2879	0.0563	0.0797	1	-0.0343	-2.1148	0.0344
62258	B	51	THR	B	180	VAL	-0.5364	0.2699	0.3507	0.2579	1	-0.1405	-2.3765	0.0175
62295	B	52	GLU	B	60	TYR	-0.6107	0.3061	0.5354	0.4722	1	-0.0206	-2.0365	0.0417
62363	B	52	GLU	B	128	GLU	0.0842	0.1190	-0.5070	0.2568	1	0.0251	2.0885	0.0367
62369	B	52	GLU	B	134	ASN	-0.0295	0.0418	0.3337	0.1669	1	-0.0191	-2.1110	0.0348
62419	B	52	GLU	B	184	LEU	-0.0310	0.0438	0.5463	0.2751	1	-0.0201	-2.0722	0.0382
62449	B	53	LEU	B	58	ALA	-0.6350	0.3186	0.0322	0.0455	1	-0.0234	-2.0727	0.0382
62452	B	53	LEU	B	61	TRP	-0.5773	0.2950	0.1011	0.1430	1	-0.0228	-2.0695	0.0385
62604	B	54	GLY	B	58	ALA	-0.8193	0.1155	-0.1927	0.2725	1	-0.0347	-2.1171	0.0342
63528	B	60	TYR	B	73	ALA	0.1730	0.2446	-0.6484	0.3291	1	0.0013	2.0031	0.0452
63795	B	61	TRP	C	103	PRO	-0.6379	0.0908	0.3103	0.3116	1	-0.2992	-2.9219	0.0035
63824	B	62	ASN	B	74	ALA	0.0979	0.1385	-0.9253	0.1871	1	0.5577	4.3958	0.0000
63843	B	62	ASN	B	93	ARG	-0.0944	0.1336	0.8792	0.4670	1	-0.0021	-2.0043	0.0450
64331	B	65	LYS	B	146	GLY	0.9703	0.2008	0.2015	0.2850	1	0.0715	2.2050	0.0275
64691	B	68	LEU	B	80	ARG	-0.9241	0.1659	-0.0720	0.1018	1	-0.4629	-4.3782	0.0000
64698	B	68	LEU	B	87	GLU	-0.4281	0.1568	0.1098	0.1552	1	-0.0966	-2.4376	0.0148
64791	B	68	LEU	B	180	VAL	0.2960	0.1514	-0.8436	0.1030	1	0.7733	6.2220	0.0000
65277	B	72	ARG	B	112	HIE	-0.0888	0.1256	0.4279	0.2142	1	-0.0201	-2.0808	0.0374
65873	B	76	ASP	B	170	VAL	0.2813	0.1407	-0.0474	0.0671	1	0.0170	2.1091	0.0349
66285	B	79	CYX	B	189	ARG	-0.5548	0.3015	0.2106	0.1202	1	-0.1164	-2.3585	0.0183
66347	B	80	ARG	B	122	PHE	0.4185	0.2209	-0.0780	0.1103	1	0.0025	2.0103	0.0444
66357	B	80	ARG	B	132	PHE	-0.7548	0.0862	-0.0180	0.0255	1	-0.5571	-8.1998	0.0000
66397	B	80	ARG	B	172	THR	-0.8759	0.0184	0.1334	0.1886	1	-0.6302	-5.3257	0.0000
66417	B	80	ARG	C	103	PRO	-0.3181	0.1056	0.0777	0.1099	1	-0.0910	-2.5970	0.0094
66479	B	81	HIP	B	126	SER	-0.0684	0.0967	0.3775	0.1957	1	-0.0093	-2.0425	0.0411
66490	B	81	HIP	B	137	GLU	-0.5931	0.3239	0.4690	0.3086	1	-0.1673	-2.3738	0.0176
66536	B	81	HIP	B	183	PRO	-0.5729	0.2914	0.0150	0.0212	1	-0.0036	-2.0123	0.0442
67035	B	85	VAL	B	180	VAL	0.0794	0.1123	-0.3169	0.1619	1	0.0023	2.0115	0.0443
67046	B	85	VAL	C	102	LYS	0.0486	0.0687	-0.3957	0.2015	1	0.0185	2.0870	0.0369
67417	B	88	SER	C	107	TRP	-0.5092	0.2601	0.0363	0.0514	1	-0.0153	-2.0576	0.0396
67634	B	90	THR	B	174	GLN	-0.2102	0.1086	0.0391	0.0553	1	-0.0055	-2.0449	0.0409
67696	B	91	VAL	B	118	SER	-0.1646	0.1803	0.4691	0.2392	1	-0.0347	-2.1158	0.0344
68298	B	96	GLU	B	145	THR	-0.0276	0.0390	0.5459	0.2732	1	-0.0216	-2.0784	0.0377
68321	B	96	GLU	B	168	GLY	0.0549	0.0776	-1.0280	0.4355	1	0.1981	2.4478	0.0144
68394	B	97	PRO	B	129	VAL	-0.0739	0.1045	0.3533	0.1776	1	-0.0151	-2.0732	0.0382
68437	B	97	PRO	B	172	THR	0.0163	0.0231	-0.4216	0.2110	1	0.0134	2.0633	0.0391
68568	B	98	LYS	C	103	PRO	-0.8290	0.1012	0.2579	0.1450	1	-0.7334	-6.1479	0.0000
69856	B	111	HIP	B	128	GLU	0.0904	0.1278	-0.6080	0.3139	1	0.0205	2.0604	0.0394
69949	B	112	HIE	B	124	PRO	0.0159	0.0225	-0.8614	0.3569	1	0.1621	2.4532	0.0142
70519	B	118	SER	B	133	ARG	0.1997	0.1262	-0.4890	0.2610	1	0.1089	2.3755	0.0175
70523	B	118	SER	B	137	GLU	0.4979	0.4031	-0.6517	0.3429	1	0.0911	2.1722	0.0298
70613	B	119	VAL	B	137	GLU	0.0897	0.1268	-0.5192	0.2611	1	0.0284	2.0978	0.0359
70647	B	119	VAL	B	171	TYR	0.0472	0.0668	-0.9006	0.3339	1	0.2669	2.7837	0.0054
70651	B	119	VAL	B	175	VAL	-0.0448	0.0633	-1.1468	0.3313	1	0.4273	3.2668	0.0011
70708	B	120	SER	B	143	VAL	-0.2940	0.1518	0.0568	0.0804	1	-0.0073	-2.0423	0.0411
70932	B	122	PHE	C	103	PRO	0.1481	0.4127	-1.2537	0.4666	1	0.1558	2.2501	0.0244
71189	B	125	GLY	C	105	SER	0.2727	0.1364	-0.0657	0.0929	1	0.0084	2.0509	0.0403
71718	B	132	PHE	B	163	THR	-0.4621	0.2348	0.1584	0.1728	1	-0.0374	-2.1284	0.0333
71727	B	132	PHE	B	172	THR	-0.9307	0.2230	-0.2041	0.1919	1	-0.1381	-2.4692	0.0135
71917	B	135	GLY	B	137	GLU	-1.5577	0.4951	-0.1821	0.2575	1	-0.2595	-2.4650	0.0137
72114	B	137	GLU	B	189	ARG	-0.9017	0.3616	0.0394	0.0557	1	-0.2093	-2.5722	0.0101
72186	B	138	GLU	B	190	ALA	0.2787	0.1400	-0.2839	0.1422	1	0.1635	2.8195	0.0048
72217	B	139	LYS	B	151	GLY	-0.2705	0.2257	0.6433	0.2104	1	-0.2966	-2.9612	0.0031
72232	B	139	LYS	B	166	ARG	-0.5613	0.2820	0.0610	0.0863	1	-0.0324	-2.1099	0.0349
72264	B	139	LYS	C	109	MET	-0.3722	0.1863	0.2056	0.1034	1	-0.1517	-2.7118	0.0067
72273	B	139	LYS	C	118	LEU	-0.5973	0.4037	0.3147	0.1769	1	-0.0305	-2.0691	0.0385
72437	B	142	VAL	B	167	SER	-0.9125	0.4415	-0.0253	0.0357	1	-0.0013	-2.0029	0.0452
72889	B	149	GLN	B	178	PRO	-0.9969	0.1964	-0.1117	0.1579	1	-0.3812	-3.5124	0.0004
73171	B	154	THR	B	175	VAL	0.0131	0.0186	0.6163	0.1399	1	-0.3209	-4.2741	0.0000
73908	B	169	GLU	C	118	LEU	-0.4517	0.2404	0.0585	0.0827	1	-0.0016	-2.0064	0.0448
74605	C	107	TRP	C	113	LEU	0.3347	0.1684	-0.0232	0.0328	1	0.0147	2.0856	0.0370
