index	seg1	res1	rnm1	seg2	res2	rnm2	aT41A.pcca1	aT41A.pcca1	bN82A.pcca2	bN82A.pcca2	lsdm	sdiff	score	pval
							mf	sf	mf	sf				
193	A	4	GLU	B	17	PHE	0.0255	0.0361	-0.6649	0.3288	1	0.0289	2.0873	0.0369
200	A	4	GLU	B	24	VAL	0.0578	0.0818	-0.8038	0.1144	1	0.5803	6.1264	0.0000
303	A	4	GLU	B	127	ILE	-0.5811	0.2939	0.0390	0.0551	1	-0.0220	-2.0735	0.0381
428	A	5	HIP	A	48	PHE	0.0526	0.0744	-0.3071	0.1626	1	0.0021	2.0117	0.0442
872	A	6	VAL	A	108	PHE	-0.0583	0.0824	0.8380	0.3590	1	-0.1596	-2.4334	0.0150
948	A	6	VAL	A	184	SER	-0.1400	0.1980	-0.7858	0.0700	1	0.2257	3.0745	0.0021
984	A	6	VAL	B	39	ARG	-0.0467	0.0660	-0.7315	0.2826	1	0.1043	2.3594	0.0183
1038	A	6	VAL	B	93	ARG	0.0650	0.0919	-0.3040	0.1521	1	0.0136	2.0767	0.0378
1158	A	7	ILE	A	11	GLH	-0.2722	0.1396	0.0603	0.0853	1	-0.0053	-2.0321	0.0421
1341	A	7	ILE	B	13	PHE	0.0173	0.0245	-0.2576	0.1295	1	0.0114	2.0866	0.0369
2063	A	9	GLN	A	153	PHE	-0.3438	0.1948	0.2272	0.1808	1	-0.0395	-2.1488	0.0317
2188	A	9	GLN	B	97	PRO	0.0173	0.0245	-0.4818	0.2409	1	0.0148	2.0612	0.0393
4411	A	15	ASN	B	55	ARG	-0.2207	0.1125	0.0206	0.0292	1	-0.0089	-2.0767	0.0378
4508	A	15	ASN	B	152	ASP	-0.0090	0.0128	0.4388	0.2228	1	-0.0014	-2.0065	0.0448
4574	A	16	PRO	A	25	ASH	-0.4724	0.2402	0.0674	0.0953	1	-0.0229	-2.0888	0.0367
5089	A	17	ASP	A	167	HIE	0.1955	0.1019	-0.0280	0.0395	1	0.0049	2.0447	0.0409
5113	A	17	ASP	B	10	GLN	0.0629	0.0890	-0.3661	0.1832	1	0.0217	2.1064	0.0352
5329	A	18	GLN	A	35	ASP	0.0668	0.0945	-0.4982	0.2587	1	0.0142	2.0515	0.0402
5361	A	18	GLN	A	67	LYS	-0.0662	0.0936	-0.9072	0.2323	1	0.3400	3.3575	0.0008
5389	A	18	GLN	A	95	SER	-0.1124	0.1589	0.7015	0.1220	1	-0.4132	-4.0624	0.0000
5491	A	18	GLN	B	16	HIP	0.1656	0.2342	0.7687	0.1246	1	-0.0724	-2.2730	0.0230
5552	A	18	GLN	B	77	THR	-0.0938	0.1326	0.8016	0.1784	1	-0.4509	-4.0286	0.0001
5679	A	18	GLN	C	115	MET	0.0345	0.0488	-0.2677	0.1350	1	0.0151	2.1051	0.0353
5680	A	18	GLN	C	116	GLN	0.0216	0.0306	-0.4293	0.1720	1	0.1015	2.5813	0.0098
5909	A	19	SER	B	63	SER	-0.3385	0.1693	0.0199	0.0282	1	-0.0152	-2.0885	0.0367
6120	A	20	GLY	A	85	VAL	0.6501	0.2548	-0.0856	0.1211	1	0.1715	2.6080	0.0091
6241	A	20	GLY	B	25	ARG	0.6132	0.2607	-0.0689	0.0975	1	0.1254	2.4504	0.0143
6247	A	20	GLY	B	31	ILE	0.7299	0.2545	0.0394	0.0558	1	0.1693	2.6497	0.0081
6253	A	20	GLY	B	37	SER	0.2903	0.1469	-0.0376	0.0531	1	0.0155	2.0990	0.0358
6264	A	20	GLY	B	48	ARG	0.4791	0.2452	-0.0546	0.0772	1	0.0195	2.0757	0.0379
6348	A	20	GLY	B	132	PHE	-0.6461	0.2321	0.1237	0.1749	1	-0.1886	-2.6491	0.0081
6421	A	20	GLY	C	116	GLN	-0.1468	0.0741	0.0266	0.0376	1	-0.0071	-2.0859	0.0370
6451	A	21	GLH	A	47	GLU	-0.1313	0.1857	-0.6213	0.0114	1	0.1180	2.6342	0.0084
6506	A	21	GLH	A	102	PRO	-0.0835	0.1181	0.4320	0.2162	1	-0.0228	-2.0927	0.0364
6533	A	21	GLH	A	129	THR	-0.1020	0.1442	0.5535	0.2789	1	-0.0274	-2.0874	0.0369
6565	A	21	GLH	A	161	TYR	-0.0247	0.0349	0.2922	0.1466	1	-0.0154	-2.1023	0.0355
6570	A	21	GLH	A	166	GLU	-0.0501	0.0708	-0.4213	0.1457	1	0.0473	2.2921	0.0219
7930	A	25	ASH	A	60	LEU	-0.7178	0.1354	0.0153	0.0217	1	-0.4590	-5.3481	0.0000
7981	A	25	ASH	A	111	LYS	0.3533	0.1862	-0.0274	0.0387	1	0.0004	2.0020	0.0453
8002	A	25	ASH	A	132	VAL	0.4132	0.2074	-0.1136	0.1607	1	0.0020	2.0076	0.0447
8073	A	25	ASH	B	22	GLU	-0.2592	0.1312	0.0338	0.0478	1	-0.0137	-2.0980	0.0359
8186	A	25	ASH	B	135	GLY	-0.4606	0.1181	0.0156	0.0220	1	-0.2360	-3.9647	0.0001
8218	A	25	ASH	B	167	SER	-0.6972	0.1530	0.1927	0.2725	1	-0.2649	-2.8478	0.0044
8411	A	26	PHE	A	177	HIP	1.0159	0.3786	0.0152	0.0215	1	0.2423	2.6389	0.0083
8433	A	26	PHE	B	18	PHE	-0.4266	0.2215	0.0883	0.1248	1	-0.0065	-2.0254	0.0428
8515	A	26	PHE	B	100	THR	-0.5360	0.3224	0.6462	0.4338	1	-0.1013	-2.1874	0.0287
8522	A	26	PHE	B	107	GLN	0.7418	0.4075	-0.2301	0.1159	1	0.1245	2.2939	0.0218
8560	A	26	PHE	B	145	THR	0.8306	0.3586	-0.1605	0.2270	1	0.1424	2.3355	0.0195
8699	A	27	ASP	A	102	PRO	0.1322	0.1869	-0.5825	0.2915	1	0.0221	2.0637	0.0390
9226	A	28	GLY	B	86	GLY	0.2745	0.1427	-0.0166	0.0235	1	0.0019	2.0131	0.0441
9366	A	29	ASH	A	46	GLU	-0.5110	0.2579	0.1029	0.1456	1	-0.0217	-2.0732	0.0382
9540	A	29	ASH	B	39	ARG	0.4292	0.2696	-1.0286	0.4481	1	0.4119	2.7876	0.0053
9612	A	29	ASH	B	111	HIP	0.5172	0.2766	-0.4437	0.3124	1	0.1264	2.3030	0.0213
9766	A	30	GLU	A	86	PRO	0.9203	0.3706	0.0307	0.0435	1	0.1433	2.3839	0.0171
9795	A	30	GLU	A	115	PRO	-0.5561	0.2874	0.1318	0.1864	1	-0.0028	-2.0083	0.0446
9812	A	30	GLU	A	132	VAL	0.5213	0.2617	-0.0415	0.0586	1	0.0264	2.0983	0.0359
9860	A	30	GLU	A	180	PHE	0.8062	0.3714	-0.1202	0.1700	1	0.1096	2.2684	0.0233
9891	A	30	GLU	B	30	CYS	0.5086	0.1375	-0.0374	0.0530	1	0.2512	3.7047	0.0002
9896	A	30	GLU	B	35	GLU	0.6872	0.2817	-0.0375	0.0530	1	0.1514	2.5283	0.0115
9903	A	30	GLU	B	42	SER	0.5036	0.0583	-0.0655	0.0927	1	0.3502	5.1978	0.0000
10027	A	30	GLU	B	166	ARG	-0.4120	0.2074	0.1124	0.1589	1	-0.0018	-2.0069	0.0448
10053	A	30	GLU	C	103	PRO	0.3739	0.1020	0.0159	0.0225	1	0.1491	3.4275	0.0006
10066	A	30	GLU	C	116	GLN	0.2706	0.1359	-0.0258	0.0365	1	0.0151	2.1071	0.0351
10512	A	32	PHE	A	115	PRO	-0.0707	0.1000	0.2731	0.1378	1	-0.0033	-2.0195	0.0434
10876	A	33	HIP	A	122	LEU	0.0190	0.0269	-0.2271	0.1147	1	0.0106	2.0902	0.0366
10896	A	33	HIP	A	142	ASP	-0.0777	0.1099	0.3799	0.1913	1	-0.0163	-2.0739	0.0381
10914	A	33	HIP	A	160	VAL	0.3908	0.1957	-0.1005	0.1033	1	0.0486	2.2194	0.0265
11018	A	33	HIP	B	83	TYR	0.4705	0.3001	-0.2282	0.1392	1	0.0371	2.1121	0.0347
11093	A	33	HIP	B	158	LEU	0.3087	0.1584	-0.0354	0.0500	1	0.0119	2.0719	0.0383
11124	A	33	HIP	B	189	ARG	-0.3042	0.1559	0.1978	0.1187	1	-0.1101	-2.5620	0.0104
11142	A	33	HIP	C	118	LEU	0.3880	0.2067	-0.4429	0.2502	1	0.1820	2.5607	0.0104
11558	A	35	ASP	A	93	THR	-0.5921	0.3799	0.6370	0.4220	1	-0.0933	-2.1643	0.0304
11723	A	35	ASP	B	77	THR	-1.6128	0.9433	0.6009	0.3701	1	-0.1872	-2.1847	0.0289
11757	A	35	ASP	B	111	HIP	-0.4817	0.2411	0.4702	0.2465	1	-0.2623	-2.7608	0.0058
11909	A	36	MET	A	90	THR	0.4037	0.2018	-0.0112	0.0158	1	0.0100	2.0491	0.0404
11969	A	36	MET	A	150	TYR	0.4549	0.2367	-0.0689	0.0974	1	0.0118	2.0461	0.0408
12052	A	36	MET	B	52	GLU	-0.5525	0.2871	0.1211	0.1712	1	-0.0050	-2.0150	0.0439
12168	A	36	MET	B	168	GLY	-0.2712	0.1411	0.0550	0.0778	1	-0.0038	-2.0238	0.0430
12360	A	37	ALA	B	7	PHE	0.1702	0.2407	-1.0244	0.2470	1	0.5049	3.4641	0.0005
12368	A	37	ALA	B	15	CYX	0.1054	0.1491	0.6569	0.0997	1	-0.1928	-3.0753	0.0021
12392	A	37	ALA	B	39	ARG	-0.2323	0.3285	0.6906	0.1281	1	-0.2177	-2.6176	0.0089
12438	A	37	ALA	B	85	VAL	0.0555	0.0785	-0.5080	0.2540	1	0.0318	2.1196	0.0340
13085	A	39	LYS	B	29	ARG	-0.1411	0.1996	0.6021	0.2058	1	-0.1699	-2.5928	0.0095
13141	A	39	LYS	B	85	VAL	0.1125	0.1591	-0.6122	0.3062	1	0.0346	2.1002	0.0357
13162	A	39	LYS	B	106	THR	0.0977	0.1382	-0.3479	0.1739	1	0.0013	2.0057	0.0449
13375	A	40	GLU	A	150	TYR	0.0192	0.0272	-0.3608	0.1858	1	0.0045	2.0238	0.0430
13490	A	40	GLU	B	84	GLY	0.1280	0.1810	-0.5995	0.3068	1	0.0150	2.0421	0.0411
14142	A	42	VAL	B	39	ARG	-0.0551	0.0779	0.5217	0.2609	1	-0.0321	-2.1180	0.0342
14548	A	43	TRP	B	98	LYS	-1.0758	0.4444	0.0429	0.0606	1	-0.2217	-2.4943	0.0126
14631	A	43	TRP	B	181	THR	-0.4187	0.2116	0.0355	0.0503	1	-0.0194	-2.0890	0.0367
14723	A	44	ARG	A	108	PHE	0.2749	0.1447	-0.2423	0.1968	1	0.0287	2.1173	0.0342
14734	A	44	ARG	A	119	VAL	0.3244	0.1825	-0.2622	0.1715	1	0.0856	2.3417	0.0192
14824	A	44	ARG	B	28	GLU	0.4585	0.2319	-0.0475	0.0672	1	0.0232	2.0961	0.0361
14869	A	44	ARG	B	73	ALA	0.2254	0.1265	-0.1104	0.0874	1	0.0283	2.1841	0.0290
15143	A	45	LEU	A	183	PRO	-0.6306	0.3211	0.0836	0.1183	1	-0.0299	-2.0875	0.0368
15153	A	45	LEU	B	12	LYS	0.6763	0.2665	0.1222	0.0612	1	0.0073	2.0265	0.0427
15206	A	45	LEU	B	65	LYS	-0.8468	0.1195	0.1844	0.2607	1	-0.4575	-3.5952	0.0003
15274	A	45	LEU	B	133	ARG	-0.3536	0.1771	0.0706	0.0998	1	-0.0176	-2.0864	0.0369
15290	A	45	LEU	B	149	GLN	0.4501	0.2711	-0.3809	0.2829	1	0.0473	2.1207	0.0339
15392	A	46	GLU	A	88	GLU	0.6181	0.3194	-0.0430	0.0609	1	0.0108	2.0333	0.0420
15501	A	46	GLU	B	16	HIP	0.2392	0.1206	-0.0492	0.0696	1	0.0100	2.0715	0.0383
15512	A	46	GLU	B	27	LEU	0.4604	0.2311	-0.0365	0.0516	1	0.0233	2.0983	0.0359
15812	A	47	GLU	A	165	VAL	0.4242	0.2136	-0.4229	0.3177	1	0.0815	2.2127	0.0269
15829	A	47	GLU	A	182	ALA	-0.7080	0.2100	-0.0213	0.0302	1	-0.2623	-3.2366	0.0012
17081	A	51	PHE	A	72	ILE	-1.0215	0.4080	0.3737	0.2226	1	-0.4658	-3.0022	0.0027
17127	A	51	PHE	A	118	ASN	0.7024	0.2428	-0.0347	0.0491	1	0.2417	2.9756	0.0029
17174	A	51	PHE	A	165	VAL	0.2405	0.1363	-0.4131	0.2149	1	0.1445	2.5679	0.0102
17176	A	51	PHE	A	167	HIE	0.3906	0.1960	-0.0804	0.1137	1	0.0178	2.0784	0.0377
17303	A	51	PHE	B	113	ASN	0.0242	0.0343	1.2068	0.5751	1	-0.0304	-2.0527	0.0401
18032	A	53	SER	B	167	SER	-0.1698	0.0850	0.0270	0.0382	1	-0.0104	-2.1120	0.0347
18176	A	54	PHE	A	156	SER	-0.0865	0.1224	0.5804	0.2989	1	-0.0210	-2.0649	0.0389
18717	A	55	GLU	B	181	THR	0.4621	0.2401	-0.0594	0.0840	1	0.0128	2.0501	0.0404
19062	A	56	ALA	C	103	PRO	-0.2565	0.1282	0.0417	0.0590	1	-0.0159	-2.1123	0.0347
19254	A	57	GLN	B	51	THR	-0.0152	0.0215	0.5089	0.2585	1	-0.0053	-2.0204	0.0433
19285	A	57	GLN	B	82	MTS	0.1214	0.1717	-0.4881	0.2500	1	0.0030	2.0100	0.0444
19564	A	58	GLY	B	29	ARG	0.1038	0.1468	1.1186	0.4372	1	-0.0924	-2.2004	0.0278
19744	A	58	GLY	C	120	MET	0.0958	0.1355	-0.4521	0.2274	1	0.0185	2.0698	0.0385
20343	A	60	LEU	B	147	LEU	0.5330	0.2666	-0.0133	0.0188	1	0.0118	2.0443	0.0409
20652	A	61	ALA	B	127	ILE	1.0246	0.3353	-0.0982	0.1389	1	0.3970	3.0938	0.0020
20702	A	61	ALA	B	177	HIE	0.5494	0.2771	-0.0512	0.0724	1	0.0278	2.0972	0.0360
20883	A	62	ASN	B	30	CYS	0.4439	0.2282	-0.1063	0.1504	1	0.0036	2.0132	0.0441
20961	A	62	ASN	B	108	PRO	-0.4907	0.2457	0.0493	0.0697	1	-0.0291	-2.1138	0.0345
21088	A	63	ILE	A	89	VAL	-0.4471	0.2402	0.1616	0.1081	1	-0.0819	-2.3109	0.0208
21091	A	63	ILE	A	92	LEU	-0.4734	0.3647	0.4850	0.2913	1	-0.0249	-2.0534	0.0400
21339	A	63	ILE	B	159	VAL	0.1208	0.0727	-0.1823	0.1073	1	0.0439	2.3391	0.0193
22392	A	67	LYS	A	95	SER	-0.1356	0.1917	0.8635	0.3839	1	-0.1408	-2.3282	0.0199
22494	A	67	LYS	B	16	HIP	0.0766	0.3463	0.8259	0.1218	1	-0.0151	-2.0413	0.0412
22671	A	67	LYS	C	104	VAL	0.0579	0.0818	-0.2370	0.1186	1	0.0067	2.0464	0.0407
23137	A	69	ASN	B	16	HIP	-0.1960	0.1356	0.2582	0.1318	1	-0.0760	-2.4021	0.0163
23172	A	69	ASN	B	51	THR	0.0911	0.0489	-0.2861	0.1631	1	0.0367	2.2154	0.0267
23250	A	69	ASN	B	129	VAL	0.3994	0.1411	-0.1279	0.1808	1	0.0685	2.2988	0.0215
23311	A	69	ASN	B	190	ALA	-0.2078	0.1088	0.0240	0.0339	1	-0.0039	-2.0346	0.0419
23438	A	70	LEU	A	178	TRP	-0.4247	0.2124	0.0401	0.0568	1	-0.0252	-2.1145	0.0345
23740	A	71	GLU	A	161	TYR	0.3294	0.1716	-0.2476	0.1715	1	0.0918	2.3786	0.0174
23758	A	71	GLU	A	179	GLU	0.4592	0.3173	-0.3257	0.2188	1	0.0140	2.0363	0.0417
23843	A	71	GLU	B	83	TYR	0.2282	0.1934	-0.5146	0.2769	1	0.0673	2.1992	0.0279
23967	A	71	GLU	C	118	LEU	-0.0513	0.0307	-1.5047	0.5803	1	0.2911	2.5008	0.0124
23999	A	72	ILE	A	102	PRO	0.3318	0.1855	-0.2421	0.1392	1	0.1099	2.4740	0.0134
24093	A	72	ILE	B	15	CYX	-0.1975	0.0996	0.2886	0.2108	1	-0.0198	-2.0851	0.0371
24114	A	72	ILE	B	36	GLU	0.2913	0.2186	-0.3828	0.2557	1	0.0013	2.0038	0.0451
24126	A	72	ILE	B	48	ARG	0.4728	0.3201	-0.3939	0.2808	1	0.0150	2.0352	0.0418
24274	A	72	ILE	C	107	TRP	-1.1575	0.7009	0.4411	0.3086	1	-0.0669	-2.0873	0.0369
24307	A	73	MET	A	93	THR	-0.2171	0.1147	0.3252	0.2047	1	-0.0730	-2.3112	0.0208
24314	A	73	MET	A	100	ARG	0.6882	0.4529	-0.3746	0.2043	1	0.0691	2.1390	0.0324
24556	A	73	MET	B	161	LEU	0.3141	0.1590	-0.0593	0.0839	1	0.0139	2.0776	0.0377
25015	A	75	LYS	A	170	LEU	-0.3223	0.1634	0.0290	0.0410	1	-0.0144	-2.0856	0.0370
25028	A	75	LYS	A	183	PRO	0.3795	0.1898	-0.0033	0.0046	1	0.0031	2.0163	0.0438
25189	A	75	LYS	B	163	THR	0.2924	0.1476	-0.0281	0.0397	1	0.0147	2.0963	0.0361
25422	A	76	ARG	B	82	MTS	0.5514	0.4274	-0.4320	0.2379	1	0.0051	2.0103	0.0444
25482	A	76	ARG	B	142	VAL	1.1605	0.5442	-0.4528	0.5834	1	0.0177	2.0222	0.0432
25535	A	76	ARG	C	106	LYS	0.0769	0.1823	0.8859	0.2790	1	-0.1424	-2.4274	0.0152
26025	A	78	ASN	B	60	TYR	0.0277	0.0391	-0.4618	0.2370	1	0.0089	2.0372	0.0416
26030	A	78	ASN	B	65	LYS	0.0704	0.0785	-0.4668	0.2398	1	0.0325	2.1289	0.0333
26072	A	78	ASN	B	107	GLN	-0.2733	0.1634	0.3430	0.2544	1	-0.0116	-2.0383	0.0415
26147	A	78	ASN	B	182	SER	0.3492	0.1754	-0.0039	0.0055	1	0.0021	2.0118	0.0442
26401	A	79	TYR	B	125	GLY	0.3113	0.1591	-0.0661	0.0935	1	0.0084	2.0454	0.0408
26405	A	79	TYR	B	129	VAL	0.3953	0.1988	-0.0719	0.1017	1	0.0206	2.0921	0.0364
26410	A	79	TYR	B	134	ASN	0.2655	0.1403	-0.0291	0.0411	1	0.0022	2.0152	0.0439
26686	A	80	THR	B	100	THR	0.0828	0.1171	1.0115	0.3845	1	-0.1247	-2.3103	0.0209
27290	A	82	ILE	B	87	GLU	0.0797	0.1127	-0.3638	0.1829	1	0.0137	2.0639	0.0390
27319	A	82	ILE	B	116	VAL	-0.0186	0.0263	0.4260	0.2133	1	-0.0148	-2.0690	0.0385
27529	A	83	THR	B	19	ASN	-0.3773	0.1987	0.0623	0.0789	1	-0.0121	-2.0565	0.0397
27697	A	83	THR	B	187	GLU	-0.0107	0.0151	0.0945	0.0476	1	-0.0054	-2.1085	0.0350
28435	A	86	PRO	B	10	GLN	-0.0362	0.0512	-0.3631	0.0239	1	0.2138	5.7800	0.0000
29362	A	89	VAL	B	31	ILE	-0.2717	0.1372	0.0184	0.0260	1	-0.0108	-2.0772	0.0378
29659	A	90	THR	B	28	GLU	-0.5619	0.2891	0.0686	0.0970	1	-0.0206	-2.0675	0.0387
29929	A	91	VAL	A	180	PHE	-0.6149	0.3076	0.0996	0.1408	1	-0.0379	-2.1120	0.0347
30079	A	91	VAL	B	149	GLN	-0.5112	0.2568	0.0604	0.0854	1	-0.0303	-2.1119	0.0347
30188	A	92	LEU	A	141	GLU	0.4683	0.2550	-0.4159	0.2240	1	0.2054	2.6051	0.0092
30380	A	92	LEU	B	152	ASP	0.1195	0.1690	-1.0492	0.5386	1	0.0397	2.0702	0.0384
30404	A	92	LEU	B	176	GLU	-0.0372	0.0525	0.3077	0.1614	1	-0.0053	-2.0313	0.0422
30496	A	93	THR	A	152	PRO	-0.8027	0.2668	-0.1067	0.1509	1	-0.0829	-2.2706	0.0232
30833	A	94	ASN	B	12	LYS	-0.1876	0.1066	0.3159	0.1668	1	-0.1076	-2.5434	0.0110
31009	A	94	ASN	B	188	TRP	0.5859	0.2955	-0.1410	0.1993	1	0.0138	2.0388	0.0415
31144	A	95	SER	B	28	GLU	0.1170	0.1654	-0.4888	0.2530	1	0.0011	2.0038	0.0451
31155	A	95	SER	B	39	ARG	0.1091	0.1543	-0.6620	0.2265	1	0.2230	2.8138	0.0049
31193	A	95	SER	B	77	THR	-0.0447	0.0632	-1.1250	0.2699	1	0.5258	3.8969	0.0001
31212	A	95	SER	B	96	GLU	-0.0194	0.0274	1.5231	0.6609	1	-0.2194	-2.3317	0.0197
31220	A	95	SER	B	104	SER	0.1624	0.2296	-0.7037	0.0751	1	0.3829	3.5850	0.0003
31716	A	97	VAL	B	13	PHE	0.1370	0.0850	-0.4377	0.0541	1	0.3732	5.7042	0.0000
31734	A	97	VAL	B	31	ILE	0.9755	0.3019	-0.1628	0.2303	1	0.3790	2.9981	0.0027
31751	A	97	VAL	B	48	ARG	0.4571	0.3205	-0.2371	0.1260	1	0.0053	2.0155	0.0438
31778	A	97	VAL	B	75	VAL	-0.1806	0.0930	0.0106	0.0151	1	-0.0028	-2.0299	0.0424
31803	A	97	VAL	B	100	THR	0.1941	0.1151	0.6809	0.1790	1	-0.0611	-2.2871	0.0222
31836	A	97	VAL	B	133	ARG	0.1470	0.0752	-0.3398	0.2240	1	0.0143	2.0603	0.0394
32179	A	98	GLU	B	184	LEU	-0.0751	0.1062	0.3319	0.1662	1	-0.0126	-2.0639	0.0390
32274	A	99	LEU	A	169	GLY	-0.3710	0.2170	0.1934	0.0992	1	-0.0871	-2.3651	0.0180
32278	A	99	LEU	A	173	PRO	-0.0518	0.0732	0.2995	0.1533	1	-0.0114	-2.0672	0.0387
32326	A	99	LEU	B	40	PHE	0.0197	0.0279	-0.1407	0.0704	1	0.0091	2.1196	0.0340
32385	A	99	LEU	B	99	VAL	-0.4702	0.2353	0.3726	0.1890	1	-0.2393	-2.7928	0.0052
32478	A	99	LEU	C	103	PRO	-0.4140	0.2071	0.0782	0.0474	1	-0.0672	-2.3164	0.0205
32488	A	99	LEU	C	113	LEU	0.0095	0.0135	-0.3465	0.1733	1	0.0083	2.0479	0.0406
32492	A	99	LEU	C	117	ALA	0.0758	0.1072	-0.4333	0.2198	1	0.0199	2.0814	0.0374
32748	A	100	ARG	B	172	THR	-0.3475	0.2356	0.4919	0.3310	1	-0.0267	-2.0657	0.0389
32770	A	100	ARG	C	105	SER	-0.5540	0.3770	0.3475	0.2280	1	-0.0203	-2.0460	0.0408
32880	A	101	GLU	B	15	CYX	-0.0246	0.0348	0.5517	0.2732	1	-0.0255	-2.0925	0.0364
33013	A	101	GLU	B	148	ILE	-0.0797	0.1126	-0.8406	0.3514	1	0.0229	2.0622	0.0392
33163	A	102	PRO	B	10	GLN	0.0516	0.0730	-0.4470	0.2235	1	0.0283	2.1205	0.0340
34337	A	106	ILE	B	42	SER	-0.4335	0.2273	0.0766	0.1083	1	-0.0065	-2.0259	0.0428
34447	A	106	ILE	B	152	ASP	0.0819	0.1158	-0.6223	0.3303	1	0.0042	2.0119	0.0442
34566	A	107	CYX	A	169	GLY	0.0187	0.0264	-0.3836	0.1918	1	0.0150	2.0773	0.0378
34945	A	108	PHE	B	85	VAL	0.0847	0.1197	-0.4030	0.2028	1	0.0166	2.0706	0.0384
35187	A	109	ILE	B	46	GLU	-0.0177	0.0250	0.1430	0.0733	1	-0.0058	-2.0749	0.0380
35209	A	109	ILE	B	68	LEU	-0.2243	0.1132	0.0532	0.0752	1	-0.0056	-2.0414	0.0412
35218	A	109	ILE	B	77	THR	0.3317	0.1730	-0.2538	0.2167	1	0.0309	2.1115	0.0347
35329	A	109	ILE	B	188	TRP	0.3098	0.2023	-0.2252	0.1127	1	0.0719	2.3105	0.0209
35703	A	111	LYS	A	184	SER	-0.0340	0.0480	0.1198	0.0600	1	-0.0001	-2.0018	0.0453
35706	A	111	LYS	B	6	ARG	-0.0356	0.0503	0.2144	0.1132	1	-0.0023	-2.0189	0.0435
35712	A	111	LYS	B	12	LYS	-0.4587	0.2565	0.1668	0.1001	1	-0.0747	-2.2712	0.0231
35849	A	111	LYS	B	149	GLN	-0.4439	0.2220	0.0458	0.0648	1	-0.0273	-2.1180	0.0342
35868	A	111	LYS	B	168	GLY	0.5798	0.2931	-0.0538	0.0762	1	0.0280	2.0925	0.0364
35870	A	111	LYS	B	170	VAL	0.4593	0.2297	-0.0121	0.0171	1	0.0107	2.0464	0.0407
35880	A	111	LYS	B	180	VAL	-0.0308	0.0435	0.2313	0.1157	1	-0.0148	-2.1198	0.0340
36085	A	112	PHE	B	107	GLN	-0.0347	0.0491	0.4808	0.2411	1	-0.0235	-2.0954	0.0361
36189	A	113	THR	A	115	PRO	0.0331	0.0468	-0.6249	0.3139	1	0.0233	2.0734	0.0381
36237	A	113	THR	A	163	CYX	0.0473	0.0669	-0.3708	0.1911	1	0.0131	2.0648	0.0389
36346	A	113	THR	B	91	VAL	-0.0408	0.0576	0.2490	0.1322	1	-0.0014	-2.0095	0.0445
36377	A	113	THR	B	122	PHE	-0.0376	0.0532	1.2169	0.5914	1	-0.0669	-2.1126	0.0346
36404	A	113	THR	B	149	GLN	-0.0516	0.0395	0.2776	0.1436	1	-0.0315	-2.2115	0.0270
36421	A	113	THR	B	166	ARG	0.3402	0.1702	-0.0229	0.0324	1	0.0165	2.0953	0.0361
36472	A	114	PRO	A	122	LEU	0.0329	0.0466	-0.3303	0.1681	1	0.0144	2.0828	0.0373
36529	A	114	PRO	A	179	GLU	0.0653	0.0923	-0.3068	0.1536	1	0.0137	2.0765	0.0379
36757	A	115	PRO	A	132	VAL	0.5690	0.2850	-0.1435	0.2029	1	0.0127	2.0364	0.0417
37011	A	115	PRO	C	116	GLN	0.3961	0.2546	-0.2876	0.1719	1	0.0693	2.2255	0.0261
37274	A	116	VAL	C	105	SER	-0.3863	0.2421	0.4224	0.2829	1	-0.0641	-2.1721	0.0299
37514	A	117	VAL	B	161	LEU	-0.3597	0.1798	0.0269	0.0380	1	-0.0189	-2.1029	0.0355
37601	A	118	ASN	A	157	THR	-0.5815	0.3054	0.0954	0.1348	1	-0.0091	-2.0273	0.0426
37655	A	118	ASN	B	30	CYS	0.5402	0.2220	0.0322	0.0455	1	0.0547	2.2413	0.0250
37678	A	118	ASN	B	53	LEU	0.5058	0.2576	-0.0124	0.0176	1	0.0019	2.0072	0.0447
37686	A	118	ASN	B	61	TRP	0.6817	0.1149	0.0210	0.0298	1	0.4233	5.5664	0.0000
37697	A	118	ASN	B	72	ARG	-0.3000	0.1543	0.0421	0.0595	1	-0.0113	-2.0681	0.0386
37757	A	118	ASN	B	132	PHE	0.5731	0.1041	0.0424	0.0600	1	0.2903	4.4158	0.0000
37912	A	119	VAL	B	16	HIP	-0.0793	0.0494	0.2488	0.1296	1	-0.0507	-2.3654	0.0180
37974	A	119	VAL	B	78	TYR	0.3800	0.2227	-0.3287	0.1947	1	0.1170	2.3957	0.0166
38018	A	119	VAL	B	122	PHE	-0.1174	0.1271	0.4320	0.2427	1	-0.0015	-2.0054	0.0449
38675	A	122	LEU	A	153	PHE	0.0923	0.2836	-1.1419	0.4291	1	0.2056	2.3998	0.0164
38751	A	122	LEU	B	48	ARG	-0.0002	0.0003	0.2764	0.1382	1	-0.0002	-2.0012	0.0454
38785	A	122	LEU	B	82	MTS	0.1445	0.2925	-0.6094	0.0511	1	0.1600	2.5388	0.0111
39754	A	126	LYS	A	170	LEU	-0.6110	0.3065	0.1422	0.2012	1	-0.0199	-2.0543	0.0399
39869	A	126	LYS	B	104	SER	-0.3904	0.1971	0.0881	0.1246	1	-0.0122	-2.0522	0.0401
40269	A	128	VAL	A	160	VAL	0.1362	0.1927	-0.5198	0.2601	1	0.0086	2.0266	0.0427
40445	A	128	VAL	B	155	PHE	0.0943	0.1334	-0.3753	0.1919	1	0.0022	2.0093	0.0445
40764	A	130	THR	A	134	GLU	-0.0098	0.0139	0.0866	0.0452	1	-0.0019	-2.0410	0.0413
40822	A	130	THR	B	11	LEU	0.0306	0.0433	-0.4773	0.2390	1	0.0221	2.0909	0.0365
40832	A	130	THR	B	21	THR	0.5343	0.2884	-0.3701	0.2393	1	0.1549	2.4132	0.0158
40865	A	130	THR	B	54	GLY	0.6379	0.3329	-0.5373	0.3789	1	0.1664	2.3299	0.0198
40915	A	130	THR	B	104	SER	-0.4235	0.2326	0.2890	0.1476	1	-0.1616	-2.5864	0.0097
41340	A	132	VAL	B	12	LYS	-0.3911	0.2002	0.0171	0.0241	1	-0.0048	-2.0239	0.0430
41346	A	132	VAL	B	18	PHE	0.2475	0.1265	-0.0524	0.0742	1	0.0067	2.0456	0.0408
41461	A	132	VAL	B	133	ARG	0.2469	0.1250	-0.0393	0.0556	1	0.0126	2.0920	0.0364
41620	A	133	SER	B	35	GLU	-0.3492	0.2097	0.1608	0.0973	1	-0.0477	-2.2065	0.0274
41764	A	133	SER	B	179	SER	-0.6986	0.3887	0.2407	0.2285	1	-0.0375	-2.0832	0.0372
41808	A	134	GLU	A	148	PHE	0.0452	0.0639	-0.3327	0.1693	1	0.0160	2.0886	0.0367
42255	A	135	THR	B	159	VAL	-1.1667	0.3996	-0.1121	0.1586	1	-0.1948	-2.4532	0.0142
42301	A	135	THR	C	116	GLN	0.5465	0.2734	-0.0006	0.0008	1	0.0003	2.0010	0.0454
42321	A	136	VAL	A	152	PRO	0.6183	0.3640	-0.3496	0.2297	1	0.1071	2.2489	0.0245
42681	A	137	PHE	B	78	TYR	0.0915	0.1294	-0.5036	0.2553	1	0.0227	2.0793	0.0376
42690	A	137	PHE	B	87	GLU	-0.0849	0.1200	0.6377	0.3394	1	-0.0026	-2.0072	0.0447
42770	A	137	PHE	B	167	SER	0.0135	0.0190	-0.1393	0.0700	1	0.0077	2.1058	0.0352
42774	A	137	PHE	B	171	TYR	0.0101	0.0143	-0.1633	0.0820	1	0.0070	2.0843	0.0371
42846	A	138	LEU	A	172	GLU	0.4138	0.2150	-0.0731	0.1034	1	0.0097	2.0408	0.0413
43255	A	139	PRO	B	149	GLN	0.2043	0.1071	-0.0220	0.0310	1	0.0032	2.0291	0.0425
43694	A	141	GLU	B	89	PHE	-0.1061	0.1501	0.6537	0.3468	1	-0.0041	-2.0108	0.0444
43803	A	141	GLU	C	109	MET	-0.2815	0.1478	0.3528	0.2747	1	-0.0104	-2.0334	0.0420
43863	A	142	ASP	B	10	GLN	-0.0533	0.0754	0.2465	0.1234	1	-0.0107	-2.0738	0.0381
44049	A	142	ASP	C	107	TRP	-0.0868	0.1227	0.3299	0.1650	1	-0.0054	-2.0264	0.0427
44187	A	143	HIE	B	87	GLU	-0.1228	0.1736	0.4894	0.2467	1	-0.0088	-2.0290	0.0425
44236	A	143	HIE	B	136	GLN	-0.0513	0.0726	0.4592	0.2359	1	-0.0168	-2.0682	0.0386
44276	A	143	HIE	B	176	GLU	-0.0531	0.0751	0.5118	0.2563	1	-0.0307	-2.1151	0.0344
44691	A	145	PHE	B	100	THR	0.2528	0.1266	-1.2473	0.5984	1	0.2769	2.4527	0.0142
44820	A	146	ARG	A	166	GLU	-0.1138	0.1610	-0.9897	0.2914	1	0.2100	2.6306	0.0085
44877	A	146	ARG	B	42	SER	-0.5013	0.2522	0.0201	0.0284	1	-0.0137	-2.0541	0.0400
44958	A	146	ARG	B	123	TYR	-0.2043	0.2889	1.8560	0.9802	1	-0.0166	-2.0162	0.0438
45085	A	147	LYS	B	7	PHE	-0.3133	0.1598	0.2650	0.1374	1	-0.1568	-2.7443	0.0061
45334	A	148	PHE	B	14	GLU	-0.3902	0.1961	0.0166	0.0234	1	-0.0117	-2.0594	0.0395
45577	A	149	HIE	B	16	HIP	-0.2475	0.1391	0.2640	0.2023	1	-0.0205	-2.0836	0.0372
45753	A	149	HIE	C	103	PRO	0.6793	0.2352	0.1020	0.1443	1	0.0254	2.0921	0.0364
45766	A	149	HIE	C	116	GLN	0.5443	0.2948	-0.1150	0.0985	1	0.0378	2.1215	0.0339
45842	A	150	TYR	B	41	ASP	-0.0113	0.0160	0.4023	0.2033	1	-0.0058	-2.0285	0.0425
45861	A	150	TYR	B	60	TYR	0.6631	0.3433	-0.1992	0.2284	1	0.0377	2.0914	0.0365
46138	A	151	LEU	B	98	LYS	-0.2665	0.2183	0.6478	0.3437	1	-0.1000	-2.2455	0.0247
46346	A	152	PRO	B	68	LEU	1.0472	0.5517	-0.1106	0.1564	1	0.0109	2.0191	0.0435
46354	A	152	PRO	B	76	ASP	1.1177	0.3261	-0.0450	0.0637	1	0.4981	3.4991	0.0005
46381	A	152	PRO	B	103	PRO	-0.9428	0.4128	-0.0666	0.0941	1	-0.0295	-2.0698	0.0385
46441	A	152	PRO	B	163	THR	0.4572	0.3752	-0.5415	0.3124	1	0.0222	2.0455	0.0408
46559	A	153	PHE	B	44	VAL	-0.2071	0.1135	0.2825	0.1443	1	-0.1224	-2.6667	0.0077
46780	A	154	LEU	B	29	ARG	0.0443	0.0626	0.4284	0.1666	1	-0.0283	-2.1588	0.0309
46979	A	155	PRO	A	174	LEU	-0.1115	0.1576	0.4930	0.2535	1	-0.0074	-2.0246	0.0429
47084	A	155	PRO	B	98	LYS	-0.4720	0.2396	0.3344	0.2622	1	-0.0960	-2.2702	0.0232
47103	A	155	PRO	B	117	CYX	-0.0951	0.1345	0.4113	0.2103	1	-0.0072	-2.0289	0.0425
47326	A	156	SER	B	106	THR	-0.0537	0.0760	0.3924	0.2000	1	-0.0182	-2.0851	0.0371
47382	A	156	SER	B	162	GLU	-0.0370	0.0524	0.1858	0.0935	1	-0.0085	-2.0798	0.0375
47467	A	157	THR	B	14	GLU	-0.4897	0.3456	0.2775	0.1397	1	-0.0215	-2.0578	0.0396
47469	A	157	THR	B	16	HIP	-0.1642	0.1012	0.1167	0.0647	1	-0.0406	-2.3381	0.0194
47493	A	157	THR	B	40	PHE	-0.2645	0.1391	0.0216	0.0305	1	-0.0013	-2.0092	0.0445
47507	A	157	THR	B	54	GLY	0.8480	0.2755	-0.0997	0.1410	1	0.3286	3.0618	0.0022
47514	A	157	THR	B	61	TRP	0.6132	0.0318	-0.3988	0.2028	1	0.6014	4.9295	0.0000
47516	A	157	THR	B	63	SER	0.3911	0.2545	-0.3909	0.1990	1	0.1359	2.4209	0.0155
47679	A	158	GLU	A	175	LEU	0.3497	0.2174	-0.2739	0.2110	1	0.0177	2.0583	0.0396
47724	A	158	GLU	B	39	ARG	0.2826	0.1500	-0.1586	0.0850	1	0.0963	2.5585	0.0105
47753	A	158	GLU	B	68	LEU	-0.4180	0.2101	0.0552	0.0780	1	-0.0251	-2.1119	0.0347
47785	A	158	GLU	B	100	THR	0.2667	0.1543	-0.3807	0.1918	1	0.1552	2.6305	0.0085
47788	A	158	GLU	B	103	PRO	0.2771	0.1575	-0.3162	0.2456	1	0.0097	2.0333	0.0420
47816	A	158	GLU	B	131	TRP	-0.4720	0.2396	0.1115	0.1577	1	-0.0098	-2.0342	0.0419
47826	A	158	GLU	B	141	GLY	-0.3558	0.1877	0.0384	0.0543	1	-0.0034	-2.0176	0.0436
47981	A	159	ASP	B	65	LYS	-0.3592	0.1807	0.3022	0.2030	1	-0.1178	-2.4334	0.0150
48222	A	160	VAL	B	76	ASP	-0.6017	0.3043	0.0200	0.0284	1	-0.0105	-2.0343	0.0419
48319	A	160	VAL	B	173	CYX	-0.0615	0.0870	0.9239	0.4310	1	-0.1060	-2.2411	0.0250
48369	A	161	TYR	A	175	LEU	-0.7590	0.2223	-0.1114	0.1575	1	-0.1027	-2.3771	0.0175
48436	A	161	TYR	B	61	TRP	0.8287	0.3212	0.0203	0.0287	1	0.1635	2.5071	0.0122
48440	A	161	TYR	B	65	LYS	-0.5123	0.0665	0.0114	0.0161	1	-0.3869	-7.6587	0.0000
49900	A	167	HIE	B	172	THR	0.3162	0.1589	-0.0615	0.0869	1	0.0155	2.0854	0.0370
49919	A	167	HIE	C	102	LYS	0.3629	0.1830	-0.0703	0.0994	1	0.0167	2.0802	0.0375
49946	A	168	TRP	A	177	HIP	-0.8786	0.2133	-0.1659	0.2345	1	-0.0787	-2.2481	0.0246
50050	A	168	TRP	B	100	THR	0.3749	0.2850	-0.8154	0.4420	1	0.1385	2.2633	0.0236
50057	A	168	TRP	B	107	GLN	-0.5576	0.2935	0.3619	0.2297	1	-0.1741	-2.4671	0.0136
50073	A	168	TRP	B	123	TYR	-0.0850	0.1202	0.6959	0.2554	1	-0.2165	-2.7669	0.0057
50120	A	168	TRP	B	170	VAL	0.3709	0.1957	-0.3232	0.1741	1	0.1701	2.6495	0.0081
50186	A	169	GLY	B	15	CYX	0.3355	0.1715	-0.6207	0.3577	1	0.1629	2.4107	0.0159
50239	A	169	GLY	B	68	LEU	1.0535	0.2970	-0.0727	0.1027	1	0.4975	3.5828	0.0003
50247	A	169	GLY	B	76	ASP	1.0456	0.5163	-0.2809	0.3973	1	0.0237	2.0364	0.0417
50558	A	170	LEU	B	167	SER	-0.3618	0.0946	-0.0363	0.0513	1	-0.1103	-3.0251	0.0025
50876	A	172	GLU	B	48	ARG	-0.0414	0.0586	0.4114	0.2058	1	-0.0248	-2.1161	0.0343
51019	A	172	GLU	C	102	LYS	-0.4302	0.2229	0.4323	0.2543	1	-0.1862	-2.5508	0.0107
51024	A	172	GLU	C	107	TRP	0.7069	0.5186	-0.4714	0.2362	1	0.0386	2.0678	0.0387
51067	A	173	PRO	B	22	GLU	0.2803	0.1407	-0.0061	0.0087	1	0.0044	2.0313	0.0422
51096	A	173	PRO	B	51	THR	-0.1296	0.1832	0.6511	0.2551	1	-0.1525	-2.4854	0.0129
51188	A	173	PRO	B	143	VAL	-0.4389	0.2629	0.4147	0.2196	1	-0.1686	-2.4923	0.0127
51193	A	173	PRO	B	148	ILE	-0.1297	0.1835	0.8411	0.2791	1	-0.3029	-2.9069	0.0037
51274	A	174	LEU	B	13	PHE	-0.3943	0.2001	0.3732	0.2099	1	-0.1875	-2.6466	0.0081
51419	A	174	LEU	B	158	LEU	-0.5242	0.2751	0.0404	0.0572	1	-0.0026	-2.0092	0.0445
51599	A	175	LEU	B	123	TYR	-0.0888	0.1256	0.4414	0.2296	1	-0.0068	-2.0260	0.0428
51902	A	177	HIP	A	180	PHE	-0.6453	0.1852	-0.1041	0.1472	1	-0.0681	-2.2877	0.0222
52183	A	178	TRP	B	68	LEU	0.3068	0.1535	-0.0365	0.0517	1	0.0195	2.1204	0.0340
52189	A	178	TRP	B	74	ALA	0.5073	0.2537	-0.0371	0.0524	1	0.0262	2.1011	0.0356
52195	A	178	TRP	B	80	ARG	0.2657	0.1344	-0.0512	0.0724	1	0.0116	2.0760	0.0379
52336	A	179	GLU	B	10	GLN	0.0388	0.0548	-0.4142	0.2125	1	0.0141	2.0642	0.0390
52578	A	180	PHE	B	42	SER	-1.0979	0.4666	0.1296	0.1833	1	-0.2248	-2.4484	0.0144
52640	A	180	PHE	B	104	SER	-1.1633	0.3966	0.2288	0.1633	1	-0.5342	-3.2454	0.0012
52669	A	180	PHE	B	133	ARG	0.4399	0.2291	-0.0763	0.1079	1	0.0098	2.0385	0.0415
52761	A	181	ASP	B	16	HIP	0.1806	0.0904	-0.0012	0.0016	1	0.0009	2.0096	0.0445
52877	A	181	ASP	B	132	PHE	-0.9183	0.3445	-0.0937	0.1325	1	-0.0864	-2.2340	0.0255
52891	A	181	ASP	B	146	GLY	-0.5396	0.2105	-0.0557	0.0788	1	-0.0344	-2.1529	0.0313
52917	A	181	ASP	B	172	THR	-0.7522	0.3170	0.1757	0.2485	1	-0.1223	-2.3037	0.0212
52993	A	182	ALA	B	40	PHE	0.4044	0.2102	-0.0451	0.0637	1	0.0102	2.0465	0.0407
53176	A	183	PRO	B	16	HIP	0.0077	0.0109	-0.3347	0.1703	1	0.0011	2.0067	0.0448
53210	A	183	PRO	B	50	VAL	0.3959	0.2448	-0.5371	0.3424	1	0.0911	2.2165	0.0267
53282	A	183	PRO	B	122	PHE	0.1130	0.1598	-0.5265	0.2662	1	0.0186	2.0600	0.0394
53419	A	184	SER	B	53	LEU	0.2287	0.3234	-0.9506	0.4622	1	0.0511	2.0905	0.0366
53426	A	184	SER	B	60	TYR	0.1806	0.2554	-0.6839	0.2081	1	0.2056	2.6239	0.0087
53920	B	5	PRO	B	145	THR	0.4066	0.2115	-0.0375	0.0531	1	0.0081	2.0369	0.0417
54060	B	6	ARG	B	82	MTS	0.7193	0.5376	-0.6731	0.3555	1	0.1035	2.1606	0.0307
54169	B	6	ARG	C	102	LYS	-0.3585	0.2021	0.4687	0.2617	1	-0.1660	-2.5021	0.0123
54195	B	7	PHE	B	15	CYX	-0.1024	0.1448	0.6008	0.0602	1	-0.3895	-4.4838	0.0000
54216	B	7	PHE	B	36	GLU	0.0241	0.0341	-0.6023	0.2435	1	0.1346	2.5473	0.0109
54355	B	7	PHE	B	175	VAL	0.3515	0.2591	-0.2373	0.1233	1	0.0147	2.0514	0.0402
54528	B	8	LEU	B	147	LEU	0.1821	0.0952	-0.0208	0.0294	1	0.0036	2.0363	0.0417
54545	B	8	LEU	B	164	VAL	-0.2152	0.1128	0.0424	0.0600	1	-0.0021	-2.0167	0.0437
55044	B	11	LEU	B	66	ASP	0.1694	0.2395	-0.7902	0.2268	1	0.2999	2.9091	0.0036
55051	B	11	LEU	B	73	ALA	0.0987	0.1395	-0.4595	0.1019	1	0.2126	3.2302	0.0012
55082	B	11	LEU	B	104	SER	-0.1863	0.2635	0.4579	0.1648	1	-0.0227	-2.0731	0.0382
55184	B	11	LEU	C	117	ALA	0.0910	0.1287	-0.4855	0.2431	1	0.0263	2.0954	0.0361
55240	B	12	LYS	B	65	LYS	0.8905	0.3473	-0.3958	0.2554	1	0.4241	2.9839	0.0028
55320	B	12	LYS	B	145	THR	-0.9744	0.3920	-0.0555	0.0784	1	-0.1194	-2.2987	0.0215
55414	B	13	PHE	B	43	ASP	0.0475	0.0672	-0.4395	0.2228	1	0.0216	2.0929	0.0364
55645	B	14	GLU	B	79	CYX	0.1107	0.1565	-0.4783	0.2419	1	0.0128	2.0444	0.0409
55661	B	14	GLU	B	95	VAL	0.0096	0.0135	-0.3972	0.1986	1	0.0086	2.0434	0.0410
55664	B	14	GLU	B	98	LYS	0.3166	0.1704	-0.5883	0.2969	1	0.2203	2.6435	0.0082
56347	B	17	PHE	C	113	LEU	-0.0882	0.1248	0.3334	0.1004	1	-0.1014	-2.6329	0.0085
56373	B	18	PHE	B	37	SER	0.0460	0.0651	-0.4480	0.2264	1	0.0229	2.0971	0.0360
56381	B	18	PHE	B	45	GLY	0.0574	0.0811	-0.5906	0.2964	1	0.0334	2.1086	0.0350
56422	B	18	PHE	B	86	GLY	-0.4436	0.2278	0.1075	0.1520	1	-0.0034	-2.0125	0.0442
56569	B	19	ASN	B	43	ASP	0.0208	0.0294	-0.5002	0.2515	1	0.0146	2.0576	0.0396
56987	B	21	THR	B	84	GLY	-0.1443	0.2041	0.5104	0.0099	1	-0.2460	-3.2039	0.0014
57057	B	21	THR	B	154	THR	0.0310	0.0439	-0.2959	0.1481	1	0.0181	2.1172	0.0342
57097	B	21	THR	C	105	SER	-0.0888	0.0444	0.2085	0.0778	1	-0.1180	-3.3173	0.0009
57099	B	21	THR	C	107	TRP	-0.3547	0.2826	0.3006	0.0337	1	-0.0860	-2.3022	0.0213
57560	B	24	VAL	B	99	VAL	0.0483	0.0683	-0.4449	0.2226	1	0.0276	2.1185	0.0341
57613	B	24	VAL	B	152	ASP	-0.0054	0.0077	-0.4815	0.1679	1	0.1399	2.8320	0.0046
57648	B	24	VAL	B	187	GLU	0.0517	0.0731	-0.4246	0.1962	1	0.0575	2.2744	0.0229
58340	B	28	GLU	B	149	GLN	-0.7103	0.1065	-0.1854	0.1901	1	-0.0892	-2.4095	0.0160
58477	B	29	ARG	B	106	THR	-0.0437	0.0618	0.3867	0.2004	1	-0.0111	-2.0527	0.0401
58796	B	31	ILE	B	68	LEU	0.5522	0.1570	-0.2142	0.3029	1	0.0841	2.2464	0.0247
58804	B	31	ILE	B	76	ASP	0.4797	0.1809	0.0556	0.0786	1	0.0296	2.1500	0.0316
58869	B	31	ILE	B	141	GLY	0.3134	0.1567	-0.0215	0.0304	1	0.0156	2.0980	0.0359
59011	B	32	TYR	B	106	THR	-0.0523	0.0739	0.4131	0.2066	1	-0.0266	-2.1213	0.0339
59505	B	35	GLU	B	75	VAL	-0.3503	0.1821	0.0278	0.0393	1	-0.0054	-2.0290	0.0425
59598	B	35	GLU	B	168	GLY	0.3712	0.1928	-0.0281	0.0398	1	0.0057	2.0289	0.0425
59634	B	35	GLU	C	115	MET	0.0307	0.0434	-0.3349	0.1706	1	0.0135	2.0768	0.0378
59669	B	36	GLU	B	66	ASP	0.1196	0.1691	-1.3633	0.7139	1	0.0155	2.0212	0.0433
60161	B	39	ARG	B	45	GLY	-0.1056	0.1494	-1.6964	0.7145	1	0.1308	2.1792	0.0293
60708	B	42	SER	B	88	SER	0.2942	0.1502	-0.0385	0.0545	1	0.0131	2.0818	0.0374
60790	B	42	SER	B	170	VAL	0.4848	0.2427	-0.1124	0.1589	1	0.0169	2.0584	0.0396
60809	B	42	SER	B	189	ARG	0.9734	0.4509	-0.0884	0.1250	1	0.1260	2.2693	0.0233
60817	B	42	SER	C	108	ARG	0.2862	0.1441	-0.0057	0.0081	1	0.0033	2.0231	0.0431
60893	B	43	ASP	B	107	GLN	0.0512	0.0725	-0.4528	0.2283	1	0.0250	2.1045	0.0353
61118	B	44	VAL	B	167	SER	0.2485	0.1909	-0.1756	0.0912	1	0.0009	2.0044	0.0450
61168	B	45	GLY	B	53	LEU	0.1112	0.1572	-0.6019	0.1457	1	0.2844	3.3267	0.0009
61175	B	45	GLY	B	60	TYR	0.1174	0.1661	-0.4214	0.0692	1	0.1790	2.9952	0.0027
61483	B	46	GLU	C	116	GLN	0.0336	0.0475	-0.1894	0.0958	1	0.0092	2.0862	0.0370
61505	B	47	TYR	B	65	LYS	0.4268	0.1255	-0.1565	0.2214	1	0.0743	2.2920	0.0219
61679	B	48	ARG	B	78	TYR	0.4575	0.2299	-0.3925	0.2410	1	0.1839	2.5521	0.0107
61988	B	50	VAL	B	68	LEU	0.9130	0.3927	-0.2946	0.4166	1	0.0626	2.1093	0.0349
62144	B	51	THR	B	66	ASP	0.1874	0.2650	-1.4379	0.6700	1	0.1843	2.2559	0.0241
62456	B	53	LEU	B	65	LYS	0.3345	0.2655	-0.4396	0.2575	1	0.0343	2.0927	0.0364
62619	B	54	GLY	B	73	ALA	0.4259	0.2130	-0.2786	0.2371	1	0.0671	2.2105	0.0271
62626	B	54	GLY	B	80	ARG	-0.6018	0.1880	-0.0752	0.1064	1	-0.0946	-2.4382	0.0148
62926	B	56	PRO	B	73	ALA	0.5401	0.3584	-0.4235	0.2251	1	0.1172	2.2768	0.0228
62961	B	56	PRO	B	108	PRO	0.5046	0.2573	-0.1287	0.1820	1	0.0030	2.0094	0.0445
63078	B	57	ASP	B	73	ALA	0.5260	0.3058	-0.5293	0.3515	1	0.1235	2.2650	0.0235
63081	B	57	ASP	B	76	ASP	0.4751	0.2416	-0.1180	0.1669	1	0.0058	2.0198	0.0434
63149	B	57	ASP	B	144	SER	0.3195	0.1598	-0.0641	0.0906	1	0.0162	2.0880	0.0368
63185	B	57	ASP	B	180	VAL	-0.4020	0.2021	0.1125	0.1590	1	-0.0001	-2.0003	0.0455
63316	B	58	ALA	B	160	MET	0.3457	0.1807	-0.0638	0.0903	1	0.0055	2.0273	0.0426
63349	B	58	ALA	C	104	VAL	-0.1515	0.0784	0.2618	0.1724	1	-0.0345	-2.1821	0.0291
63351	B	58	ALA	C	106	LYS	-0.2298	0.1351	0.2661	0.1606	1	-0.0762	-2.3628	0.0181
63613	B	60	TYR	B	158	LEU	0.5221	0.2677	-0.0472	0.0667	1	0.0175	2.0635	0.0391
63795	B	61	TRP	C	103	PRO	-0.6379	0.0908	-0.0401	0.0567	1	-0.3839	-5.5872	0.0000
63988	B	63	SER	B	92	GLN	-0.0182	0.0257	0.4100	0.2051	1	-0.0147	-2.0712	0.0383
64019	B	63	SER	B	123	TYR	0.1310	0.1852	-0.3285	0.0818	1	0.0545	2.2693	0.0233
64238	B	64	GLN	C	108	ARG	-0.6562	0.3360	0.0181	0.0256	1	-0.0004	-2.0012	0.0454
64331	B	65	LYS	B	146	GLY	0.9703	0.2008	-0.1243	0.1758	1	0.5609	4.1018	0.0000
64476	B	66	ASP	B	148	ILE	0.1769	0.2502	-0.8008	0.1878	1	0.3520	3.1253	0.0018
64524	B	66	ASP	C	107	TRP	-0.2092	0.2959	0.7088	0.2546	1	-0.1374	-2.3519	0.0187
64691	B	68	LEU	B	80	ARG	-0.9241	0.1659	-0.0764	0.1081	1	-0.4517	-4.2810	0.0000
64783	B	68	LEU	B	172	THR	-0.6587	0.0746	0.0374	0.0530	1	-0.5131	-7.6063	0.0000
64942	B	69	GLU	C	102	LYS	0.5495	0.2877	-0.3075	0.1588	1	0.1997	2.6077	0.0091
65132	B	71	ARG	B	104	SER	0.3658	0.1840	-0.0057	0.0081	1	0.0032	2.0171	0.0437
65370	B	72	ARG	C	116	GLN	0.4440	0.2311	-0.0269	0.0380	1	0.0025	2.0107	0.0444
65472	B	73	ALA	B	171	TYR	0.0212	0.0300	-0.2133	0.1123	1	0.0019	2.0167	0.0437
65492	B	73	ALA	C	102	LYS	0.5512	0.2758	-0.7207	0.4076	1	0.2877	2.5846	0.0098
65625	B	74	ALA	B	189	ARG	0.2425	0.1702	-0.4843	0.2799	1	0.0718	2.2191	0.0265
65806	B	76	ASP	B	103	PRO	0.6277	0.1986	-0.2285	0.3231	1	0.0976	2.2574	0.0240
66189	B	79	CYX	B	93	ARG	0.0520	0.0736	-0.2906	0.1467	1	0.0144	2.0875	0.0368
66200	B	79	CYX	B	104	SER	0.3343	0.2566	-0.3429	0.1719	1	0.0594	2.1923	0.0284
66253	B	79	CYX	B	157	THR	0.3450	0.1737	-0.0154	0.0218	1	0.0103	2.0587	0.0395
66312	B	80	ARG	B	87	GLU	-0.5328	0.1337	0.2351	0.3324	1	-0.0512	-2.1429	0.0321
66357	B	80	ARG	B	132	PHE	-0.7548	0.0862	0.0670	0.0947	1	-0.5657	-6.4172	0.0000
66397	B	80	ARG	B	172	THR	-0.8759	0.0184	-0.0990	0.1400	1	-0.4945	-5.5030	0.0000
66491	B	81	HIP	B	138	GLU	-0.5717	0.2936	0.1066	0.1507	1	-0.0181	-2.0550	0.0399
66527	B	81	HIP	B	174	GLN	-0.5128	0.2630	0.1075	0.1521	1	-0.0127	-2.0418	0.0412
66536	B	81	HIP	B	183	PRO	-0.5729	0.2914	0.1434	0.2028	1	-0.0063	-2.0177	0.0436
66581	B	82	MTS	B	101	VAL	-0.0820	0.1160	0.7931	0.4186	1	-0.0064	-2.0148	0.0439
67322	B	88	SER	B	101	VAL	-0.0831	0.1176	0.5743	0.2939	1	-0.0244	-2.0772	0.0378
67349	B	88	SER	B	128	GLU	0.0611	0.0864	-0.4744	0.2374	1	0.0303	2.1200	0.0340
67463	B	89	PHE	B	122	PHE	0.0317	0.0449	-0.7675	0.1669	1	0.4535	4.6240	0.0000
67548	B	89	PHE	C	118	LEU	0.0587	0.0831	-0.7550	0.2686	1	0.2513	2.8939	0.0038
67655	B	90	THR	C	106	LYS	-0.3895	0.2059	0.2150	0.0801	1	-0.1627	-2.7367	0.0062
67661	B	90	THR	C	112	PRO	-0.0233	0.0330	0.1481	0.0741	1	-0.0091	-2.1123	0.0347
67750	B	91	VAL	B	172	THR	-0.0867	0.1123	0.5557	0.2784	1	-0.0420	-2.1400	0.0324
68100	B	94	ARG	B	174	GLN	0.0629	0.0889	-0.4218	0.2226	1	0.0052	2.0217	0.0432
68110	B	94	ARG	B	184	LEU	0.0580	0.0820	-0.4466	0.2252	1	0.0252	2.1051	0.0353
68183	B	95	VAL	B	143	VAL	-0.0238	0.0336	0.3687	0.1880	1	-0.0105	-2.0551	0.0399
68270	B	96	GLU	B	117	CYX	-0.0025	0.0036	0.6171	0.2248	1	-0.1698	-2.7552	0.0059
68312	B	96	GLU	B	159	VAL	0.0561	0.0794	0.4814	0.1358	1	-0.1106	-2.7032	0.0069
68401	B	97	PRO	B	136	GLN	0.0350	0.0495	-0.3103	0.1584	1	0.0135	2.0811	0.0374
68458	B	97	PRO	C	104	VAL	0.0522	0.0738	-0.3674	0.1886	1	0.0146	2.0720	0.0383
68460	B	97	PRO	C	106	LYS	0.0278	0.0393	-0.4033	0.2077	1	0.0084	2.0395	0.0414
68522	B	98	LYS	B	146	GLY	-1.0783	0.3225	0.1895	0.2680	1	-0.4292	-3.0235	0.0025
68884	B	101	VAL	B	181	THR	-0.0552	0.0780	0.4020	0.2086	1	-0.0118	-2.0530	0.0401
69039	B	103	PRO	B	123	TYR	-0.0072	0.0102	0.4355	0.2186	1	-0.0050	-2.0229	0.0431
69520	B	107	GLN	B	190	ALA	-0.5450	0.2844	0.1008	0.1425	1	-0.0095	-2.0299	0.0424
70073	B	113	ASN	B	152	ASP	0.1459	0.2064	-0.6830	0.1187	1	0.3528	3.4817	0.0005
70129	B	113	ASN	C	119	PRO	-0.1768	0.2500	0.4779	0.2011	1	-0.0130	-2.0404	0.0413
70253	B	115	LEU	B	143	VAL	-0.8364	0.0640	-0.2864	0.2360	1	-0.0610	-2.2494	0.0245
70293	B	115	LEU	B	183	PRO	-0.1587	0.1412	0.4685	0.2622	1	-0.0316	-2.1063	0.0352
70474	B	117	CYX	B	179	SER	-0.2816	0.1730	0.5133	0.3134	1	-0.0790	-2.2208	0.0264
71189	B	125	GLY	C	105	SER	0.2727	0.1364	-0.1940	0.1073	1	0.1196	2.6893	0.0072
71353	B	127	ILE	C	104	VAL	0.1968	0.0986	-0.0324	0.0458	1	0.0119	2.1092	0.0349
71727	B	132	PHE	B	172	THR	-0.9307	0.2230	0.3914	0.6117	1	-0.0199	-2.0306	0.0423
71779	B	133	ARG	B	148	ILE	0.0798	0.1129	-0.3984	0.2029	1	0.0138	2.0596	0.0394
71947	B	135	GLY	B	167	SER	-0.9298	0.3844	-0.0728	0.0405	1	-0.0840	-2.2173	0.0266
72008	B	136	GLN	B	155	PHE	0.4489	0.2945	-0.4745	0.2611	1	0.1362	2.3460	0.0190
72020	B	136	GLN	B	167	SER	-0.9156	0.5052	0.1119	0.0603	1	-0.0099	-2.0194	0.0434
72092	B	137	GLU	B	167	SER	-0.6445	0.3064	0.0560	0.1103	1	-0.0493	-2.1513	0.0315
72113	B	137	GLU	B	188	TRP	-0.9120	0.3878	0.2423	0.2227	1	-0.2600	-2.5814	0.0098
72437	B	142	VAL	B	167	SER	-0.9125	0.4415	0.0256	0.0362	1	-0.0521	-2.1176	0.0342
72438	B	142	VAL	B	168	GLY	-0.2899	0.1493	0.0298	0.0422	1	-0.0094	-2.0604	0.0394
72444	B	142	VAL	B	174	GLN	-0.8971	0.1323	-0.3295	0.1816	1	-0.1184	-2.5270	0.0115
72950	B	150	ASN	B	180	VAL	-0.4541	0.2517	0.2453	0.1346	1	-0.1286	-2.4505	0.0143
72951	B	150	ASN	B	181	THR	-0.4942	0.2522	0.2581	0.1955	1	-0.1140	-2.3574	0.0184
73093	B	152	ASP	C	119	PRO	0.0486	0.0687	0.5522	0.2093	1	-0.0632	-2.2868	0.0222
73299	B	156	GLN	C	107	TRP	0.3796	0.2211	-0.2210	0.1108	1	0.1060	2.4285	0.0152
73448	B	159	VAL	C	103	PRO	0.6186	0.1803	-0.0396	0.1149	1	0.2305	3.0782	0.0021
73501	B	160	MET	C	107	TRP	0.2597	0.1326	-0.0199	0.0328	1	0.0064	2.0466	0.0407
73794	B	167	SER	B	174	GLN	-1.2774	0.5011	0.0883	0.1249	1	-0.3329	-2.6447	0.0082
73877	B	169	GLU	B	176	GLU	-0.3252	0.1720	0.0553	0.0783	1	-0.0026	-2.0139	0.0440
74239	B	179	SER	C	104	VAL	0.3107	0.1995	-0.4190	0.2944	1	0.0184	2.0517	0.0402
74269	B	180	VAL	C	105	SER	0.1384	0.0764	-0.3727	0.2311	1	0.0243	2.0997	0.0358
74345	B	183	PRO	B	189	ARG	-0.2805	0.1447	0.8251	0.4391	1	-0.1810	-2.3915	0.0168
74485	B	189	ARG	C	105	SER	0.0142	0.2474	0.5748	0.1314	1	-0.0004	-2.0014	0.0454
74666	C	113	LEU	C	117	ALA	0.3542	0.2026	-0.7609	0.4273	1	0.1692	2.3577	0.0184
74689	C	118	LEU	C	120	MET	0.0562	0.0795	-0.4021	0.2045	1	0.0194	2.0886	0.0367
