index	seg1	res1	rnm1	seg2	res2	rnm2	bN82A.pcca2	bN82A.pcca2	WT.pcca2	WT.pcca2	lsdm	sdiff	score	pval
							mf	sf	mf	sf				
26	A	4	GLU	A	31	ILE	0.0138	0.0195	-0.1976	0.0989	1	0.0098	2.0973	0.0360
82	A	4	GLU	A	87	PRO	0.1261	0.0201	-0.1019	0.0579	1	0.1055	3.7211	0.0002
169	A	4	GLU	A	174	LEU	0.0968	0.0670	-0.2281	0.1398	1	0.0149	2.0961	0.0361
200	A	4	GLU	B	24	VAL	-0.8038	0.1144	-0.0289	0.0409	1	-0.5319	-6.3778	0.0000
380	A	4	GLU	C	115	MET	0.3078	0.1539	-0.3955	0.2439	1	0.1265	2.4385	0.0147
407	A	5	HIP	A	27	ASP	0.0665	0.0941	-0.4293	0.2275	1	0.0034	2.0139	0.0440
948	A	6	VAL	A	184	SER	-0.7858	0.0700	-0.0239	0.0338	1	-0.6065	-9.8064	0.0000
1252	A	7	ILE	A	105	LEU	0.0140	0.0198	0.9702	0.4181	1	-0.1190	-2.2843	0.0224
1462	A	7	ILE	B	134	ASN	-0.0632	0.0894	0.3790	0.1976	1	-0.0084	-2.0388	0.0415
1476	A	7	ILE	B	148	ILE	-0.1775	0.1363	0.2983	0.1573	1	-0.0596	-2.2862	0.0222
1524	A	7	ILE	C	107	TRP	0.2145	0.1641	-0.2296	0.1398	1	0.0130	2.0602	0.0394
1939	A	9	GLN	A	29	ASH	0.1620	0.0900	-0.4995	0.1122	1	0.3738	4.5982	0.0000
1960	A	9	GLN	A	50	ARG	-0.3091	0.1701	0.2485	0.1380	1	-0.1195	-2.5459	0.0109
2001	A	9	GLN	A	91	VAL	-0.0432	0.0611	0.3596	0.1799	1	-0.0228	-2.1199	0.0340
2004	A	9	GLN	A	94	ASN	0.1391	0.1209	-0.3539	0.1827	1	0.0547	2.2496	0.0245
2005	A	9	GLN	A	95	SER	0.4348	0.2248	-0.0329	0.0465	1	0.0086	2.0373	0.0416
2048	A	9	GLN	A	138	LEU	0.0341	0.0482	-0.3720	0.1873	1	0.0193	2.0998	0.0357
2056	A	9	GLN	A	146	ARG	-0.0288	0.2865	0.8969	0.2509	1	-0.1642	-2.4313	0.0150
2204	A	9	GLN	B	113	ASN	0.4473	0.2240	-0.0982	0.1389	1	0.0184	2.0699	0.0385
2217	A	9	GLN	B	126	SER	-0.0872	0.1233	0.3943	0.2018	1	-0.0085	-2.0359	0.0418
2260	A	9	GLN	B	169	GLU	0.1859	0.0930	-0.0252	0.0357	1	0.0119	2.1193	0.0341
2308	A	10	ALA	A	18	GLN	-0.4671	0.2424	0.0868	0.1228	1	-0.0105	-2.0385	0.0415
2327	A	10	ALA	A	37	ALA	-0.4907	0.2461	0.0938	0.1327	1	-0.0253	-2.0903	0.0366
2392	A	10	ALA	A	102	PRO	-0.2343	0.1174	0.0105	0.0149	1	-0.0082	-2.0694	0.0385
3510	A	13	TYR	A	86	PRO	-0.0351	0.0496	-1.2257	0.4622	1	0.2608	2.5609	0.0104
3603	A	13	TYR	A	179	GLU	-0.0248	0.0351	1.4206	0.6505	1	-0.1426	-2.2190	0.0265
3907	A	14	LEU	A	107	CYX	0.0811	0.1147	-0.4887	0.2256	1	0.0635	2.2510	0.0244
4049	A	14	LEU	B	68	LEU	0.0371	0.0524	-0.5735	0.1641	1	0.2661	3.5450	0.0004
4110	A	14	LEU	B	129	VAL	-0.0806	0.1140	0.4232	0.2116	1	-0.0231	-2.0960	0.0361
4195	A	15	ASN	A	20	GLY	0.0445	0.0630	-0.5673	0.2969	1	0.0049	2.0162	0.0438
4263	A	15	ASN	A	88	GLU	0.1002	0.0802	-0.3949	0.2320	1	0.0041	2.0167	0.0437
4345	A	15	ASN	A	170	LEU	0.1856	0.1049	-0.2430	0.1215	1	0.1075	2.6698	0.0076
4492	A	15	ASN	B	136	GLN	-0.2850	0.1971	0.3550	0.1811	1	-0.1047	-2.3910	0.0168
4508	A	15	ASN	B	152	ASP	0.4388	0.2228	-0.0475	0.0672	1	0.0208	2.0895	0.0367
5389	A	18	GLN	A	95	SER	0.7015	0.1220	-0.1941	0.2744	1	0.2949	2.9818	0.0029
5552	A	18	GLN	B	77	THR	0.8016	0.1784	-0.1084	0.1533	1	0.4397	3.8695	0.0001
5601	A	18	GLN	B	126	SER	-0.0728	0.1029	0.5553	0.2778	1	-0.0355	-2.1199	0.0340
6083	A	20	GLY	A	48	PHE	-0.1015	0.1435	0.6583	0.3311	1	-0.0380	-2.1052	0.0353
6107	A	20	GLY	A	72	ILE	0.0511	0.0723	-1.1370	0.2071	1	0.7494	5.4167	0.0000
6123	A	20	GLY	A	88	GLU	-0.1094	0.1548	-0.7066	0.1324	1	0.1898	2.9318	0.0034
6223	A	20	GLY	B	7	PHE	0.0605	0.0855	-0.4613	0.2317	1	0.0279	2.1128	0.0346
6280	A	20	GLY	B	64	GLN	0.0471	0.0667	-0.2939	0.1493	1	0.0141	2.0862	0.0370
6367	A	20	GLY	B	151	GLY	-0.0333	0.0471	-0.5183	0.1892	1	0.0951	2.4876	0.0129
6430	A	21	GLH	A	26	PHE	0.3105	0.1788	-0.3723	0.2583	1	0.0545	2.1735	0.0297
6431	A	21	GLH	A	27	ASP	0.4429	0.2348	-0.2043	0.1022	1	0.1349	2.5268	0.0115
6466	A	21	GLH	A	62	ASN	0.0332	0.0470	-0.2749	0.1392	1	0.0142	2.0969	0.0360
6595	A	21	GLH	B	10	GLN	0.3478	0.0911	-0.1473	0.2083	1	0.0404	2.1777	0.0294
6850	A	22	PHE	A	78	ASN	-0.0321	0.0454	-0.8001	0.3642	1	0.0340	2.0926	0.0364
6899	A	22	PHE	A	127	PRO	-0.0098	0.0138	0.5184	0.2606	1	-0.0062	-2.0238	0.0430
6969	A	22	PHE	B	16	HIP	0.0861	0.1218	-0.3635	0.1871	1	0.0031	2.0141	0.0440
6983	A	22	PHE	B	30	CYS	0.0346	0.0490	-0.6908	0.1731	1	0.3657	4.0332	0.0001
7157	A	22	PHE	C	115	MET	0.0530	0.0750	-0.3998	0.2128	1	0.0014	2.0064	0.0448
7221	A	23	MET	A	82	ILE	0.0761	0.1076	-0.4803	0.2402	1	0.0300	2.1142	0.0345
7251	A	23	MET	A	112	PHE	0.0467	0.0660	-0.7429	0.2453	1	0.2816	3.1086	0.0019
7298	A	23	MET	A	159	ASP	-0.0505	0.0714	0.6255	0.3131	1	-0.0338	-2.1051	0.0353
7331	A	23	MET	B	11	LEU	0.0430	0.0608	-0.4076	0.2081	1	0.0169	2.0780	0.0377
7353	A	23	MET	B	33	ASN	0.0848	0.1199	-0.4914	0.2591	1	0.0052	2.0182	0.0436
7372	A	23	MET	B	52	GLU	-0.0272	0.0385	-0.8483	0.3429	1	0.1311	2.3799	0.0173
7409	A	23	MET	B	89	PHE	-0.0443	0.0627	-0.4516	0.1784	1	0.0291	2.1540	0.0312
7531	A	24	PHE	A	26	PHE	-0.0733	0.1037	-0.6275	0.2269	1	0.0553	2.2217	0.0263
7533	A	24	PHE	A	28	GLY	0.1403	0.1984	-0.5274	0.2646	1	0.0063	2.0190	0.0435
7578	A	24	PHE	A	73	MET	0.0855	0.1209	-0.4114	0.2117	1	0.0094	2.0384	0.0415
7663	A	24	PHE	A	158	GLU	0.0339	0.0479	-0.3468	0.1842	1	0.0000	2.0001	0.0455
7695	A	24	PHE	B	9	TRP	-0.0119	0.0169	-0.9672	0.2643	1	0.4255	3.6065	0.0003
7717	A	24	PHE	B	31	ILE	0.0473	0.0669	-0.3883	0.1954	1	0.0226	2.1092	0.0349
7720	A	24	PHE	B	34	GLN	0.0067	0.0095	-0.4748	0.1420	1	0.1970	3.3846	0.0007
7753	A	24	PHE	B	67	LEU	0.1468	0.2076	-0.5651	0.2829	1	0.0102	2.0291	0.0424
7798	A	24	PHE	B	112	HIE	0.1952	0.2760	-0.6003	0.0901	1	0.2148	2.7397	0.0061
7960	A	25	ASH	A	90	THR	-0.1162	0.1643	0.5311	0.2755	1	-0.0057	-2.0179	0.0436
8045	A	25	ASH	A	175	LEU	-0.0257	0.0363	0.6121	0.3087	1	-0.0161	-2.0516	0.0402
8231	A	25	ASH	B	180	VAL	0.0166	0.0235	-0.2654	0.1329	1	0.0120	2.0891	0.0367
8365	A	26	PHE	A	131	GLY	-0.0692	0.0979	0.2796	0.1413	1	-0.0050	-2.0294	0.0424
8449	A	26	PHE	B	34	GLN	-0.1051	0.1487	-0.8239	0.1144	1	0.3436	3.8319	0.0001
8475	A	26	PHE	B	60	TYR	-0.4047	0.3093	0.4302	0.2623	1	-0.0237	-2.0583	0.0396
8502	A	26	PHE	B	87	GLU	-0.5643	0.2925	0.0739	0.1045	1	-0.0169	-2.0545	0.0399
8548	A	26	PHE	B	133	ARG	-0.0821	0.1161	0.3999	0.2007	1	-0.0182	-2.0784	0.0377
8564	A	26	PHE	B	149	GLN	-0.5533	0.3194	0.6139	0.3977	1	-0.1470	-2.2883	0.0221
8699	A	27	ASP	A	102	PRO	-0.5825	0.2915	0.0996	0.1409	1	-0.0345	-2.1067	0.0351
9105	A	28	GLY	A	146	ARG	-0.0222	0.0314	0.5003	0.2521	1	-0.0144	-2.0565	0.0397
9234	A	28	GLY	B	94	ARG	0.0833	0.1178	-0.5261	0.2704	1	0.0196	2.0665	0.0388
9473	A	29	ASH	A	153	PHE	-1.9276	1.2400	1.1705	0.9038	1	-0.0294	-2.0192	0.0435
9535	A	29	ASH	B	34	GLN	0.0004	0.0005	-0.8422	0.4015	1	0.0397	2.0988	0.0358
9561	A	29	ASH	B	60	TYR	-0.7441	0.3977	0.7093	0.4498	1	-0.2525	-2.4205	0.0155
9620	A	29	ASH	B	119	VAL	-0.5106	0.2568	1.3205	0.8512	1	-0.0528	-2.0594	0.0395
9650	A	29	ASH	B	149	GLN	-0.6616	0.4100	0.3487	0.2161	1	-0.0834	-2.1800	0.0293
9973	A	30	GLU	B	112	HIE	0.0621	0.0878	-0.3381	0.1783	1	0.0027	2.0135	0.0441
10110	A	31	ILE	A	71	GLU	0.0802	0.1134	-0.4395	0.2198	1	0.0250	2.1012	0.0356
10159	A	31	ILE	A	120	THR	-0.0777	0.1099	0.3047	0.1542	1	-0.0037	-2.0195	0.0434
10225	A	31	ILE	B	5	PRO	0.0520	0.0736	-0.3607	0.1804	1	0.0231	2.1185	0.0341
10410	A	31	ILE	B	190	ALA	0.0572	0.0809	-0.3925	0.2048	1	0.0094	2.0426	0.0411
10896	A	33	HIP	A	142	ASP	0.3799	0.1913	-0.0700	0.0989	1	0.0191	2.0885	0.0368
11322	A	34	VAL	B	31	ILE	0.0326	0.0460	-0.1873	0.0944	1	0.0097	2.0922	0.0364
11532	A	35	ASP	A	67	LYS	-0.5276	0.2638	0.0719	0.1017	1	-0.0341	-2.1204	0.0340
11560	A	35	ASP	A	95	SER	0.6510	0.3300	-0.1303	0.1843	1	0.0254	2.0671	0.0387
11631	A	35	ASP	A	166	GLU	0.2680	0.1353	-0.0244	0.0345	1	0.0131	2.0936	0.0363
11851	A	35	ASP	C	116	GLN	-0.1913	0.0958	0.0450	0.0636	1	-0.0063	-2.0549	0.0399
11867	A	36	MET	A	48	PHE	-0.0862	0.1219	0.4543	0.2368	1	-0.0079	-2.0297	0.0424
11968	A	36	MET	A	149	HIE	0.0253	0.0358	-0.4674	0.2352	1	0.0168	2.0707	0.0384
12068	A	36	MET	B	68	LEU	0.0226	0.0320	-0.3394	0.1767	1	0.0028	2.0156	0.0438
12342	A	37	ALA	A	170	LEU	0.1660	0.1771	-0.3625	0.1815	1	0.0213	2.0840	0.0372
12360	A	37	ALA	B	7	PHE	-1.0244	0.2470	-0.1410	0.1994	1	-0.2486	-2.7833	0.0054
12438	A	37	ALA	B	85	VAL	-0.5080	0.2540	0.1092	0.1544	1	-0.0227	-2.0763	0.0379
12933	A	39	LYS	A	58	GLY	-0.4932	0.1404	0.0289	0.0409	1	-0.2298	-3.5718	0.0004
13021	A	39	LYS	A	146	ARG	0.2978	0.0971	0.0345	0.0487	1	0.0460	2.4232	0.0154
13085	A	39	LYS	B	29	ARG	0.6021	0.2058	-0.1385	0.1959	1	0.1725	2.6070	0.0091
13141	A	39	LYS	B	85	VAL	-0.6122	0.3062	0.1436	0.2030	1	-0.0210	-2.0570	0.0397
13375	A	40	GLU	A	150	TYR	-0.3608	0.1858	0.0545	0.0770	1	-0.0130	-2.0646	0.0390
13397	A	40	GLU	A	172	GLU	-0.4990	0.2499	0.0619	0.0875	1	-0.0313	-2.1184	0.0341
13472	A	40	GLU	B	66	ASP	0.3231	0.1631	-0.0586	0.0829	1	0.0158	2.0863	0.0369
13805	A	41	MTS	B	50	VAL	1.4446	0.6998	-0.0836	0.1182	1	0.1088	2.1533	0.0313
13980	A	42	VAL	A	58	GLY	-0.3410	0.1761	0.0368	0.0521	1	-0.0105	-2.0570	0.0397
13989	A	42	VAL	A	67	LYS	-0.4655	0.2328	0.0591	0.0836	1	-0.0299	-2.1209	0.0339
14188	A	42	VAL	B	85	VAL	-0.5790	0.2941	0.0409	0.0578	1	-0.0204	-2.0680	0.0386
15048	A	45	LEU	A	88	GLU	-0.1636	0.1950	0.4854	0.2561	1	-0.0053	-2.0164	0.0438
15084	A	45	LEU	A	124	ASN	0.0290	0.0409	-0.5434	0.2719	1	0.0225	2.0819	0.0373
15335	A	45	LEU	C	105	SER	-0.2900	0.1460	0.0589	0.0833	1	-0.0127	-2.0753	0.0380
15457	A	46	GLU	A	153	PHE	0.0858	0.1214	-0.3299	0.1685	1	0.0004	2.0020	0.0453
15465	A	46	GLU	A	161	TYR	0.0929	0.1314	-0.3733	0.1911	1	0.0024	2.0105	0.0444
15511	A	46	GLU	B	26	LEU	-0.0453	0.0640	0.4953	0.2547	1	-0.0153	-2.0584	0.0396
15604	A	46	GLU	B	119	VAL	0.0403	0.0569	-0.3287	0.1644	1	0.0211	2.1213	0.0339
15936	A	47	GLU	B	108	PRO	0.0567	0.0802	-0.2217	0.0548	1	0.0841	2.8660	0.0042
16082	A	48	PHE	A	93	THR	-0.3326	0.2354	0.3667	0.1969	1	-0.0856	-2.2790	0.0227
16151	A	48	PHE	A	162	ASP	0.0298	0.0421	-0.3408	0.1726	1	0.0152	2.0858	0.0370
16313	A	48	PHE	B	143	VAL	0.1804	0.1810	-0.3679	0.1841	1	0.0320	2.1241	0.0337
16350	A	48	PHE	B	180	VAL	-0.5932	0.3832	0.4134	0.2173	1	-0.1255	-2.2849	0.0223
16454	A	49	GLY	A	124	ASN	0.0196	0.0277	-0.7025	0.0436	1	0.6188	13.9891	0.0000
17099	A	51	PHE	A	90	THR	-0.2087	0.1104	0.5067	0.3141	1	-0.0495	-2.1487	0.0317
17106	A	51	PHE	A	97	VAL	0.8371	0.1144	-0.3367	0.4560	1	0.2334	2.4964	0.0125
17109	A	51	PHE	A	100	ARG	0.4825	0.2606	-0.6978	0.4406	1	0.1564	2.3056	0.0211
17138	A	51	PHE	A	129	THR	0.5680	0.2886	-0.1086	0.1536	1	0.0227	2.0693	0.0385
17303	A	51	PHE	B	113	ASN	1.2068	0.5751	-0.2007	0.2839	1	0.1249	2.1947	0.0282
17404	A	52	ALA	A	57	GLN	-0.5005	0.2557	0.0223	0.0315	1	-0.0075	-2.0292	0.0424
17776	A	53	SER	A	92	LEU	-0.4624	0.2603	0.7139	0.5012	1	-0.0469	-2.0831	0.0372
17854	A	53	SER	A	170	LEU	-0.3544	0.2229	0.1521	0.0862	1	-0.0286	-2.1199	0.0340
17860	A	53	SER	A	176	LYS	-0.4523	0.2821	0.3350	0.2109	1	-0.0828	-2.2350	0.0254
18176	A	54	PHE	A	156	SER	0.5804	0.2989	-0.0327	0.0462	1	0.0082	2.0270	0.0427
18424	A	55	GLU	A	69	ASN	0.0578	0.0817	-0.6111	0.3196	1	0.0092	2.0278	0.0426
18763	A	56	ALA	A	74	THR	0.1105	0.1563	-0.4936	0.2492	1	0.0158	2.0537	0.0400
18813	A	56	ALA	A	124	ASN	-0.0423	0.0598	0.2177	0.1131	1	-0.0041	-2.0317	0.0422
18985	A	56	ALA	B	115	LEU	-0.0614	0.0868	0.2741	0.1379	1	-0.0095	-2.0586	0.0395
19374	A	57	GLN	B	171	TYR	-0.0905	0.1280	-1.0990	0.4074	1	0.1545	2.3619	0.0182
19391	A	57	GLN	B	188	TRP	-0.0457	0.0646	-1.3505	0.4861	1	0.3241	2.6608	0.0078
19564	A	58	GLY	B	29	ARG	1.1186	0.4372	0.0009	0.0012	1	0.2433	2.5565	0.0106
19762	A	59	ALA	A	77	SER	0.0558	0.0789	-0.2855	0.1482	1	0.0055	2.0330	0.0421
20208	A	60	LEU	B	12	LYS	-0.0885	0.1252	0.7146	0.3125	1	-0.1298	-2.3857	0.0170
20318	A	60	LEU	B	122	PHE	0.0725	0.1026	0.5671	0.1126	1	-0.1899	-3.2468	0.0012
20335	A	60	LEU	B	139	LYS	-0.0464	0.0656	-0.7418	0.1364	1	0.3926	4.5929	0.0000
20364	A	60	LEU	B	168	GLY	0.1048	0.1482	-1.1180	0.5578	1	0.0685	2.1187	0.0341
20382	A	60	LEU	B	186	VAL	0.0670	0.0947	-0.4719	0.2378	1	0.0269	2.1053	0.0353
20439	A	61	ALA	A	95	SER	0.2964	0.1485	-0.0536	0.0758	1	0.0165	2.0992	0.0358
20451	A	61	ALA	A	107	CYX	0.0406	0.0575	-0.4038	0.2053	1	0.0181	2.0848	0.0371
20509	A	61	ALA	A	165	VAL	0.0102	0.0144	-0.4056	0.2031	1	0.0085	2.0417	0.0412
20528	A	61	ALA	A	184	SER	0.2897	0.1454	-0.0572	0.0808	1	0.0141	2.0850	0.0371
20532	A	61	ALA	B	7	PHE	-0.4455	0.2243	0.0599	0.0847	1	-0.0260	-2.1083	0.0350
20715	A	61	ALA	B	190	ALA	0.0467	0.0661	-0.3097	0.1575	1	0.0149	2.0871	0.0369
20842	A	62	ASN	A	170	LEU	0.1415	0.2002	-1.7308	0.8580	1	0.1104	2.1253	0.0336
20961	A	62	ASN	B	108	PRO	0.0493	0.0697	-0.8920	0.4625	1	0.0059	2.0126	0.0442
21296	A	63	ILE	B	116	VAL	0.2012	0.1361	-0.3558	0.1786	1	0.1079	2.4807	0.0131
22111	A	66	ASP	A	137	PHE	0.0295	0.0418	-0.3169	0.1652	1	0.0057	2.0332	0.0420
22185	A	66	ASP	B	30	CYS	-0.0497	0.0703	0.3822	0.1998	1	-0.0083	-2.0391	0.0414
22211	A	66	ASP	B	56	PRO	0.0036	0.0051	-0.2340	0.1179	1	0.0015	2.0130	0.0441
22388	A	67	LYS	A	91	VAL	0.0479	0.0678	-0.3995	0.1999	1	0.0253	2.1199	0.0340
22392	A	67	LYS	A	95	SER	0.8635	0.3839	-0.1995	0.2822	1	0.1101	2.2311	0.0257
22443	A	67	LYS	A	146	ARG	0.1570	0.3697	-0.9374	0.2763	1	0.1715	2.3715	0.0177
22494	A	67	LYS	B	16	HIP	0.8259	0.1218	-0.2618	0.1343	1	0.7250	5.9982	0.0000
22517	A	67	LYS	B	39	ARG	0.6799	0.4469	-1.0466	0.6398	1	0.1656	2.2122	0.0270
22555	A	67	LYS	B	77	THR	0.9371	0.4250	-0.1213	0.1715	1	0.1417	2.3093	0.0209
22587	A	67	LYS	B	109	LEU	0.3513	0.2231	-0.3445	0.2378	1	0.0435	2.1335	0.0329
23020	A	69	ASN	A	80	THR	-0.5452	0.2730	0.0790	0.1118	1	-0.0343	-2.1163	0.0343
23136	A	69	ASN	B	15	CYX	0.3075	0.1583	-0.0122	0.0172	1	0.0013	2.0081	0.0446
23177	A	69	ASN	B	56	PRO	-0.3562	0.2201	0.4324	0.2165	1	-0.1712	-2.5547	0.0106
23815	A	71	GLU	B	55	ARG	-0.0290	0.0410	0.3361	0.1694	1	-0.0165	-2.0947	0.0362
23847	A	71	GLU	B	87	GLU	-0.7595	0.3732	0.2106	0.2979	1	-0.0151	-2.0316	0.0422
23985	A	72	ILE	A	88	GLU	-0.0911	0.1136	-0.6470	0.0866	1	0.2703	3.8927	0.0001
24028	A	72	ILE	A	131	GLY	0.0144	0.0203	-0.1043	0.0522	1	0.0065	2.1164	0.0343
24173	A	72	ILE	B	95	VAL	0.3957	0.3440	-0.4416	0.2216	1	0.0190	2.0464	0.0407
24190	A	72	ILE	B	112	HIE	-0.0037	0.0053	0.4145	0.1728	1	-0.0725	-2.4196	0.0155
24202	A	72	ILE	B	124	PRO	-0.0751	0.1063	0.4262	0.1060	1	-0.2011	-3.3396	0.0008
24217	A	72	ILE	B	139	LYS	-0.4140	0.3533	0.7009	0.3734	1	-0.0868	-2.1689	0.0301
24229	A	72	ILE	B	151	GLY	0.2250	0.1635	-0.3979	0.2509	1	0.0239	2.0799	0.0375
24326	A	73	MET	A	112	PHE	0.1464	0.1589	-0.2942	0.1471	1	0.0076	2.0352	0.0418
24472	A	73	MET	B	77	THR	0.2159	0.1081	-0.0227	0.0322	1	0.0131	2.1159	0.0344
24528	A	73	MET	B	133	ARG	-0.3027	0.2028	0.3177	0.1618	1	-0.1014	-2.3909	0.0168
24654	A	74	THR	A	124	ASN	-0.0467	0.0660	0.3047	0.1524	1	-0.0192	-2.1157	0.0344
24945	A	75	LYS	A	100	ARG	-0.0557	0.0788	0.2654	0.1328	1	-0.0123	-2.0794	0.0376
25007	A	75	LYS	A	162	ASP	-0.0527	0.0745	0.3578	0.1795	1	-0.0218	-2.1121	0.0347
25343	A	76	ARG	A	184	SER	-0.4033	0.1291	-0.0552	0.0781	1	-0.0462	-2.3063	0.0211
25400	A	76	ARG	B	60	TYR	-0.5196	0.2699	0.3789	0.2791	1	-0.1220	-2.3142	0.0207
25911	A	78	ASN	A	127	PRO	-0.1198	0.1694	0.4585	0.2293	1	-0.0081	-2.0285	0.0425
26099	A	78	ASN	B	134	ASN	-0.0567	0.0802	0.4249	0.2132	1	-0.0260	-2.1141	0.0345
26507	A	80	THR	A	102	PRO	-0.2536	0.1270	0.0656	0.0928	1	-0.0045	-2.0289	0.0425
26550	A	80	THR	A	145	PHE	0.6941	0.2165	-0.2493	0.3525	1	0.1160	2.2804	0.0226
26599	A	80	THR	B	13	PHE	-0.6353	0.0892	-0.0829	0.1172	1	-0.2579	-3.7507	0.0002
26686	A	80	THR	B	100	THR	1.0115	0.3845	-0.1718	0.2429	1	0.2736	2.6016	0.0093
27256	A	82	ILE	B	53	LEU	-0.4428	0.2214	0.0256	0.0362	1	-0.0197	-2.0879	0.0368
27560	A	83	THR	B	50	VAL	-0.2379	0.1225	0.0125	0.0176	1	-0.0029	-2.0234	0.0430
27715	A	83	THR	C	116	GLN	-0.4049	0.2045	0.0589	0.0832	1	-0.0222	-2.1003	0.0357
28131	A	85	VAL	B	10	GLN	-0.3342	0.1275	0.0580	0.0821	1	-0.0889	-2.5863	0.0097
29142	A	88	GLU	B	112	HIE	-0.0590	0.0834	0.6946	0.2529	1	-0.2210	-2.8298	0.0047
29574	A	90	THR	A	124	ASN	-0.4792	0.2529	0.3180	0.2078	1	-0.1426	-2.4356	0.0149
29610	A	90	THR	A	160	VAL	-0.5411	0.3006	0.2370	0.1334	1	-0.1203	-2.3657	0.0180
29704	A	90	THR	B	73	ALA	0.3297	0.2243	-0.5730	0.3057	1	0.1444	2.3808	0.0173
30232	A	92	LEU	B	4	ARG	0.5094	0.2572	-0.0993	0.1404	1	0.0227	2.0774	0.0378
30523	A	93	THR	A	179	GLU	-0.0271	0.0383	-0.8392	0.3593	1	0.0894	2.2474	0.0246
30532	A	93	THR	B	7	PHE	0.6586	0.4782	-0.5511	0.3566	1	0.0167	2.0280	0.0426
30583	A	93	THR	B	58	ALA	0.0588	0.0831	-0.7043	0.1341	1	0.4475	4.8359	0.0000
30593	A	93	THR	B	68	LEU	0.0994	0.1406	-1.0011	0.5039	1	0.0543	2.1038	0.0354
30629	A	93	THR	B	104	SER	-0.3314	0.2099	0.7272	0.4762	1	-0.0178	-2.0342	0.0419
30633	A	93	THR	B	108	PRO	0.0888	0.1256	0.4876	0.1008	1	-0.0768	-2.4773	0.0132
30668	A	93	THR	B	143	VAL	0.3273	0.2230	0.8508	0.0721	1	-0.0547	-2.2335	0.0255
31131	A	95	SER	B	15	CYX	-0.6112	0.2451	-0.0257	0.0363	1	-0.0899	-2.3630	0.0181
31136	A	95	SER	B	20	GLY	-0.2401	0.1224	0.0117	0.0165	1	-0.0048	-2.0387	0.0415
31144	A	95	SER	B	28	GLU	-0.4888	0.2530	0.0783	0.1107	1	-0.0147	-2.0532	0.0400
31155	A	95	SER	B	39	ARG	-0.6620	0.2265	-0.0104	0.0148	1	-0.1976	-2.8707	0.0041
31193	A	95	SER	B	77	THR	-1.1250	0.2699	-0.1489	0.2105	1	-0.2915	-2.8515	0.0044
31212	A	95	SER	B	96	GLU	1.5231	0.6609	-0.2121	0.3000	1	0.2835	2.3906	0.0168
31220	A	95	SER	B	104	SER	-0.7037	0.0751	0.1156	0.1635	1	-0.4595	-4.5545	0.0000
31265	A	95	SER	B	149	GLN	-0.2543	0.1300	0.0555	0.0785	1	-0.0062	-2.0407	0.0413
31382	A	96	PRO	A	153	PHE	0.0245	0.0346	0.3234	0.1384	1	-0.0135	-2.0948	0.0362
31421	A	96	PRO	B	11	LEU	0.0080	0.0113	-0.3738	0.1873	1	0.0064	2.0343	0.0419
31651	A	97	VAL	A	129	THR	-0.6367	0.3188	0.5186	0.4207	1	-0.0996	-2.1887	0.0286
31667	A	97	VAL	A	145	PHE	0.5438	0.1396	0.0321	0.0454	1	0.2181	3.4853	0.0005
31673	A	97	VAL	A	151	LEU	-0.2474	0.2380	0.8575	0.4828	1	-0.0283	-2.0526	0.0401
31683	A	97	VAL	A	161	TYR	-0.2715	0.1534	0.6005	0.3909	1	-0.0321	-2.0765	0.0378
31685	A	97	VAL	A	163	CYX	0.4298	0.2205	-0.0720	0.1018	1	0.0161	2.0663	0.0388
31696	A	97	VAL	A	174	LEU	0.4519	0.2378	-1.0164	0.2718	1	0.7460	4.0656	0.0000
31729	A	97	VAL	B	26	LEU	-0.0359	0.0508	-0.7598	0.2313	1	0.2503	3.0569	0.0022
31772	A	97	VAL	B	69	GLU	-0.4359	0.2180	0.0704	0.0996	1	-0.0271	-2.1129	0.0346
31822	A	97	VAL	B	119	VAL	-0.2500	0.1268	0.6806	0.2015	1	-0.4545	-3.9094	0.0001
31836	A	97	VAL	B	133	ARG	-0.3398	0.2240	0.3981	0.2774	1	-0.0248	-2.0696	0.0385
31837	A	97	VAL	B	134	ASN	-0.0562	0.0795	0.5549	0.2782	1	-0.0324	-2.1119	0.0347
31852	A	97	VAL	B	149	GLN	-0.3854	0.1965	0.1861	0.1297	1	-0.1005	-2.4269	0.0152
31874	A	97	VAL	B	171	TYR	0.1178	0.2749	0.8518	0.1255	1	-0.1296	-2.4289	0.0151
31878	A	97	VAL	B	175	VAL	-0.0556	0.4099	0.9449	0.2714	1	-0.0173	-2.0351	0.0418
32170	A	98	GLU	B	175	VAL	-0.1604	0.0976	0.3847	0.2462	1	-0.0154	-2.0581	0.0396
32173	A	98	GLU	B	178	PRO	-0.5134	0.3620	0.3053	0.1528	1	-0.0329	-2.0836	0.0372
32370	A	99	LEU	B	84	GLY	0.3452	0.1743	-0.0474	0.0670	1	0.0191	2.1025	0.0355
32488	A	99	LEU	C	113	LEU	-0.3465	0.1733	0.0113	0.0160	1	-0.0097	-2.0555	0.0398
32559	A	100	ARG	A	164	ARG	0.2048	0.2896	-1.0813	0.4796	1	0.1655	2.2955	0.0217
32568	A	100	ARG	A	173	PRO	0.3659	0.1848	-0.0764	0.1080	1	0.0142	2.0663	0.0388
32645	A	100	ARG	B	69	GLU	-0.5791	0.2933	0.0806	0.1139	1	-0.0303	-2.0963	0.0361
32859	A	101	GLU	A	175	LEU	0.3276	0.1695	-0.3837	0.2843	1	0.0493	2.1489	0.0316
32874	A	101	GLU	B	9	TRP	-0.2806	0.1681	0.2212	0.1106	1	-0.0993	-2.4936	0.0126
32931	A	101	GLU	B	66	ASP	-0.8495	0.3615	0.1285	0.1818	1	-0.1688	-2.4171	0.0156
32968	A	101	GLU	B	103	PRO	0.3828	0.1952	-0.3160	0.1721	1	0.1784	2.6855	0.0072
33061	A	101	GLU	C	107	TRP	0.5292	0.2594	-0.0781	0.1105	1	0.0434	2.1538	0.0313
33163	A	102	PRO	B	10	GLN	-0.4470	0.2235	0.0169	0.0239	1	-0.0143	-2.0637	0.0390
33536	A	103	ASN	B	96	GLU	0.0318	0.0449	-0.2499	0.1257	1	0.0148	2.1106	0.0348
34020	A	105	LEU	B	9	TRP	-0.0428	0.0605	0.2679	0.0862	1	-0.1000	-2.9489	0.0032
34721	A	107	CYX	B	143	VAL	0.0851	0.1204	0.6727	0.1984	1	-0.1234	-2.5319	0.0113
34863	A	108	PHE	A	184	SER	0.8421	0.1910	0.1411	0.1996	1	0.1484	2.5371	0.0112
34947	A	108	PHE	B	87	GLU	0.7251	0.2156	-0.1226	0.1734	1	0.2944	3.0641	0.0022
35115	A	109	ILE	A	155	PRO	0.3967	0.2218	-0.1489	0.1204	1	0.0409	2.1619	0.0306
35329	A	109	ILE	B	188	TRP	-0.2252	0.1127	0.5054	0.2527	1	-0.1772	-2.6404	0.0083
35333	A	109	ILE	C	103	PRO	-0.0894	0.1264	0.4055	0.2029	1	-0.0167	-2.0697	0.0385
35789	A	111	LYS	B	89	PHE	0.3438	0.2617	-0.3600	0.2201	1	0.0199	2.0582	0.0396
35816	A	111	LYS	B	116	VAL	-0.1734	0.0895	0.4142	0.2097	1	-0.1316	-2.5771	0.0100
36081	A	112	PHE	B	103	PRO	-0.5221	0.3533	0.3548	0.2162	1	-0.0486	-2.1173	0.0342
36377	A	113	THR	B	122	PHE	1.2169	0.5914	-0.3686	0.3014	1	0.2579	2.3886	0.0169
36529	A	114	PRO	A	179	GLU	-0.3068	0.1536	0.2801	0.1529	1	-0.1536	-2.7087	0.0068
36682	A	114	PRO	B	151	GLY	0.0828	0.1171	-0.3365	0.1698	1	0.0067	2.0327	0.0421
37011	A	115	PRO	C	116	GLN	-0.2876	0.1719	0.2590	0.1644	1	-0.0708	-2.2974	0.0216
37458	A	117	VAL	B	105	LYS	-0.1020	0.1443	0.3910	0.1969	1	-0.0048	-2.0196	0.0434
37544	A	117	VAL	C	102	LYS	-0.1189	0.1682	0.4317	0.2178	1	-0.0002	-2.0006	0.0454
38067	A	119	VAL	B	171	TYR	-0.1040	0.0616	0.0678	0.0433	1	-0.0211	-2.2801	0.0226
38077	A	119	VAL	B	181	THR	0.4515	0.2279	-0.0864	0.1221	1	0.0206	2.0798	0.0375
38302	A	120	THR	B	136	GLN	-0.0031	0.0044	0.7401	0.3453	1	-0.0526	-2.1524	0.0314
38715	A	122	LEU	B	12	LYS	-0.2345	0.4140	0.7581	0.1778	1	-0.0915	-2.2030	0.0276
38871	A	122	LEU	B	168	GLY	0.2231	0.3155	-0.9755	0.5083	1	0.0022	2.0037	0.0451
38876	A	122	LEU	B	173	CYX	0.5000	0.1249	-0.4037	0.2073	1	0.4196	3.7335	0.0002
38892	A	122	LEU	B	189	ARG	0.7060	0.1467	-0.2688	0.1955	1	0.4859	3.9877	0.0001
39221	A	124	ASN	A	166	GLU	-0.4023	0.2103	0.0343	0.0485	1	-0.0050	-2.0233	0.0430
39685	A	125	GLY	B	184	LEU	0.5255	0.2634	-0.1263	0.1787	1	0.0153	2.0481	0.0406
40564	A	129	THR	B	13	PHE	-0.3144	0.1626	0.4722	0.2540	1	-0.1835	-2.6083	0.0091
40606	A	129	THR	B	55	ARG	-0.0534	0.0755	0.3956	0.1978	1	-0.0255	-2.1205	0.0340
40667	A	129	THR	B	116	VAL	0.0641	0.0906	-0.2335	0.1178	1	0.0004	2.0024	0.0452
40723	A	129	THR	B	172	THR	0.4016	0.2264	-0.4462	0.3190	1	0.0654	2.1672	0.0302
40731	A	129	THR	B	180	VAL	0.1013	0.1433	-0.4855	0.2442	1	0.0206	2.0726	0.0382
40799	A	130	THR	A	169	GLY	0.1587	0.0800	-0.5428	0.0855	1	0.4673	5.9910	0.0000
40823	A	130	THR	B	12	LYS	-0.1878	0.2469	0.6959	0.3020	1	-0.1035	-2.2653	0.0235
40959	A	130	THR	B	148	ILE	-0.2877	0.1605	0.3340	0.1707	1	-0.1531	-2.6535	0.0080
40962	A	130	THR	B	151	GLY	0.0816	0.1154	0.6394	0.2235	1	-0.0547	-2.2174	0.0266
40986	A	130	THR	B	175	VAL	-0.1886	0.1862	0.5992	0.3322	1	-0.0261	-2.0685	0.0386
41317	A	132	VAL	A	170	LEU	0.0539	0.0762	-0.3550	0.1861	1	0.0067	2.0335	0.0420
41362	A	132	VAL	B	34	GLN	0.0270	0.0382	-0.2306	0.1206	1	0.0046	2.0366	0.0417
41454	A	132	VAL	B	126	SER	-0.0100	0.0141	0.1838	0.0928	1	-0.0062	-2.0656	0.0389
42424	A	136	VAL	B	74	ALA	-0.2633	0.1367	0.0346	0.0489	1	-0.0074	-2.0509	0.0403
42681	A	137	PHE	B	78	TYR	-0.5036	0.2553	0.0442	0.0625	1	-0.0221	-2.0843	0.0371
43035	A	138	LEU	B	180	VAL	0.1369	0.1936	-0.5035	0.2518	1	0.0051	2.0162	0.0438
43454	A	140	ARG	B	98	LYS	-0.2192	0.1123	0.0526	0.0744	1	-0.0024	-2.0177	0.0436
43580	A	141	GLU	A	156	SER	0.3865	0.1974	-0.0155	0.0219	1	0.0047	2.0238	0.0430
43694	A	141	GLU	B	89	PHE	0.6537	0.3468	-0.4732	0.2959	1	0.2151	2.4719	0.0134
43721	A	141	GLU	B	116	VAL	-0.4564	0.2646	0.3625	0.2802	1	-0.0480	-2.1246	0.0336
43936	A	142	ASP	B	83	TYR	0.5227	0.2616	-0.1466	0.2073	1	0.0017	2.0049	0.0450
44294	A	143	HIE	C	105	SER	0.5195	0.2724	-0.0670	0.0948	1	0.0096	2.0333	0.0420
44601	A	145	PHE	B	10	GLN	0.4538	0.1299	0.0119	0.0169	1	0.1798	3.3722	0.0007
44604	A	145	PHE	B	13	PHE	0.7174	0.2070	-0.0675	0.0954	1	0.3290	3.4431	0.0006
44634	A	145	PHE	B	43	ASP	0.2848	0.1425	-0.0169	0.0239	1	0.0126	2.0875	0.0368
44698	A	145	PHE	B	107	GLN	0.4965	0.1921	-0.0405	0.0572	1	0.1361	2.6791	0.0074
45052	A	147	LYS	A	155	PRO	0.5036	0.2554	-0.0320	0.0453	1	0.0169	2.0651	0.0389
45087	A	147	LYS	B	9	TRP	0.1894	0.0950	-0.0418	0.0591	1	0.0074	2.0657	0.0389
45157	A	147	LYS	B	79	CYX	-0.2777	0.1392	0.0694	0.0982	1	-0.0063	-2.0372	0.0416
45283	A	147	LYS	C	116	GLN	0.0468	0.0244	-0.0096	0.0135	1	0.0006	2.0212	0.0433
45459	A	148	PHE	B	139	LYS	0.0689	0.0974	-0.3258	0.1631	1	0.0146	2.0769	0.0378
45536	A	149	HIE	A	156	SER	0.2327	0.1166	-0.0301	0.0426	1	0.0145	2.1167	0.0343
45621	A	149	HIE	B	60	TYR	0.1099	0.0995	-0.2288	0.1201	1	0.0267	2.1714	0.0299
45704	A	149	HIE	B	143	VAL	-0.1999	0.1113	0.2933	0.1996	1	-0.0361	-2.1578	0.0309
45709	A	149	HIE	B	148	ILE	-0.2380	0.1190	0.0394	0.0558	1	-0.0145	-2.1104	0.0348
45741	A	149	HIE	B	180	VAL	0.4051	0.2104	-0.4004	0.2028	1	0.2211	2.7569	0.0058
45749	A	149	HIE	B	188	TRP	0.2701	0.2310	-0.4102	0.2068	1	0.0603	2.1945	0.0282
45845	A	150	TYR	B	44	VAL	0.4348	0.2174	-0.0014	0.0020	1	0.0012	2.0057	0.0449
45960	A	150	TYR	B	159	VAL	-0.4282	0.2486	0.2488	0.1731	1	-0.0713	-2.2353	0.0254
46043	A	151	LEU	A	184	SER	0.4176	0.2098	-0.0545	0.0770	1	0.0250	2.1118	0.0347
46053	A	151	LEU	B	13	PHE	-0.3113	0.2711	0.4357	0.2236	1	-0.0442	-2.1258	0.0335
46074	A	151	LEU	B	34	GLN	0.0341	0.0482	0.3259	0.0639	1	-0.1318	-3.6477	0.0003
46126	A	151	LEU	B	86	GLY	-0.0286	0.0404	0.1685	0.0855	1	-0.0081	-2.0852	0.0371
46135	A	151	LEU	B	95	VAL	0.4526	0.2429	-0.4325	0.2262	1	0.2213	2.6669	0.0077
46159	A	151	LEU	B	119	VAL	-0.0478	0.0675	-0.5681	0.2496	1	0.0031	2.0121	0.0442
46215	A	151	LEU	B	175	VAL	0.0169	0.0239	-0.7391	0.3278	1	0.0987	2.3002	0.0214
46228	A	151	LEU	B	188	TRP	0.5475	0.3691	-0.8724	0.3827	1	0.3565	2.6705	0.0076
46549	A	153	PHE	B	34	GLN	0.0525	0.0742	0.5528	0.1042	1	-0.2445	-3.9111	0.0001
46634	A	153	PHE	B	119	VAL	-0.2501	0.1311	-0.9063	0.2778	1	0.0418	2.1362	0.0327
46738	A	154	LEU	A	168	TRP	0.7032	0.1375	0.1284	0.1815	1	0.1194	2.5242	0.0116
46769	A	154	LEU	B	18	PHE	0.4495	0.2248	-0.0964	0.1363	1	0.0202	2.0768	0.0378
46780	A	154	LEU	B	29	ARG	0.4284	0.1666	0.0384	0.0543	1	0.0396	2.2262	0.0260
46861	A	154	LEU	B	110	GLN	0.3159	0.1585	-0.0102	0.0145	1	0.0078	2.0492	0.0404
47001	A	155	PRO	B	15	CYX	0.2204	0.1102	-0.0304	0.0430	1	0.0142	2.1198	0.0340
47116	A	155	PRO	B	130	ARG	-0.3867	0.1940	0.0547	0.0773	1	-0.0237	-2.1134	0.0346
47356	A	156	SER	B	136	GLN	-0.9752	0.2701	0.3626	0.2474	1	-0.6053	-3.6528	0.0003
47422	A	156	SER	C	113	LEU	-0.9091	0.4143	-0.0352	0.0498	1	-0.0394	-2.0943	0.0362
47564	A	157	THR	B	111	HIP	0.1040	0.0524	-0.0187	0.0265	1	0.0053	2.0898	0.0366
47701	A	158	GLU	B	16	HIP	-0.0787	0.0699	0.2455	0.1432	1	-0.0054	-2.0339	0.0420
47724	A	158	GLU	B	39	ARG	-0.1586	0.0850	0.4242	0.2179	1	-0.1149	-2.4910	0.0127
47944	A	159	ASP	B	28	GLU	-0.0099	0.0140	0.4734	0.2401	1	-0.0023	-2.0094	0.0445
48011	A	159	ASP	B	95	VAL	0.2957	0.1765	-0.3079	0.1661	1	0.1188	2.4902	0.0128
48092	A	159	ASP	B	176	GLU	0.3127	0.1689	-0.4041	0.2835	1	0.0568	2.1721	0.0299
48099	A	159	ASP	B	183	PRO	0.5342	0.3855	-0.4820	0.2532	1	0.0938	2.2034	0.0276
48401	A	161	TYR	B	26	LEU	0.1344	0.1901	0.8480	0.2940	1	-0.0133	-2.0381	0.0415
48409	A	161	TYR	B	34	GLN	0.0054	0.0077	0.4983	0.1734	1	-0.1457	-2.8394	0.0045
48563	A	161	TYR	B	188	TRP	0.2037	0.2881	-0.9871	0.5059	1	0.0266	2.0456	0.0408
48709	A	162	ASP	B	106	THR	0.0295	0.0418	-0.3437	0.1811	1	0.0015	2.0079	0.0447
48741	A	162	ASP	B	138	GLU	0.0716	0.1012	-0.3822	0.1919	1	0.0200	2.0920	0.0364
48795	A	162	ASP	C	103	PRO	0.1405	0.1987	0.8356	0.1426	1	-0.2060	-2.8424	0.0045
49178	A	164	ARG	B	122	PHE	0.1233	0.1744	0.6120	0.1143	1	-0.0716	-2.3434	0.0191
49244	A	164	ARG	B	188	TRP	0.0702	0.0993	0.7640	0.3187	1	-0.0262	-2.0785	0.0377
49432	A	165	VAL	B	151	GLY	-0.0477	0.0675	0.5306	0.2658	1	-0.0298	-2.1086	0.0350
49960	A	168	TRP	B	10	GLN	0.2832	0.1145	-0.1438	0.1620	1	0.0303	2.1525	0.0314
49979	A	168	TRP	B	29	ARG	-0.5394	0.2163	0.0807	0.1141	1	-0.1310	-2.5359	0.0112
50029	A	168	TRP	B	79	CYX	-0.5253	0.2640	0.1822	0.1971	1	-0.0486	-2.1475	0.0318
50159	A	168	TRP	C	120	MET	0.3456	0.1924	-0.2994	0.1568	1	0.1487	2.5992	0.0093
50499	A	170	LEU	B	108	PRO	0.1616	0.2286	-0.4786	0.0628	1	0.1662	2.7012	0.0069
50534	A	170	LEU	B	143	VAL	0.2099	0.2969	-0.6927	0.2703	1	0.0995	2.2479	0.0246
50644	A	171	ASP	B	34	GLN	0.0088	0.0124	-0.1254	0.0627	1	0.0063	2.0989	0.0358
50785	A	171	ASP	B	175	VAL	-0.0283	0.0400	0.3220	0.1666	1	-0.0077	-2.0449	0.0409
50793	A	171	ASP	B	183	PRO	-0.0563	0.0796	0.4853	0.2498	1	-0.0173	-2.0660	0.0388
50794	A	171	ASP	B	184	LEU	-0.0375	0.0530	0.5250	0.2745	1	-0.0033	-2.0117	0.0442
50839	A	172	GLU	B	11	LEU	0.3875	0.2557	-0.1981	0.1009	1	0.0359	2.1306	0.0331
50877	A	172	GLU	B	49	ALA	0.4758	0.2434	-0.2482	0.1281	1	0.1738	2.6318	0.0085
50957	A	172	GLU	B	129	VAL	0.0412	0.0583	-0.3018	0.1584	1	0.0055	2.0327	0.0421
50982	A	172	GLU	B	154	THR	0.0666	0.0941	-0.5806	0.1442	1	0.3027	3.7574	0.0002
51026	A	172	GLU	C	109	MET	-0.4004	0.2089	0.1777	0.1691	1	-0.0406	-2.1511	0.0315
51033	A	172	GLU	C	116	GLN	0.1165	0.0632	-0.3338	0.1669	1	0.0933	2.5228	0.0116
51096	A	173	PRO	B	51	THR	0.6511	0.2551	-0.1758	0.2486	1	0.1145	2.3214	0.0203
51118	A	173	PRO	B	73	ALA	0.6690	0.0356	-0.0223	0.0316	1	0.5962	14.5242	0.0000
51193	A	173	PRO	B	148	ILE	0.8411	0.2791	-0.0226	0.0320	1	0.3020	3.0750	0.0021
51241	A	173	PRO	C	107	TRP	-0.7749	0.3513	0.1405	0.1987	1	-0.1082	-2.2680	0.0233
51272	A	174	LEU	B	11	LEU	0.4582	0.2517	-0.4911	0.2690	1	0.2125	2.5768	0.0100
51274	A	174	LEU	B	13	PHE	0.3732	0.2099	-0.4293	0.2179	1	0.1975	2.6529	0.0080
51287	A	174	LEU	B	26	LEU	0.0013	0.0018	-0.7625	0.2827	1	0.1983	2.7016	0.0069
51295	A	174	LEU	B	34	GLN	0.1190	0.1682	-0.3433	0.0388	1	0.1170	2.6775	0.0074
51316	A	174	LEU	B	55	ARG	0.0066	0.0093	-0.3537	0.1784	1	0.0029	2.0163	0.0438
51360	A	174	LEU	B	99	VAL	-0.1061	0.1501	0.4226	0.2150	1	-0.0043	-2.0164	0.0438
51364	A	174	LEU	B	103	PRO	-0.3367	0.2422	0.5133	0.2764	1	-0.1150	-2.3129	0.0207
51380	A	174	LEU	B	119	VAL	0.0923	0.1305	0.6054	0.1767	1	-0.0736	-2.3349	0.0195
51412	A	174	LEU	B	151	GLY	-0.1534	0.0902	0.5018	0.2548	1	-0.1147	-2.4245	0.0153
51415	A	174	LEU	B	154	THR	0.2295	0.3246	-1.1314	0.5180	1	0.1384	2.2263	0.0260
51432	A	174	LEU	B	171	TYR	0.0701	0.0586	0.7644	0.2087	1	-0.2608	-3.2030	0.0014
51449	A	174	LEU	B	188	TRP	-0.4694	0.3916	0.9480	0.3553	1	-0.3599	-2.6807	0.0073
51550	A	175	LEU	B	74	ALA	0.0576	0.0815	-0.8055	0.3603	1	0.1242	2.3363	0.0195
51634	A	175	LEU	B	158	LEU	0.0695	0.0982	-0.3733	0.1886	1	0.0175	2.0824	0.0373
52469	A	179	GLU	B	143	VAL	-0.1654	0.2338	0.7128	0.2419	1	-0.2053	-2.6102	0.0090
52547	A	180	PHE	B	11	LEU	-0.4514	0.2573	0.1464	0.0732	1	-0.0629	-2.2350	0.0254
52559	A	180	PHE	B	23	ARG	0.0609	0.0862	-0.3000	0.1500	1	0.0149	2.0863	0.0369
52670	A	180	PHE	B	134	ASN	0.0351	0.0496	-0.1409	0.0706	1	0.0035	2.0401	0.0413
52672	A	180	PHE	B	136	GLN	-0.2648	0.1337	0.1456	0.0847	1	-0.0938	-2.5926	0.0095
52690	A	180	PHE	B	154	THR	-0.2504	0.1272	0.2009	0.1501	1	-0.0578	-2.2940	0.0218
52718	A	180	PHE	B	182	SER	0.3439	0.1747	-0.2099	0.1900	1	0.0376	2.1456	0.0319
52719	A	180	PHE	B	183	PRO	0.1708	0.1227	-0.2389	0.1399	1	0.0375	2.2017	0.0277
52720	A	180	PHE	B	184	LEU	0.3945	0.2883	-0.3195	0.1933	1	0.0199	2.0575	0.0396
52738	A	180	PHE	C	113	LEU	-0.3132	0.1621	0.0652	0.0923	1	-0.0054	-2.0289	0.0425
52740	A	180	PHE	C	115	MET	-0.3247	0.1662	0.3173	0.1833	1	-0.1471	-2.5944	0.0095
52741	A	180	PHE	C	116	GLN	-0.3474	0.1780	0.3136	0.1743	1	-0.1627	-2.6531	0.0080
52742	A	180	PHE	C	117	ALA	-0.3954	0.1988	0.0614	0.0868	1	-0.0228	-2.1052	0.0353
53220	A	183	PRO	B	60	TYR	-0.2852	0.1519	0.0472	0.0668	1	-0.0005	-2.0030	0.0452
53381	A	184	SER	B	15	CYX	-0.7863	0.3522	0.1506	0.2130	1	-0.1137	-2.2763	0.0228
53405	A	184	SER	B	39	ARG	-0.8425	0.3731	0.1108	0.1567	1	-0.1440	-2.3560	0.0185
53426	A	184	SER	B	60	TYR	-0.6839	0.2081	0.1799	0.2545	1	-0.2064	-2.6278	0.0086
53453	A	184	SER	B	87	GLU	-0.8765	0.2861	0.0684	0.0968	1	-0.3408	-3.1284	0.0018
53583	B	4	ARG	B	12	LYS	-0.4395	0.2259	0.0361	0.0510	1	-0.0125	-2.0538	0.0400
53624	B	4	ARG	B	53	LEU	-0.3771	0.1896	0.0560	0.0791	1	-0.0221	-2.1076	0.0351
53707	B	4	ARG	B	136	GLN	-0.3403	0.1713	0.0268	0.0378	1	-0.0161	-2.0919	0.0365
53747	B	4	ARG	B	176	GLU	-0.3324	0.1671	0.0594	0.0840	1	-0.0177	-2.0948	0.0362
54046	B	6	ARG	B	68	LEU	0.0364	0.0515	-0.6995	0.3174	1	0.0928	2.2885	0.0221
54056	B	6	ARG	B	78	TYR	0.3649	0.1848	-0.0311	0.0439	1	0.0161	2.0849	0.0371
54107	B	6	ARG	B	129	VAL	-0.0667	0.0943	0.5213	0.2702	1	-0.0156	-2.0544	0.0399
54195	B	7	PHE	B	15	CYX	0.6008	0.0602	-0.1361	0.1925	1	0.3335	3.6536	0.0003
54219	B	7	PHE	B	39	ARG	0.5274	0.2151	-0.3832	0.1939	1	0.3314	3.1445	0.0017
54231	B	7	PHE	B	51	THR	-0.4829	0.1576	-0.0255	0.0360	1	-0.1341	-2.8296	0.0047
54419	B	8	LEU	B	38	VAL	0.0590	0.0834	-0.3567	0.1900	1	0.0006	2.0029	0.0452
54685	B	9	TRP	B	104	SER	0.4303	0.2337	-0.3676	0.2032	1	0.1786	2.5769	0.0100
54693	B	9	TRP	B	112	HIE	0.1846	0.2610	-0.5224	0.0694	1	0.1668	2.6175	0.0089
54914	B	10	GLN	B	134	ASN	-0.0108	0.0153	0.4099	0.2058	1	-0.0078	-2.0380	0.0415
55044	B	11	LEU	B	66	ASP	-0.7902	0.2268	0.0550	0.0778	1	-0.3658	-3.5255	0.0004
55082	B	11	LEU	B	104	SER	0.4579	0.1648	-0.0026	0.0037	1	0.1309	2.7941	0.0052
55126	B	11	LEU	B	148	ILE	-0.6272	0.1289	0.2137	0.3222	1	-0.1468	-2.4230	0.0154
55333	B	12	LYS	B	158	LEU	0.0327	0.0463	-0.4020	0.2075	1	0.0096	2.0450	0.0409
55343	B	12	LYS	B	168	GLY	0.1191	0.1685	1.3262	0.5511	1	-0.0545	-2.0945	0.0362
55397	B	13	PHE	B	26	LEU	0.0661	0.0935	-0.4889	0.2454	1	0.0299	2.1139	0.0345
55423	B	13	PHE	B	52	GLU	0.0112	0.0158	-0.3488	0.1775	1	0.0036	2.0203	0.0433
55452	B	13	PHE	B	81	HIP	0.1015	0.1435	-0.5402	0.2727	1	0.0253	2.0821	0.0373
55492	B	13	PHE	B	121	GLY	0.0377	0.0533	-0.3767	0.1982	1	0.0038	2.0185	0.0435
55661	B	14	GLU	B	95	VAL	-0.3972	0.1986	0.0052	0.0073	1	-0.0049	-2.0247	0.0429
55717	B	14	GLU	B	151	GLY	-0.0924	0.0473	0.2331	0.1252	1	-0.0578	-2.4319	0.0150
55746	B	14	GLU	B	180	VAL	-0.4955	0.3094	0.2881	0.1708	1	-0.0767	-2.2171	0.0266
55780	B	15	CYX	B	20	GLY	-0.6381	0.3210	0.0520	0.0735	1	-0.0315	-2.0955	0.0361
56158	B	16	HIP	C	116	GLN	0.4171	0.1475	-0.1072	0.1516	1	0.1013	2.4788	0.0132
56201	B	17	PHE	B	56	PRO	-0.3089	0.1616	0.0447	0.0633	1	-0.0066	-2.0378	0.0416
56413	B	18	PHE	B	77	THR	-0.3056	0.1539	0.0781	0.1104	1	-0.0048	-2.0255	0.0428
56434	B	18	PHE	B	98	LYS	-0.5618	0.2826	0.1497	0.2117	1	-0.0053	-2.0149	0.0439
56439	B	18	PHE	B	103	PRO	-0.2347	0.2154	0.3140	0.1672	1	-0.0033	-2.0120	0.0442
56524	B	18	PHE	B	188	TRP	-0.4160	0.2713	0.3712	0.1984	1	-0.1149	-2.3419	0.0192
56541	B	18	PHE	C	116	GLN	0.1465	0.1200	-0.5004	0.2521	1	0.0884	2.3165	0.0205
56669	B	19	ASN	B	143	VAL	0.1489	0.0815	-0.1939	0.0978	1	0.0882	2.6932	0.0071
56706	B	19	ASN	B	180	VAL	-0.3545	0.2306	0.2673	0.1337	1	-0.0887	-2.3328	0.0197
56758	B	20	GLY	B	43	ASP	-0.3033	0.1528	0.0561	0.0794	1	-0.0150	-2.0872	0.0369
56952	B	21	THR	B	49	ALA	-0.2329	0.1252	0.2934	0.1573	1	-0.1242	-2.6179	0.0088
57097	B	21	THR	C	105	SER	0.2085	0.0778	-0.0370	0.0523	1	0.0579	2.6180	0.0088
57099	B	21	THR	C	107	TRP	0.3006	0.0337	0.0367	0.0519	1	0.1402	4.2659	0.0000
57456	B	23	ARG	B	180	VAL	-0.6091	0.3497	0.1629	0.1145	1	-0.0360	-2.0979	0.0359
57570	B	24	VAL	B	109	LEU	-0.4818	0.2432	0.1291	0.1826	1	-0.0027	-2.0089	0.0445
57648	B	24	VAL	B	187	GLU	-0.4246	0.1962	0.0031	0.0043	1	-0.0351	-2.1788	0.0293
57728	B	25	ARG	B	83	TYR	0.1001	0.1415	-0.5979	0.2990	1	0.0364	2.1100	0.0349
57917	B	26	LEU	B	89	PHE	0.1088	0.1539	-0.5332	0.2670	1	0.0257	2.0835	0.0372
57944	B	26	LEU	B	116	VAL	-0.0827	0.1170	0.4096	0.2068	1	-0.0171	-2.0720	0.0383
57977	B	26	LEU	B	149	GLN	-0.0412	0.0583	0.2146	0.1138	1	-0.0001	-2.0009	0.0454
57979	B	26	LEU	B	151	GLY	-0.1330	0.1881	0.7634	0.3073	1	-0.1758	-2.4879	0.0129
57999	B	26	LEU	B	171	TYR	-0.0428	0.0605	0.8170	0.3541	1	-0.1412	-2.3931	0.0167
58016	B	26	LEU	B	188	TRP	-0.1527	0.2160	1.0740	0.3333	1	-0.4323	-3.0884	0.0020
58188	B	27	LEU	B	178	PRO	-0.0136	0.0193	0.4986	0.2551	1	-0.0006	-2.0022	0.0453
58190	B	27	LEU	B	180	VAL	-0.1710	0.0910	0.4563	0.2286	1	-0.1353	-2.5498	0.0108
58198	B	27	LEU	B	188	TRP	-0.2390	0.1572	0.5239	0.2692	1	-0.1395	-2.4474	0.0144
58290	B	28	GLU	B	99	VAL	-0.4380	0.2331	0.4001	0.2015	1	-0.2219	-2.7202	0.0065
58310	B	28	GLU	B	119	VAL	-0.2610	0.1683	0.4268	0.2331	1	-0.1128	-2.3925	0.0167
58734	B	30	CYS	B	184	LEU	-0.0960	0.0759	0.3012	0.1598	1	-0.0434	-2.2453	0.0247
59263	B	33	ASN	B	182	SER	-0.0589	0.0833	0.3275	0.1638	1	-0.0189	-2.1029	0.0355
59288	B	33	ASN	C	118	LEU	-0.3984	0.1997	0.1568	0.1858	1	-0.0098	-2.0359	0.0418
59828	B	37	SER	B	53	LEU	-0.6093	0.3047	0.0526	0.0744	1	-0.0347	-2.1105	0.0348
59860	B	37	SER	B	85	VAL	0.4462	0.2254	-0.0582	0.0823	1	0.0245	2.1020	0.0356
59886	B	37	SER	B	111	HIP	-0.3080	0.1543	0.0648	0.0916	1	-0.0139	-2.0774	0.0378
60035	B	38	VAL	B	89	PHE	0.2669	0.1437	-0.3436	0.2350	1	0.0596	2.2163	0.0267
60079	B	38	VAL	B	133	ARG	-0.0260	0.0367	0.3407	0.1748	1	-0.0095	-2.0532	0.0401
60893	B	43	ASP	B	107	GLN	-0.4528	0.2283	0.1240	0.1753	1	-0.0011	-2.0038	0.0451
61037	B	44	VAL	B	86	GLY	0.0174	0.0246	-0.2974	0.1497	1	0.0113	2.0748	0.0380
61168	B	45	GLY	B	53	LEU	-0.6019	0.1457	0.1482	0.2096	1	-0.2396	-2.9385	0.0033
61196	B	45	GLY	B	81	HIP	0.0191	0.0270	-0.6548	0.3315	1	0.0086	2.0259	0.0428
61224	B	45	GLY	B	109	LEU	-0.6014	0.3009	0.1343	0.1899	1	-0.0241	-2.0677	0.0387
61225	B	45	GLY	B	110	GLN	-0.4953	0.2477	0.0334	0.0472	1	-0.0244	-2.0966	0.0360
61284	B	45	GLY	B	169	GLU	-0.3378	0.1691	0.0214	0.0303	1	-0.0157	-2.0916	0.0365
61684	B	48	ARG	B	83	TYR	0.0148	0.0209	-0.5620	0.2811	1	0.0130	2.0461	0.0407
61952	B	49	ALA	C	102	LYS	-0.4499	0.2249	0.2203	0.1749	1	-0.1003	-2.3520	0.0187
62144	B	51	THR	B	66	ASP	-1.4379	0.6700	0.1999	0.2827	1	-0.1835	-2.2523	0.0243
62196	B	51	THR	B	118	SER	-0.0087	0.0123	0.0335	0.0168	1	-0.0006	-2.0275	0.0426
62229	B	51	THR	B	151	GLY	0.1722	0.1014	-0.2417	0.1455	1	0.0592	2.3338	0.0196
62274	B	51	THR	C	107	TRP	1.0325	0.3351	-0.0322	0.0456	1	0.3883	3.1483	0.0016
62324	B	52	GLU	B	89	PHE	0.0767	0.1084	-0.5021	0.2496	1	0.0345	2.1267	0.0334
62363	B	52	GLU	B	128	GLU	0.0305	0.0431	-0.5070	0.2568	1	0.0167	2.0641	0.0390
62418	B	52	GLU	B	183	PRO	-0.0233	0.0330	0.4505	0.2260	1	-0.0169	-2.0741	0.0381
62419	B	52	GLU	B	184	LEU	-0.0576	0.0815	0.5463	0.2751	1	-0.0301	-2.1048	0.0353
62451	B	53	LEU	B	60	TYR	-0.7550	0.2083	0.1429	0.2021	1	-0.3175	-3.0938	0.0020
62628	B	54	GLY	B	82	MTS	0.0997	0.0501	-0.0133	0.0188	1	0.0061	2.1136	0.0345
62630	B	54	GLY	B	84	GLY	0.2497	0.1307	-0.0287	0.0406	1	0.0046	2.0338	0.0420
63106	B	57	ASP	B	101	VAL	-0.2466	0.1239	0.0590	0.0834	1	-0.0069	-2.0461	0.0407
63342	B	58	ALA	B	186	VAL	-0.0305	0.0432	0.5540	0.2810	1	-0.0159	-2.0560	0.0398
63427	B	59	GLU	B	121	GLY	0.0011	0.0016	-0.2825	0.1412	1	0.0011	2.0079	0.0447
63785	B	61	TRP	B	182	SER	0.0208	0.0294	-0.1882	0.0979	1	0.0045	2.0439	0.0410
63831	B	62	ASN	B	81	HIP	0.0664	0.0939	-0.5306	0.2681	1	0.0288	2.1016	0.0356
64019	B	63	SER	B	123	TYR	-0.3285	0.0818	0.1191	0.1685	1	-0.0731	-2.3902	0.0168
64130	B	64	GLN	B	89	PHE	-0.0813	0.1150	0.5127	0.2566	1	-0.0316	-2.1123	0.0347
64401	B	66	ASP	B	73	ALA	-0.5734	0.0870	-0.1259	0.1781	1	-0.0511	-2.2577	0.0240
64476	B	66	ASP	B	148	ILE	-0.8008	0.1878	0.2438	0.3448	1	-0.2594	-2.6606	0.0078
64524	B	66	ASP	C	107	TRP	0.7088	0.2546	-0.1119	0.1583	1	0.2212	2.7379	0.0062
64564	B	67	LEU	B	94	ARG	0.2075	0.1691	-0.3573	0.2234	1	0.0044	2.0155	0.0438
64652	B	67	LEU	B	182	SER	0.2568	0.1305	-0.4960	0.2484	1	0.1916	2.6830	0.0073
64754	B	68	LEU	B	143	VAL	-0.1937	0.2739	0.6118	0.1561	1	-0.1750	-2.5553	0.0106
64791	B	68	LEU	B	180	VAL	0.0667	0.0943	-0.8436	0.1030	1	0.6309	6.5176	0.0000
64890	B	69	GLU	B	139	LYS	-0.4520	0.2268	0.0742	0.1050	1	-0.0264	-2.1056	0.0352
65269	B	72	ARG	B	104	SER	-0.0832	0.1177	0.4329	0.2197	1	-0.0177	-2.0711	0.0384
65529	B	74	ALA	B	93	ARG	-0.0568	0.0804	0.8926	0.3192	1	-0.2911	-2.8846	0.0039
65625	B	74	ALA	B	189	ARG	-0.4843	0.2799	0.2371	0.1223	1	-0.1106	-2.3623	0.0182
65939	B	77	THR	B	104	SER	-0.6139	0.1540	0.2247	0.3178	1	-0.1324	-2.3750	0.0175
66189	B	79	CYX	B	93	ARG	-0.2906	0.1467	0.5244	0.3368	1	-0.0804	-2.2188	0.0265
66207	B	79	CYX	B	111	HIP	-0.3616	0.1843	0.4613	0.2985	1	-0.1213	-2.3458	0.0190
66474	B	81	HIP	B	121	GLY	0.0444	0.0628	-0.4374	0.2276	1	0.0097	2.0411	0.0412
66669	B	82	MTS	B	189	ARG	0.9705	0.4059	-0.1101	0.3035	1	0.0669	2.1320	0.0330
66966	B	85	VAL	B	111	HIP	0.4654	0.2365	-0.0788	0.1114	1	0.0213	2.0816	0.0374
67006	B	85	VAL	B	151	GLY	0.2062	0.1036	-0.2734	0.1435	1	0.1257	2.7100	0.0067
67134	B	86	GLY	B	156	GLN	0.1930	0.0990	-0.0414	0.0585	1	0.0043	2.0375	0.0416
67505	B	89	PHE	B	164	VAL	0.3194	0.1622	-0.0165	0.0234	1	0.0082	2.0499	0.0404
67548	B	89	PHE	C	118	LEU	-0.7550	0.2686	0.6272	0.5094	1	-0.2303	-2.4000	0.0164
67568	B	90	THR	B	108	PRO	-0.1016	0.1437	0.5705	0.0761	1	-0.3469	-4.1336	0.0000
67655	B	90	THR	C	106	LYS	0.2150	0.0801	-0.0343	0.0484	1	0.0620	2.6621	0.0078
67715	B	91	VAL	B	137	GLU	-0.1962	0.1421	0.4851	0.2430	1	-0.1183	-2.4200	0.0155
67902	B	92	GLN	C	118	LEU	0.2855	0.1443	-0.3853	0.2120	1	0.1580	2.6160	0.0089
68016	B	93	ARG	C	116	GLN	0.4063	0.2540	-0.5713	0.2867	1	0.2115	2.5522	0.0107
68089	B	94	ARG	B	163	THR	0.4104	0.2074	-0.5256	0.2958	1	0.2134	2.5905	0.0096
68321	B	96	GLU	B	168	GLY	0.0838	0.1184	-1.0280	0.4355	1	0.2091	2.4632	0.0138
68384	B	97	PRO	B	119	VAL	0.1617	0.0832	-0.2962	0.1711	1	0.0774	2.4067	0.0161
68419	B	97	PRO	B	154	THR	-0.3512	0.1865	0.5216	0.3455	1	-0.0876	-2.2232	0.0262
68515	B	98	LYS	B	139	LYS	0.3931	0.2427	-0.2266	0.1277	1	0.0713	2.2602	0.0238
68527	B	98	LYS	B	151	GLY	-0.0767	0.0725	0.2819	0.1590	1	-0.0091	-2.0520	0.0402
68705	B	100	THR	B	110	GLN	-0.4249	0.2148	0.0279	0.0395	1	-0.0161	-2.0738	0.0381
69611	B	108	PRO	B	180	VAL	-0.0799	0.1130	1.6363	0.7646	1	-0.1703	-2.2203	0.0264
69949	B	112	HIE	B	124	PRO	0.1538	0.2176	-0.8614	0.3569	1	0.1793	2.4289	0.0151
70053	B	113	ASN	B	132	PHE	-0.5081	0.2166	0.0557	0.0788	1	-0.1028	-2.4458	0.0145
70647	B	119	VAL	B	171	TYR	-0.1261	0.1783	-0.9006	0.3339	1	0.0176	2.0465	0.0407
70651	B	119	VAL	B	175	VAL	0.2385	0.4788	-1.1468	0.3313	1	0.2207	2.3790	0.0174
70801	B	121	GLY	B	148	ILE	-0.0295	0.0418	0.2240	0.1149	1	-0.0090	-2.0735	0.0381
70829	B	121	GLY	B	176	GLU	-0.0492	0.0696	0.4797	0.2428	1	-0.0239	-2.0945	0.0362
70932	B	122	PHE	C	103	PRO	-0.0494	0.0248	-1.2537	0.4666	1	0.2697	2.5771	0.0100
71448	B	128	GLU	C	118	LEU	-0.5767	0.3486	0.1866	0.1273	1	-0.0210	-2.0566	0.0397
71501	B	129	VAL	B	180	VAL	-0.0142	0.0201	0.5599	0.2844	1	-0.0040	-2.0142	0.0440
72004	B	136	GLN	B	151	GLY	-0.0615	0.1774	0.8577	0.2356	1	-0.3294	-3.1169	0.0018
72055	B	136	GLN	C	113	LEU	-0.8562	0.2994	0.1989	0.2813	1	-0.2335	-2.5684	0.0102
72147	B	138	GLU	B	151	GLY	-0.0225	0.0318	0.2900	0.1471	1	-0.0115	-2.0764	0.0379
72217	B	139	LYS	B	151	GLY	0.0120	0.2234	0.6433	0.2104	1	-0.0175	-2.0569	0.0397
72256	B	139	LYS	B	190	ALA	0.0949	0.1342	-0.3779	0.1915	1	0.0051	2.0218	0.0432
72289	B	140	ALA	B	154	THR	-0.5902	0.4124	0.4560	0.3209	1	-0.0012	-2.0022	0.0453
73093	B	152	ASP	C	119	PRO	0.5522	0.2093	-0.1936	0.2739	1	0.0565	2.1641	0.0305
73142	B	153	TRP	C	112	PRO	0.2343	0.1192	-0.0095	0.0134	1	0.0038	2.0314	0.0422
73167	B	154	THR	B	171	TYR	0.1021	0.1444	0.6311	0.2088	1	-0.0213	-2.0838	0.0372
73171	B	154	THR	B	175	VAL	-0.4144	0.3072	0.6163	0.1399	1	-0.3556	-3.0536	0.0023
73395	B	158	LEU	B	189	ARG	-0.0523	0.0739	0.4381	0.2232	1	-0.0202	-2.0859	0.0370
73535	B	161	LEU	B	182	SER	0.1746	0.2469	-0.3587	0.0895	1	0.0081	2.0308	0.0423
73576	B	162	GLU	B	176	GLU	0.0483	0.0683	-0.3242	0.1624	1	0.0201	2.1140	0.0345
73663	B	164	VAL	B	172	THR	-0.2964	0.1494	0.0505	0.0713	1	-0.0157	-2.0947	0.0362
73680	B	164	VAL	B	189	ARG	-0.2623	0.1323	0.0433	0.0613	1	-0.0140	-2.0960	0.0361
73953	B	171	TYR	B	175	VAL	0.0259	0.0367	-1.1524	0.5386	1	0.0986	2.1826	0.0291
74347	B	183	PRO	C	102	LYS	0.2798	0.1474	-0.1123	0.0581	1	0.0751	2.4741	0.0134
74350	B	183	PRO	C	105	SER	-0.6398	0.1746	0.1645	0.2326	1	-0.2226	-2.7654	0.0057
74572	C	105	SER	C	107	TRP	-1.1686	0.4141	-0.1598	0.2260	1	-0.0652	-2.1381	0.0325
