seg	res	rnm	aT41A.pcca1	aT41A.pcca1	WT.pcca2	WT.pcca2	lsdm	sdiff	score	pval
			mf	sf	mf	sf				
A	80	THR	4.3182	0.3762	5.5180	0.2668	1	-0.2773	-2.6013	0.0093
A	87	PRO	5.1775	0.4342	3.9543	0.2721	1	0.1983	2.3870	0.0170
A	144	LEU	6.9064	0.4026	5.0080	0.8167	1	0.0774	2.0850	0.0371
B	23	ARG	3.0056	0.4511	7.6735	1.8945	1	-0.7730	-2.3969	0.0165
B	27	LEU	8.8450	0.0831	9.7764	0.1379	1	-0.6094	-5.7849	0.0000
B	74	ALA	5.2212	0.5094	1.9795	1.0201	1	0.9612	2.8430	0.0045
B	77	THR	8.3363	0.3587	4.6134	0.4703	1	2.5400	6.2947	0.0000
B	78	TYR	3.9652	0.6230	9.2377	0.6764	1	-3.4333	-5.7336	0.0000
B	107	GLN	6.2372	0.9170	8.7687	0.5167	1	-0.4264	-2.4052	0.0162
B	128	GLU	8.9699	0.3455	9.8468	0.1667	1	-0.1096	-2.2856	0.0223
B	136	GLN	8.7082	0.2158	9.8278	0.0164	1	-0.6868	-5.1733	0.0000
C	102	LYS	0.0000	0.0000	8.4997	2.0621	1	-4.3755	-4.1218	0.0000
C	116	GLN	7.1950	0.0510	4.8096	1.0748	1	0.2333	2.2169	0.0266
