seg	res	rnm	aT41A.pcca1	aT41A.pcca1	bN82A.pcca2	bN82A.pcca2	lsdm	sdiff	score	pval
			mf	sf	mf	sf				
A	84	ASN	4.2696	0.3872	5.5949	0.3972	1	-0.2158	-2.3891	0.0169
A	106	ILE	9.3437	0.0991	9.7440	0.1023	1	-0.1154	-2.8098	0.0050
A	127	PRO	4.3577	0.4625	3.1541	0.1586	1	0.2257	2.4617	0.0138
A	173	PRO	3.7861	0.8277	5.7533	0.3620	1	-0.1604	-2.1776	0.0294
B	8	LEU	9.0134	0.2080	9.8790	0.1059	1	-0.3988	-3.7087	0.0002
B	30	CYS	9.4527	0.2038	8.3460	0.3740	1	0.2549	2.5985	0.0094
B	38	VAL	8.8015	0.1283	8.3902	0.0592	1	0.1288	2.9115	0.0036
B	74	ALA	5.2212	0.5094	2.8009	0.3075	1	1.2302	4.0675	0.0000
B	77	THR	8.3363	0.3587	5.5316	0.8342	1	0.9886	3.0888	0.0020
B	78	TYR	3.9652	0.6230	7.8674	1.7201	1	-0.2433	-2.1330	0.0329
C	102	LYS	0.0000	0.0000	7.0076	0.2093	1	-6.5890	-33.4756	0.0000
