seg	res	rnm	WT.pcca2	WT.pcca2	bN82A.pcca2	bN82A.pcca2	aT41A.pcca1	aT41A.pcca1
			mf	sf	mf	sf	mf	sf
A	5	HIP	9.2297	0.6309	8.8286	0.9102	7.9840	1.1046
A	6	VAL	9.4614	0.2194	9.3435	0.3845	9.3669	0.3952
A	7	ILE	9.1110	0.5656	9.8332	0.2362	9.4482	0.7050
A	8	ILE	9.8306	0.2747	9.7563	0.1270	8.9827	0.5364
A	9	GLN	9.1093	0.1967	9.0193	0.0709	9.1609	0.2221
A	10	ALA	9.2373	0.3376	9.4009	0.1078	9.0597	0.2862
A	11	GLH	8.2175	0.0612	8.3545	0.5783	8.2398	0.3656
A	12	PHE	8.2381	0.3228	8.1535	0.5388	8.1733	0.5541
A	13	TYR	8.6149	0.1433	8.9013	0.5174	9.0316	0.4942
A	14	LEU	9.8505	0.2199	9.6718	0.2824	9.8636	0.1797
A	15	ASN	9.7873	0.2612	9.3981	0.5664	9.6823	0.3100
A	16	PRO	6.9796	0.6139	5.9436	0.6491	6.3198	1.0544
A	17	ASP	4.8421	1.1660	4.4692	0.8961	4.7374	0.4495
A	18	GLN	7.1026	0.2245	6.9961	0.3025	7.0853	0.2271
A	19	SER	8.5747	0.8511	8.0490	0.0512	8.7300	0.5656
A	20	GLY	4.4667	1.0341	6.3260	1.0288	6.4807	0.2466
A	21	GLH	8.9551	0.0827	8.9876	0.6793	8.5566	0.6628
A	22	PHE	9.1110	0.5862	9.0772	0.2694	8.8426	0.3238
A	23	MET	8.0052	0.5429	7.9364	0.9542	8.0393	0.3334
A	24	PHE	9.4809	0.4859	9.3878	0.6284	9.3784	0.2450
A	25	ASH	9.5182	0.3871	9.0718	0.0947	8.8785	0.1800
A	26	PHE	9.6268	0.2598	9.5864	0.1207	9.5379	0.1798
A	27	ASP	6.7330	0.3994	7.1136	0.1365	7.0459	0.1710
A	28	GLY	5.6893	1.2685	4.0665	0.4662	4.0453	1.9626
A	29	ASH	9.1781	0.5149	9.3482	0.4092	8.8587	0.4725
A	30	GLU	3.3186	0.3541	4.6993	0.7000	3.1256	0.4740
A	31	ILE	8.0073	1.0965	8.7088	1.1125	8.2833	1.3358
A	32	PHE	6.3851	0.1120	7.0390	0.4451	7.0304	0.7031
A	33	HIP	9.3759	0.2316	9.4089	0.6521	9.4400	0.3849
A	34	VAL	9.2617	0.5167	8.7832	1.1273	8.9257	0.9712
A	35	ASP	8.4196	0.9633	7.8411	0.5679	8.9850	0.6904
A	36	MET	5.7193	1.4917	4.6715	1.5486	4.3607	1.1940
A	37	ALA	7.9636	1.1333	7.4625	0.9587	8.0552	1.9396
A	38	LYS	6.9358	1.8381	7.5703	0.4824	7.7252	1.3940
A	39	LYS	7.0805	0.1276	7.0831	0.2251	7.1683	0.1593
A	40	GLU	8.0923	0.6517	9.1536	0.3544	8.9584	0.6024
A	41	MTS	6.4331	2.2517	6.9557	0.3786	6.2505	1.4431
A	42	VAL	9.6523	0.1311	9.6345	0.4155	9.6083	0.3518
A	43	TRP	7.6488	0.2354	7.7196	1.8469	7.7796	1.4118
A	44	ARG	7.6812	1.5462	7.3926	1.3817	6.3167	0.2472
A	45	LEU	7.9026	1.2864	7.1673	1.2445	8.2404	0.5790
A	46	GLU	2.7530	0.9262	4.0010	1.7175	4.7494	0.4840
A	47	GLU	4.3286	0.4953	3.6629	0.7340	5.0467	1.1413
A	48	PHE	6.0190	2.0573	6.0693	1.8774	4.7830	0.7099
A	49	GLY	3.7552	0.7284	3.0691	0.4420	3.4585	0.5679
A	50	ARG	7.0257	0.1572	7.8949	0.5933	7.9226	0.9939
A	51	PHE	9.2578	0.8541	9.5595	0.2744	9.7985	0.3866
A	52	ALA	9.6604	0.2809	9.2151	0.8219	8.6263	0.9737
A	53	SER	9.3883	0.2236	8.6831	0.7403	8.0707	1.6214
A	54	PHE	8.6295	0.4510	8.2606	0.4302	8.5088	0.2366
A	55	GLU	8.6256	0.9838	8.4104	0.6883	7.3527	0.7132
A	56	ALA	3.9955	0.7458	3.1705	0.4410	3.3450	0.2821
A	57	GLN	4.2789	0.9663	3.2387	0.4194	3.8662	0.3416
A	58	GLY	5.5579	2.4318	4.2905	0.7618	4.8274	0.8707
A	59	ALA	4.8339	0.7800	4.1241	0.8605	3.9416	0.9558
A	60	LEU	4.5704	1.3474	4.0611	1.4053	4.0259	0.6284
A	61	ALA	4.8965	1.3277	4.7780	1.3235	5.0618	0.7845
A	62	ASN	4.3931	0.4812	4.5491	0.8915	5.1160	2.0214
A	63	ILE	5.2670	1.5633	4.8680	0.2239	4.6519	0.3560
A	64	ALA	4.1767	0.9415	4.0910	0.7425	3.9655	0.9409
A	65	VAL	6.7124	0.4625	6.2578	0.7117	6.2517	0.7551
A	66	ASP	3.0546	0.8217	2.5924	0.5052	3.7489	0.8759
A	67	LYS	3.8489	1.2514	3.9847	0.5954	3.6793	1.2469
A	68	ALA	4.6467	0.5402	4.9017	1.1086	4.7287	1.2035
A	69	ASN	4.7152	0.8454	5.3074	0.2007	5.6102	0.3054
A	70	LEU	2.7976	0.3936	3.4272	1.1773	3.0332	0.2282
A	71	GLU	3.9385	1.0966	4.4939	0.7108	3.6973	0.6008
A	72	ILE	6.4407	1.1298	7.1731	0.9323	6.9951	0.7730
A	73	MET	4.7798	2.2280	4.7074	0.4523	4.0609	0.2503
A	74	THR	3.7406	0.8468	3.6634	1.1606	2.9527	0.7687
A	75	LYS	5.5664	1.3863	4.8561	0.3040	4.2342	1.0232
A	76	ARG	4.7483	0.5349	3.6610	0.5662	4.2547	0.4814
A	77	SER	6.3641	1.0679	6.7655	0.8177	6.3915	0.6289
A	78	ASN	6.9346	0.4595	7.0544	0.1698	6.8746	0.1262
A	79	TYR	7.1628	0.1958	7.1418	0.2783	7.1552	0.1245
A	80	THR	5.5180	0.2668	4.9244	0.8342	4.3182	0.3762
A	81	PRO	6.8070	1.3356	7.1399	0.9186	7.9452	0.3294
A	82	ILE	5.6843	0.3222	4.3839	1.5630	4.5714	0.8270
A	83	THR	6.9248	2.0563	5.7019	0.6467	6.3532	1.5306
A	84	ASN	6.5697	1.9261	5.5949	0.3972	4.2696	0.3872
A	85	VAL	9.5510	0.1514	9.5017	0.4223	9.5363	0.0674
A	86	PRO	5.1734	0.6790	6.0399	0.3760	4.8955	1.1304
A	87	PRO	3.9543	0.2721	5.0786	0.3022	5.1775	0.4342
A	88	GLU	8.3230	0.8862	8.9965	0.5827	8.0163	1.6698
A	89	VAL	9.8491	0.1957	9.8095	0.1444	9.3469	0.5528
A	90	THR	9.1406	0.4109	9.4589	0.2448	9.0787	0.5011
A	91	VAL	9.9286	0.0701	9.4322	0.2886	9.9128	0.1226
A	92	LEU	7.4085	1.0025	7.5195	1.0303	7.7141	0.7647
A	93	THR	9.1848	0.9008	8.7215	0.4670	8.9159	0.2497
A	94	ASN	6.7451	0.7126	5.1939	1.5686	5.6587	0.9655
A	95	SER	8.9380	1.3090	8.6730	0.3064	7.4678	0.5943
A	96	PRO	3.0310	0.9808	3.9636	0.7274	3.6884	1.0607
A	97	VAL	6.5638	1.2369	6.1027	1.6053	6.8269	0.4730
A	98	GLU	8.9692	1.0497	8.8177	0.7758	8.0867	1.3151
A	99	LEU	2.0604	0.2090	3.7067	0.6843	3.4168	0.8879
A	100	ARG	7.1444	0.1003	7.2265	0.0993	7.1825	0.1365
A	101	GLU	8.7015	0.6765	6.5140	0.9204	8.1828	0.1999
A	102	PRO	2.8063	0.5950	3.1719	0.1076	3.5824	0.6101
A	103	ASN	7.3655	0.7880	8.3160	0.5649	7.9410	1.3717
A	104	VAL	9.6515	0.3130	9.5895	0.3449	9.7975	0.1287
A	105	LEU	6.5421	0.3573	6.9932	1.6309	7.0455	0.4905
A	106	ILE	9.7490	0.2211	9.7440	0.1023	9.3437	0.0991
A	107	CYX	9.4825	0.7815	9.4215	0.1853	9.2354	0.5588
A	108	PHE	9.3992	0.2507	9.3207	0.7463	9.3127	0.4570
A	109	ILE	9.5521	0.4363	9.8246	0.2379	9.6770	0.3903
A	110	ASP	7.8436	0.3648	8.9342	0.5661	8.7788	0.7562
A	111	LYS	7.1343	0.2039	7.0165	0.2256	7.1619	0.1474
A	112	PHE	9.5476	0.4012	8.9248	1.2164	9.4446	0.2721
A	113	THR	6.7381	0.4768	6.9081	1.3788	6.1700	0.7947
A	114	PRO	3.7480	0.5235	4.1254	0.6789	3.9051	0.8140
A	115	PRO	5.5899	0.9665	5.9960	0.5456	6.6505	0.5974
A	116	VAL	9.5799	0.3824	9.7098	0.2599	9.5683	0.0680
A	117	VAL	5.8534	1.2301	5.0384	1.5314	4.9387	1.4602
A	118	ASN	9.0266	1.0831	9.0462	0.5910	9.1802	0.3036
A	119	VAL	9.3285	0.4100	8.8540	0.5658	9.2146	0.9514
A	120	THR	9.1242	0.5017	8.5701	0.5887	8.9934	0.4550
A	121	TRP	8.6169	0.6041	8.8506	1.1343	9.1396	0.3346
A	122	LEU	9.6983	0.0357	9.6738	0.2109	9.7630	0.1278
A	123	ARG	9.3603	1.0519	9.6720	0.4103	9.6789	0.2876
A	124	ASN	7.1200	0.0972	6.7704	0.5194	7.0939	0.1837
A	125	GLY	6.6794	0.2724	6.4671	0.1861	6.2979	0.5368
A	126	LYS	9.1206	0.6648	9.4971	0.7563	9.1475	0.7053
A	127	PRO	4.8663	2.0450	3.1541	0.1586	4.3577	0.4625
A	128	VAL	9.6327	0.3734	8.9985	0.9954	9.2665	0.4581
A	129	THR	7.1303	1.6398	8.6045	0.2832	8.1423	0.7023
A	130	THR	6.8656	1.9576	7.0643	2.4216	6.8728	1.5087
A	131	GLY	5.1430	0.6884	6.2351	1.2031	5.5511	0.8049
A	132	VAL	8.0820	0.9594	8.4092	0.6525	8.5147	1.0253
A	133	SER	8.3668	0.1430	6.2817	3.3326	7.1612	1.0170
A	134	GLU	7.1798	0.4276	7.8898	0.5688	6.9376	1.3621
A	135	THR	6.4498	0.6427	7.9777	1.1495	8.4137	1.8514
A	136	VAL	9.2669	0.7204	8.5233	1.1785	8.5383	0.9603
A	137	PHE	5.1099	1.3092	5.8035	0.5776	6.0558	1.1693
A	138	LEU	4.6871	0.9285	6.9713	0.9623	6.4468	2.2806
A	139	PRO	6.4729	0.4860	6.5604	1.5952	5.8008	0.2250
A	140	ARG	9.0417	0.5672	9.7443	0.1475	9.3804	0.5165
A	141	GLU	5.5107	1.3314	5.7327	0.9542	4.8226	0.9755
A	142	ASP	8.0161	1.0224	7.4804	0.6647	8.0945	0.6572
A	143	HIE	7.0931	0.1382	7.0963	0.1826	7.0592	0.1913
A	144	LEU	5.0080	0.8167	5.1890	1.3838	6.9064	0.4026
A	145	PHE	9.8183	0.1516	9.5746	0.3350	9.3322	0.2315
A	146	ARG	8.8087	0.8589	9.0026	0.4005	9.3177	0.2502
A	147	LYS	6.9080	1.0670	6.7396	0.8618	6.8153	0.6637
A	148	PHE	9.1155	0.5432	9.6306	0.4600	8.8845	0.5529
A	149	HIE	8.3411	0.7247	8.1045	0.3925	8.8345	0.5552
A	150	TYR	9.3210	0.6131	9.3090	0.1749	9.4679	0.0683
A	151	LEU	8.5090	0.4927	9.2013	0.7314	9.1540	0.5458
A	152	PRO	4.3851	0.6798	4.3659	2.7248	4.5888	0.8010
A	153	PHE	7.1065	0.8796	7.6958	0.6855	7.7643	0.4522
A	154	LEU	9.7009	0.1479	9.3553	0.5613	9.3039	0.7111
A	155	PRO	4.3801	1.4739	3.7621	0.1502	3.8782	0.7269
A	156	SER	7.6058	0.6355	7.7263	0.2032	7.9351	0.4540
A	157	THR	5.7427	1.5490	5.6816	0.5403	5.4820	0.4026
A	158	GLU	7.7461	0.6820	8.0228	0.9951	8.8408	0.6151
A	159	ASP	8.7626	0.7665	9.3669	0.7022	9.2343	0.0647
A	160	VAL	9.4056	0.3463	9.8179	0.1607	9.5103	0.4105
A	161	TYR	9.8315	0.1925	9.6063	0.5297	9.6864	0.1406
A	162	ASP	9.1048	0.0734	8.6856	0.7744	8.8500	0.4461
A	163	CYX	8.1829	0.6682	8.5332	0.9125	8.6974	0.5617
A	164	ARG	9.4137	0.6159	9.4172	0.3217	9.2738	0.2937
A	165	VAL	9.6400	0.2166	9.6387	0.3376	9.8941	0.1957
A	166	GLU	9.4634	0.7130	9.6758	0.2354	9.1582	1.3302
A	167	HIE	7.2590	2.1200	8.9349	0.3455	8.2914	0.9899
A	168	TRP	5.0122	0.6769	4.8459	1.4039	3.8049	0.9575
A	169	GLY	5.6190	1.6170	6.7718	0.4081	6.4404	0.9804
A	170	LEU	8.9913	0.9424	7.4867	1.2034	7.9242	0.6270
A	171	ASP	6.9545	1.5940	7.7470	1.5728	6.6523	2.4711
A	172	GLU	8.0676	2.6988	8.7997	0.9503	8.9938	0.4567
A	173	PRO	4.4845	1.4782	5.7533	0.3620	3.7861	0.8277
A	174	LEU	8.2422	0.2231	8.5398	0.6821	7.4328	0.6291
A	175	LEU	9.0950	0.6690	9.4713	0.3985	9.1254	0.4307
A	176	LYS	9.5261	0.4941	9.0155	0.6293	8.6361	0.2943
A	177	HIP	8.1432	1.6317	8.0916	1.3354	7.4964	2.3179
A	178	TRP	8.9405	0.2129	8.5306	0.4336	8.2244	0.3729
A	179	GLU	6.7244	0.5265	7.9098	0.0707	7.5786	0.7055
A	180	PHE	6.2470	0.3557	6.9203	1.1551	7.8196	0.7320
A	181	ASP	7.4842	0.2672	7.8850	0.8325	7.9010	0.1082
A	182	ALA	8.7640	0.9928	8.3744	0.7446	8.4755	0.8294
A	183	PRO	4.8142	0.6432	3.4469	0.4603	3.4710	1.3012
A	184	SER	7.6837	2.0028	7.2215	1.3969	8.6604	0.9344
B	5	PRO	3.9602	1.0956	4.0863	0.8672	4.5374	0.8724
B	6	ARG	9.9473	0.1806	9.0372	0.9222	9.4380	0.4060
B	7	PHE	9.3971	0.3186	9.6671	0.3026	9.3788	0.4672
B	8	LEU	9.4371	0.3544	9.8790	0.1059	9.0134	0.2080
B	9	TRP	8.3753	2.2309	9.6059	0.4739	9.5559	0.2908
B	10	GLN	9.2658	0.8694	8.7444	0.6567	9.4554	0.2997
B	11	LEU	9.4824	0.4573	9.4828	0.4317	9.6113	0.2535
B	12	LYS	9.4675	0.1133	9.7495	0.2790	9.7580	0.1376
B	13	PHE	9.8401	0.2047	9.8315	0.0483	9.6552	0.2025
B	14	GLU	9.8152	0.2289	9.3436	0.3611	9.5238	0.3553
B	15	CYX	8.6582	0.5873	8.6244	0.8392	9.5765	0.3980
B	16	HIP	8.1767	1.5559	9.0864	0.4274	9.2874	0.1222
B	17	PHE	8.7092	1.1108	7.8728	0.8629	8.2909	0.8047
B	18	PHE	8.1791	0.3801	8.3594	0.9744	8.7889	0.6429
B	19	ASN	7.4318	1.8967	6.6247	1.4306	7.9782	0.2468
B	20	GLY	3.8574	1.0926	3.3787	1.1022	3.0830	0.7295
B	21	THR	6.8696	1.7467	8.3900	1.1418	8.3213	0.6534
B	22	GLU	9.3482	0.1314	8.6296	1.1975	8.5977	1.3013
B	23	ARG	7.6735	1.8945	2.7706	1.8146	3.0056	0.4511
B	24	VAL	8.4075	2.0484	8.5124	0.5082	9.2821	0.9964
B	25	ARG	8.3635	0.2831	9.3921	0.3594	9.2568	0.7899
B	26	LEU	9.7921	0.3516	9.7953	0.2899	9.8442	0.2614
B	27	LEU	9.7764	0.1379	9.4808	0.3579	8.8450	0.0831
B	28	GLU	9.4372	0.7284	9.5300	0.1403	9.1293	0.9147
B	29	ARG	8.9417	0.8639	8.9836	0.3880	8.2613	0.5826
B	30	CYS	8.8163	0.4537	8.3460	0.3740	9.4527	0.2038
B	31	ILE	9.3174	0.6278	9.1950	0.2015	9.3288	0.1694
B	32	TYR	9.1564	0.3883	9.6927	0.4549	9.2467	0.5696
B	33	ASN	6.5726	0.1304	6.6800	0.3842	6.5547	0.6670
B	34	GLN	7.0865	0.2107	7.3119	0.0369	7.2364	0.0834
B	35	GLU	9.0570	1.3838	9.3859	0.5526	8.8563	0.2725
B	36	GLU	4.9655	0.9155	5.1731	0.7545	3.7415	1.3927
B	37	SER	9.1257	0.3176	8.5417	1.3229	9.1770	0.7395
B	38	VAL	8.2121	0.8223	8.3902	0.0592	8.8015	0.1283
B	39	ARG	9.3922	0.2475	9.1247	0.7083	8.7701	0.2853
B	40	PHE	9.2678	0.4916	8.8782	0.7378	9.4215	0.2926
B	41	ASP	8.3661	0.5182	8.1495	0.6635	8.2270	0.2909
B	42	SER	3.6884	0.4730	4.8488	1.4435	4.0609	0.5687
B	43	ASP	4.8832	0.8715	5.1725	0.4955	4.6023	1.0271
B	44	VAL	8.5991	1.0125	9.1529	0.8385	8.9175	0.7691
B	45	GLY	6.7954	0.4061	7.1328	0.1158	6.8774	0.3173
B	46	GLU	8.0876	0.6254	8.4918	0.4273	8.0930	1.2143
B	47	TYR	5.5753	0.4670	6.2564	0.4348	5.7565	1.1601
B	48	ARG	9.3082	0.3819	9.4106	0.4694	8.7480	0.6318
B	49	ALA	5.7640	0.4644	6.6084	1.1630	7.5807	1.0227
B	50	VAL	9.1231	0.4644	9.5035	0.6763	8.9998	0.7815
B	51	THR	9.5422	0.1077	9.3171	0.3888	9.1752	0.4458
B	52	GLU	4.3301	1.2904	3.1984	0.5920	2.6009	0.4643
B	53	LEU	4.2581	0.4179	3.6824	0.1880	4.1131	1.3917
B	54	GLY	8.4688	0.7515	7.6102	1.0211	8.2323	0.1478
B	55	ARG	2.6322	0.8009	2.0030	0.8237	1.8489	0.6044
B	56	PRO	3.7053	0.8291	3.1736	0.9385	3.5463	0.7255
B	57	ASP	7.0885	0.5740	6.3685	1.3376	7.2767	1.1880
B	58	ALA	3.3087	0.8569	3.5232	0.6616	3.9141	1.2137
B	59	GLU	5.4174	0.1702	6.3526	1.0118	6.4472	0.6590
B	60	TYR	5.2107	2.0535	6.0730	0.7623	6.6478	1.6174
B	61	TRP	5.3106	1.3534	5.2684	1.2038	4.4476	1.3341
B	62	ASN	5.2674	1.1568	5.8358	1.3628	7.2501	2.5990
B	63	SER	5.5978	2.0373	7.8335	0.4345	5.9435	1.5776
B	64	GLN	6.4628	1.4744	7.7690	1.3650	8.1907	1.7811
B	65	LYS	3.2474	0.4734	3.9113	1.0249	3.7765	1.4273
B	66	ASP	4.9093	0.4923	4.8073	1.3069	5.5904	1.9406
B	67	LEU	7.5894	1.1368	5.0311	0.6332	5.4331	0.7119
B	68	LEU	3.7442	1.0781	4.0601	0.2978	4.4402	0.3364
B	69	GLU	4.2023	0.8383	3.9828	0.7694	4.9275	1.3281
B	70	GLN	5.5673	0.3805	4.6854	1.1100	5.2152	1.2258
B	71	ARG	3.7620	0.5178	5.4158	0.6665	4.8799	1.9713
B	72	ARG	5.1684	1.2148	3.6221	1.1793	4.5916	1.6643
B	73	ALA	5.9474	2.8174	5.2315	2.0331	3.7145	0.9569
B	74	ALA	1.9795	1.0201	2.8009	0.3075	5.2212	0.5094
B	75	VAL	2.3900	0.2981	3.8250	1.3138	6.9163	3.4157
B	76	ASP	7.9648	2.1779	7.3394	0.9062	4.6188	1.9436
B	77	THR	4.6134	0.4703	5.5316	0.8342	8.3363	0.3587
B	78	TYR	9.2377	0.6764	7.8674	1.7201	3.9652	0.6230
B	79	CYX	5.2664	1.5918	4.8507	1.4657	4.9595	0.7609
B	80	ARG	3.8206	0.3425	4.0462	0.7043	2.7272	0.8095
B	81	HIP	3.7283	1.3815	7.4820	2.5657	6.9342	2.4928
B	82	MTS	5.5736	1.2649	7.2798	2.5710	6.8598	2.6473
B	83	TYR	4.0901	1.6117	4.7268	1.3219	7.2381	1.9041
B	84	GLY	2.4681	0.9287	5.4108	1.2566	4.8790	1.5306
B	85	VAL	6.1040	0.4344	6.3494	1.3335	7.7624	1.7037
B	86	GLY	6.7892	1.0807	6.5021	2.0096	5.7911	1.8624
B	87	GLU	3.2345	1.6488	4.3101	2.1142	2.4365	0.7877
B	88	SER	5.6426	0.9401	5.1420	2.4236	3.0520	1.3856
B	89	PHE	7.6386	1.2977	7.0946	1.0206	8.0557	1.4084
B	90	THR	8.2704	0.5003	8.0817	2.1618	8.7731	1.7917
B	91	VAL	6.9874	1.1978	7.6384	1.9110	8.0860	1.0508
B	92	GLN	7.2296	0.9101	8.9106	1.1747	6.7304	1.7515
B	93	ARG	5.7272	1.1013	5.9311	0.8057	4.2477	0.4572
B	94	ARG	8.8824	0.5304	8.2989	0.5756	8.4082	0.6895
B	95	VAL	9.2281	0.6246	9.1533	0.3956	8.7666	0.9959
B	96	GLU	7.1915	0.4793	6.8197	0.0647	7.0534	0.3680
B	97	PRO	4.3963	1.5795	4.7330	0.8998	4.6500	0.8241
B	98	LYS	8.8805	0.8888	9.1420	0.6095	8.3928	1.1668
B	99	VAL	9.1640	0.8290	8.9172	0.6345	9.0506	0.2654
B	100	THR	7.8730	0.6943	7.9869	0.5786	8.2773	0.7209
B	101	VAL	9.3772	0.2239	9.4200	0.6068	9.5989	0.2192
B	102	TYR	7.5773	1.2438	7.4232	0.9100	7.7793	0.6580
B	103	PRO	6.0788	0.2378	5.0923	0.8968	5.7918	0.2987
B	104	SER	7.5294	0.6490	8.1170	0.8468	7.2840	0.7527
B	105	LYS	8.7786	1.0705	8.4434	1.0527	9.3078	0.5702
B	106	THR	9.4182	0.6899	9.1700	0.1531	8.6851	1.0764
B	107	GLN	8.7687	0.5167	8.5804	1.1209	6.2372	0.9170
B	108	PRO	3.3338	1.5373	3.4220	1.4422	3.7590	1.0598
B	109	LEU	7.5847	0.5515	7.0033	0.2977	7.2862	0.0273
B	110	GLN	7.1185	0.2238	7.1679	1.0459	8.6190	1.4951
B	111	HIP	4.8401	2.2322	5.8275	1.7273	4.9090	1.5669
B	112	HIE	3.5858	1.7400	5.5812	1.5987	4.2737	1.9561
B	113	ASN	8.0649	1.0813	8.6424	0.4240	7.7457	1.5401
B	114	LEU	8.0002	1.1032	8.1961	0.4616	8.7800	0.8061
B	115	LEU	8.7093	0.3914	8.6004	0.2218	9.0542	0.6944
B	116	VAL	9.5890	0.5103	9.6886	0.0658	9.3176	0.5045
B	117	CYX	9.7122	0.3044	9.5637	0.3817	9.6790	0.1213
B	118	SER	9.6324	0.2241	9.7001	0.1470	9.4859	0.4111
B	119	VAL	9.5296	0.2462	9.5522	0.3733	9.1106	0.6033
B	120	SER	8.5380	0.5035	7.7723	0.7317	7.7635	0.5974
B	121	GLY	5.9457	0.4056	5.8630	0.5140	6.4540	0.8361
B	122	PHE	9.0494	0.1806	9.0655	0.1286	8.9437	0.7421
B	123	TYR	7.3652	0.4744	7.3827	0.6963	7.2528	0.7782
B	124	PRO	5.4158	0.3513	4.7232	0.3657	5.2160	0.6025
B	125	GLY	5.6690	1.7627	5.4383	0.9929	4.5651	1.0453
B	126	SER	6.0871	0.4558	5.0352	1.4096	4.9664	1.3133
B	127	ILE	8.7899	0.5809	8.4286	0.5151	7.9057	0.7569
B	128	GLU	9.8468	0.1667	9.3174	0.4669	8.9699	0.3455
B	129	VAL	9.5666	0.4466	9.8332	0.2747	9.4652	0.3194
B	130	ARG	9.1301	0.5690	8.6426	0.4937	9.1050	0.1722
B	131	TRP	8.9938	1.3241	8.4512	1.0792	9.4764	0.4472
B	132	PHE	9.4991	0.1817	9.7286	0.2596	9.0458	0.5856
B	133	ARG	9.3504	0.6003	9.0580	0.5825	9.2058	0.1370
B	134	ASN	6.9692	0.1542	7.0394	0.2881	6.6605	0.1850
B	135	GLY	6.1790	0.4109	5.8478	1.0596	6.5027	0.1561
B	136	GLN	9.8278	0.0164	9.0184	0.4316	8.7082	0.2158
B	137	GLU	4.5951	1.3686	4.9429	2.0255	4.5861	1.5138
B	138	GLU	7.8697	1.3230	8.8954	0.7074	8.9140	0.7525
B	139	LYS	8.7481	0.6550	9.3461	0.3142	9.3553	0.3369
B	140	ALA	6.6839	1.4166	6.2214	2.1601	7.1379	0.9781
B	141	GLY	6.9523	0.1886	7.2032	0.0592	6.4080	0.7150
B	142	VAL	8.1937	1.4440	6.4916	0.5901	7.2257	0.8629
B	143	VAL	8.6368	0.5980	8.5311	2.0311	8.5738	0.5543
B	144	SER	9.2785	0.8897	9.6882	0.4866	8.4857	0.6129
B	145	THR	8.8659	0.3762	8.7158	1.3854	9.1134	0.5801
B	146	GLY	6.9337	0.4554	3.8801	0.7557	4.8559	1.5683
B	147	LEU	6.6089	1.2187	7.0155	1.3449	8.2831	1.1321
B	148	ILE	8.3485	0.5542	9.1236	0.7034	8.9322	0.7174
B	149	GLN	8.4630	1.5797	8.2990	1.2327	8.4947	0.3303
B	150	ASN	6.5856	1.7685	7.2703	0.8278	7.1678	0.1287
B	151	GLY	6.8085	0.3062	6.8262	0.3256	6.5709	0.4253
B	152	ASP	8.8664	0.8772	8.7031	0.4431	9.1929	0.4440
B	153	TRP	7.1779	0.1397	7.2538	0.1472	7.2083	0.0684
B	154	THR	9.3303	0.9274	8.9530	0.2118	9.0887	0.2061
B	155	PHE	8.2515	0.1884	9.4749	0.5518	8.7783	0.7458
B	156	GLN	8.5189	0.7170	8.7956	0.2924	8.2042	1.1847
B	157	THR	7.0432	0.9042	6.8348	0.5224	7.5437	0.8170
B	158	LEU	8.7335	1.1345	8.7492	0.3832	9.3949	0.5346
B	159	VAL	9.1236	0.7418	9.7023	0.2138	9.7333	0.0184
B	160	MET	9.0962	0.5067	9.1121	0.4244	9.5907	0.2978
B	161	LEU	9.1185	0.3603	8.2480	0.3396	8.6684	0.4307
B	162	GLU	5.5998	1.0735	7.2291	1.1620	5.6152	1.4734
B	163	THR	6.4290	1.3034	6.5403	0.7452	5.8126	0.9311
B	164	VAL	6.3053	0.2764	5.8558	1.8765	5.8795	0.0313
B	165	PRO	5.5063	1.3542	5.0083	0.8792	5.2696	0.4125
B	166	ARG	7.2170	1.9934	7.4132	0.8285	7.2269	1.1210
B	167	SER	6.9353	2.0828	6.8755	1.9650	7.6508	0.4634
B	168	GLY	5.0814	0.7918	4.6972	0.4855	5.8717	0.8057
B	169	GLU	6.9252	1.4586	5.9524	2.1435	7.2338	1.4861
B	170	VAL	9.7971	0.1734	9.9148	0.2161	9.7756	0.0968
B	171	TYR	9.3224	0.8341	9.3915	0.3991	9.1922	1.0120
B	172	THR	9.1660	0.3727	9.1235	0.9129	8.9874	0.2223
B	173	CYX	8.8335	0.4894	8.5909	0.4761	9.3961	0.3671
B	174	GLN	9.7999	0.2354	9.7602	0.1238	9.7552	0.2152
B	175	VAL	9.7055	0.0377	9.5072	0.1853	9.7443	0.2308
B	176	GLU	9.7302	0.2244	9.4881	0.4753	9.6277	0.3839
B	177	HIE	7.4788	0.5035	6.7422	0.5868	7.2461	0.3528
B	178	PRO	3.3065	0.3572	3.2104	0.8540	3.1626	0.2691
B	179	SER	6.2223	0.7016	5.3903	0.4866	5.6929	1.1631
B	180	VAL	9.3382	0.6919	9.5409	0.4410	9.6003	0.3011
B	181	THR	7.2076	0.8870	6.7249	0.8646	7.2485	2.7178
B	182	SER	8.5094	0.8028	9.1082	0.5361	8.0717	0.4474
B	183	PRO	2.8574	0.8749	3.6629	0.2829	3.6734	1.1481
B	184	LEU	8.1691	1.1101	8.4664	0.4638	8.2852	1.4910
B	185	THR	9.6417	0.3642	9.3966	0.5203	8.8846	0.2941
B	186	VAL	8.7056	1.3658	9.1523	0.6121	9.1101	0.5567
B	187	GLU	9.4647	0.2775	9.6086	0.1743	9.0033	0.3855
B	188	TRP	8.6574	1.0992	8.2115	0.6489	8.3931	0.9724
B	189	ARG	9.3903	0.2489	9.4873	0.2028	9.1771	0.2237
B	190	ALA	7.0200	0.6964	7.7211	0.5353	6.8001	2.6972
C	102	LYS	8.4997	2.0621	7.0076	0.2093	0.0000	0.0000
C	103	PRO	4.0826	1.1353	4.0114	1.2705	4.2930	1.2162
C	104	VAL	8.9674	1.1100	8.8547	0.4705	8.3417	0.6968
C	105	SER	8.9170	0.1925	8.0427	0.7664	9.1810	0.6996
C	106	LYS	7.2305	1.3878	8.6148	1.5694	9.2425	1.0405
C	107	TRP	6.6169	1.9418	6.7703	1.4532	7.9567	1.1300
C	108	ARG	8.3939	0.8959	9.0660	0.3647	9.5433	0.3582
C	109	MET	9.7968	0.1927	9.3226	0.5439	9.8526	0.1886
C	110	ALA	8.6448	1.3480	7.1234	1.4245	6.9507	0.7408
C	111	THR	9.5605	0.3547	9.5166	0.4590	9.0986	0.8274
C	112	PRO	5.3065	0.9118	4.5496	0.1631	4.9275	0.4630
C	113	LEU	8.4635	0.5953	9.1538	0.6474	9.3037	0.5817
C	114	LEU	7.2863	0.8611	7.8383	0.7676	6.6550	2.3747
C	115	MET	4.7524	0.6915	5.5854	1.5854	3.7938	0.7165
C	116	GLN	4.8096	1.0748	5.8058	1.3352	7.1950	0.0510
C	117	ALA	5.5060	1.4432	7.2457	1.1355	7.2529	0.8298
C	118	LEU	5.1675	1.2405	7.8134	0.8255	5.5611	1.4868
C	119	PRO	4.4096	0.9856	4.8224	0.9094	4.5624	1.2246
C	120	MET	7.4893	1.7232	8.0284	0.1778	7.5466	0.1849
