seg1	res1	rnm1	bb1	seg2	res2	rnm2	bb2	bN82A.pcca2	bN82A.pcca2	WT.pcca2	WT.pcca2	lsdm	sdiff	score	pval
								mf	sf	mf	sf				
A	44	ARG	0	A	30	GLU	0	0.1111	0.1925	0.7778	0.1925	1	-0.1223	-2.4495	0.0143
A	44	ARG	0	A	133	SER	1	0.0000	0.0000	0.6667	0.0000	1	-0.6667	-inf	0.0000
A	44	ARG	0	B	152	ASP	0	0.7778	0.1925	0.1111	0.1925	1	0.1223	2.4495	0.0143
A	124	ASN	0	A	159	ASP	0	0.5556	0.1925	1.0000	0.0000	1	-0.0595	-2.3094	0.0209
A	130	THR	0	A	150	TYR	1	0.1111	0.1925	0.6667	0.0000	1	-0.1707	-2.8868	0.0039
A	144	LEU	1	A	142	ASP	1	0.3333	0.0000	0.0000	0.0000	1	0.3333	inf	0.0000
B	6	ARG	0	B	4	ARG	1	0.6667	0.0000	1.0000	0.0000	1	-0.3333	-inf	0.0000
B	16	HIP	0	A	4	GLU	0	0.4444	0.1925	1.0000	0.0000	1	-0.1707	-2.8868	0.0039
B	76	ASP	1	B	73	ALA	1	0.6667	0.0000	1.0000	0.0000	1	-0.3333	-inf	0.0000
B	78	TYR	0	A	9	GLN	0	0.0000	0.0000	0.8889	0.1925	1	-0.5040	-4.6188	0.0000
B	80	ARG	0	B	76	ASP	0	0.5556	0.1925	1.0000	0.0000	1	-0.0595	-2.3094	0.0209
B	81	HIP	0	C	106	LYS	1	0.0000	0.0000	0.4444	0.1925	1	-0.0595	-2.3094	0.0209
B	81	HIP	1	B	76	ASP	1	0.0000	0.0000	0.7778	0.1925	1	-0.3929	-4.0415	0.0001
B	82	MTS	0	C	108	ARG	1	0.0000	0.0000	0.8889	0.1925	1	-0.5040	-4.6188	0.0000
B	83	TYR	0	B	87	GLU	0	0.0000	0.0000	0.4444	0.1925	1	-0.0595	-2.3094	0.0209
B	111	HIP	0	A	184	SER	0	0.1111	0.1925	0.6667	0.0000	1	-0.1707	-2.8868	0.0039
B	145	THR	1	B	158	LEU	1	0.7778	0.1925	0.3333	0.0000	1	0.0595	2.3094	0.0209
B	157	THR	0	B	146	GLY	1	0.5556	0.1925	1.0000	0.0000	1	-0.0595	-2.3094	0.0209
B	179	SER	0	B	177	HIE	0	0.3333	0.0000	0.0000	0.0000	1	0.3333	inf	0.0000
C	108	ARG	1	B	82	MTS	0	0.0000	0.0000	0.8889	0.1925	1	-0.5040	-4.6188	0.0000
