seg1	res1	rnm1	bb1	seg2	res2	rnm2	bb2	aT41A.pcca1	aT41A.pcca1	WT.pcca2	WT.pcca2	lsdm	sdiff	score	pval
								mf	sf	mf	sf				
A	44	ARG	0	A	133	SER	1	0.1111	0.1925	0.6667	0.0000	1	-0.1707	-2.8868	0.0039
A	57	GLN	0	A	55	GLU	0	0.3333	0.0000	0.0000	0.0000	1	0.3333	inf	0.0000
A	59	ALA	1	A	55	GLU	1	0.3333	0.0000	0.0000	0.0000	1	0.3333	inf	0.0000
A	130	THR	0	A	150	TYR	1	0.2222	0.1925	0.6667	0.0000	1	-0.0595	-2.3094	0.0209
A	156	SER	0	A	158	GLU	0	0.0000	0.0000	0.3333	0.0000	1	-0.3333	-inf	0.0000
B	6	ARG	0	B	4	ARG	1	0.4444	0.1925	1.0000	0.0000	1	-0.1707	-2.8868	0.0039
B	25	ARG	0	B	41	ASP	0	0.4444	0.1925	1.0000	0.0000	1	-0.1707	-2.8868	0.0039
B	36	GLU	1	B	35	GLU	0	0.3333	0.0000	0.0000	0.0000	1	0.3333	inf	0.0000
B	43	ASP	1	B	41	ASP	0	0.6667	0.0000	1.0000	0.0000	1	-0.3333	-inf	0.0000
B	67	LEU	1	B	64	GLN	1	0.3333	0.0000	0.7778	0.1925	1	-0.0595	-2.3094	0.0209
B	76	ASP	1	B	73	ALA	1	0.1111	0.1925	1.0000	0.0000	1	-0.5040	-4.6188	0.0000
B	77	THR	1	B	73	ALA	1	0.1111	0.1925	0.8889	0.1925	1	-0.2334	-2.8577	0.0043
B	78	TYR	0	A	9	GLN	0	0.0000	0.0000	0.8889	0.1925	1	-0.5040	-4.6188	0.0000
B	79	CYX	1	B	74	ALA	1	0.1111	0.1925	0.8889	0.1925	1	-0.2334	-2.8577	0.0043
B	80	ARG	0	B	76	ASP	1	0.5556	0.1925	0.0000	0.0000	1	0.1707	2.8868	0.0039
B	80	ARG	1	B	75	VAL	1	0.1111	0.1925	0.8889	0.1925	1	-0.2334	-2.8577	0.0043
B	81	HIP	1	B	76	ASP	1	0.0000	0.0000	0.7778	0.1925	1	-0.3929	-4.0415	0.0001
B	83	TYR	0	B	87	GLU	0	0.0000	0.0000	0.4444	0.1925	1	-0.0595	-2.3094	0.0209
B	84	GLY	1	B	80	ARG	1	0.1111	0.1925	0.8889	0.1925	1	-0.2334	-2.8577	0.0043
B	86	GLY	1	B	83	TYR	1	0.0000	0.0000	0.4444	0.1925	1	-0.0595	-2.3094	0.0209
B	92	GLN	0	B	87	GLU	0	0.3333	0.0000	0.0000	0.0000	1	0.3333	inf	0.0000
B	142	VAL	1	B	139	LYS	1	0.4444	0.1925	0.0000	0.0000	1	0.0595	2.3094	0.0209
B	145	THR	1	B	158	LEU	1	0.6667	0.0000	0.3333	0.0000	1	0.3333	inf	0.0000
B	157	THR	0	B	146	GLY	1	0.5556	0.1925	1.0000	0.0000	1	-0.0595	-2.3094	0.0209
C	117	ALA	1	C	114	LEU	1	0.4444	0.1925	0.0000	0.0000	1	0.0595	2.3094	0.0209
