seg1	res1	rnm1	bb1	seg2	res2	rnm2	bb2	aT41A.pcca1	aT41A.pcca1	bN82A.pcca2	bN82A.pcca2	lsdm	sdiff	score	pval
								mf	sf	mf	sf				
A	41	THR	0	A	54	PHE	1	0.0000	0.0000	0.6667	0.0000	1	-0.6667	-inf	0.0000
A	76	ARG	0	C	116	GLN	1	0.0000	0.0000	0.7778	0.1925	1	-0.3929	-4.0415	0.0001
A	118	ASN	0	A	166	GLU	0	0.3333	0.0000	0.0000	0.0000	1	0.3333	inf	0.0000
B	23	ARG	1	B	22	GLU	0	0.4444	0.1925	0.0000	0.0000	1	0.0595	2.3094	0.0209
B	26	LEU	1	B	42	SER	0	0.5556	0.1925	1.0000	0.0000	1	-0.0595	-2.3094	0.0209
B	36	GLU	1	B	35	GLU	0	0.3333	0.0000	0.0000	0.0000	1	0.3333	inf	0.0000
B	47	TYR	1	B	62	ASN	0	0.2222	0.1925	0.8889	0.1925	1	-0.1223	-2.4495	0.0143
B	63	SER	0	B	59	GLU	1	0.3333	0.3333	1.0000	0.0000	1	-0.0000	-2.0000	0.0455
B	67	LEU	1	B	64	GLN	1	0.3333	0.0000	0.6667	0.0000	1	-0.3333	-inf	0.0000
B	69	GLU	1	B	66	ASP	1	0.3333	0.0000	0.0000	0.0000	1	0.3333	inf	0.0000
B	71	ARG	0	B	47	TYR	0	0.2222	0.1925	0.6667	0.0000	1	-0.0595	-2.3094	0.0209
B	76	ASP	1	B	73	ALA	1	0.1111	0.1925	0.6667	0.0000	1	-0.1707	-2.8868	0.0039
B	80	ARG	0	B	76	ASP	1	0.5556	0.1925	0.0000	0.0000	1	0.1707	2.8868	0.0039
B	80	ARG	1	B	75	VAL	1	0.1111	0.1925	0.8889	0.1925	1	-0.2334	-2.8577	0.0043
B	82	MTS	0	C	108	ARG	1	1.0000	0.0000	0.0000	0.0000	1	1.0000	inf	0.0000
B	86	GLY	1	B	83	TYR	1	0.0000	0.0000	0.4444	0.1925	1	-0.0595	-2.3094	0.0209
B	89	PHE	1	B	86	GLY	1	0.6667	0.0000	0.3333	0.0000	1	0.3333	inf	0.0000
B	90	THR	0	B	86	GLY	1	0.3333	0.0000	0.7778	0.1925	1	-0.0595	-2.3094	0.0209
B	91	VAL	1	B	87	GLU	1	0.8889	0.1925	0.3333	0.0000	1	0.1707	2.8868	0.0039
B	107	GLN	1	B	110	GLN	0	0.0000	0.0000	0.5556	0.1925	1	-0.1707	-2.8868	0.0039
B	131	TRP	0	B	160	MET	1	0.0000	0.0000	0.5556	0.1925	1	-0.1707	-2.8868	0.0039
C	108	ARG	1	B	82	MTS	0	1.0000	0.0000	0.0000	0.0000	1	1.0000	inf	0.0000
C	117	ALA	1	C	114	LEU	1	0.4444	0.1925	0.0000	0.0000	1	0.0595	2.3094	0.0209
