seg1	res1	rnm1	bb1	seg2	res2	rnm2	bb2	WT.pcca2	WT.pcca2	bN82A.pcca2	bN82A.pcca2	aT41A.pcca1	aT41A.pcca1
								mf	sf	mf	sf	mf	sf
A	4	GLU	1	A	4	GLU	1	0.1111	0.1925	0.0000	0.0000	0.0000	0.0000
A	4	GLU	1	A	27	ASP	0	0.1111	0.1925	0.0000	0.0000	0.0000	0.0000
A	5	HIP	0	A	27	ASP	0	0.4444	0.5092	0.4444	0.1925	0.6667	0.0000
A	5	HIP	0	B	87	GLU	0	0.0000	0.0000	0.1111	0.1925	0.0000	0.0000
A	5	HIP	1	A	4	GLU	0	0.1111	0.1925	0.0000	0.0000	0.0000	0.0000
A	5	HIP	1	B	17	PHE	1	0.8889	0.1925	0.7778	0.1925	0.6667	0.0000
A	6	VAL	1	A	4	GLU	1	0.1111	0.1925	0.0000	0.0000	0.0000	0.0000
A	6	VAL	1	A	27	ASP	0	0.1111	0.1925	0.3333	0.0000	0.3333	0.0000
A	7	ILE	1	B	15	CYX	1	1.0000	0.0000	1.0000	0.0000	0.8889	0.1925
A	7	ILE	1	B	83	TYR	0	0.0000	0.0000	0.0000	0.0000	0.1111	0.1925
A	8	ILE	1	A	25	ASH	1	1.0000	0.0000	1.0000	0.0000	1.0000	0.0000
A	9	GLN	0	A	11	GLH	0	0.7778	0.3849	0.8889	0.1925	0.7778	0.1925
A	9	GLN	0	C	110	ALA	1	1.0000	0.0000	1.0000	0.0000	1.0000	0.0000
A	9	GLN	1	B	13	PHE	1	1.0000	0.0000	1.0000	0.0000	1.0000	0.0000
A	10	ALA	1	A	23	MET	1	1.0000	0.0000	1.0000	0.0000	0.8889	0.1925
A	12	PHE	1	A	21	GLH	1	1.0000	0.0000	0.7778	0.1925	1.0000	0.0000
A	13	TYR	1	B	9	TRP	1	1.0000	0.0000	1.0000	0.0000	1.0000	0.0000
A	14	LEU	1	A	19	SER	1	1.0000	0.0000	1.0000	0.0000	1.0000	0.0000
A	15	ASN	0	A	18	GLN	0	0.4444	0.5092	0.7778	0.1925	0.4444	0.3849
A	15	ASN	1	B	7	PHE	1	1.0000	0.0000	1.0000	0.0000	1.0000	0.0000
A	17	ASP	1	A	17	ASP	0	0.3333	0.0000	0.5556	0.1925	0.3333	0.0000
A	18	GLN	0	A	13	TYR	0	0.0000	0.0000	0.0000	0.0000	0.1111	0.1925
A	18	GLN	1	A	14	LEU	1	0.2222	0.3849	0.2222	0.1925	0.5556	0.3849
A	18	GLN	1	A	16	PRO	1	0.0000	0.0000	0.2222	0.1925	0.0000	0.0000
A	18	GLN	1	A	18	GLN	0	0.0000	0.0000	0.1111	0.1925	0.0000	0.0000
A	19	SER	0	A	17	ASP	0	0.1111	0.1925	0.0000	0.0000	0.1111	0.1925
A	19	SER	0	A	17	ASP	1	0.3333	0.5774	0.4444	0.1925	0.1111	0.1925
A	19	SER	0	A	18	GLN	1	0.0000	0.0000	0.0000	0.0000	0.1111	0.1925
A	19	SER	1	A	14	LEU	1	0.6667	0.3333	0.5556	0.1925	0.6667	0.3333
A	19	SER	1	A	17	ASP	1	0.0000	0.0000	0.1111	0.1925	0.0000	0.0000
A	22	PHE	1	A	34	VAL	1	0.4444	0.5092	0.3333	0.3333	0.5556	0.5092
A	23	MET	1	A	10	ALA	1	0.7778	0.1925	1.0000	0.0000	0.8889	0.1925
A	24	PHE	1	A	32	PHE	1	1.0000	0.0000	1.0000	0.0000	1.0000	0.0000
A	26	PHE	1	A	29	ASH	1	0.8889	0.1925	1.0000	0.0000	1.0000	0.0000
A	27	ASP	1	A	6	VAL	1	0.8889	0.1925	0.6667	0.0000	0.7778	0.1925
A	28	GLY	1	A	25	ASH	0	0.4444	0.3849	0.6667	0.0000	0.6667	0.3333
A	28	GLY	1	A	26	PHE	1	0.0000	0.0000	0.1111	0.1925	0.1111	0.1925
A	30	GLU	1	A	29	ASH	0	0.4444	0.1925	0.6667	0.3333	0.4444	0.1925
A	31	ILE	1	A	24	PHE	1	1.0000	0.0000	1.0000	0.0000	1.0000	0.0000
A	32	PHE	1	A	24	PHE	1	0.0000	0.0000	0.1111	0.1925	0.2222	0.3849
A	33	HIP	0	A	30	GLU	0	1.0000	0.0000	1.0000	0.0000	1.0000	0.0000
A	33	HIP	0	A	134	GLU	0	0.2222	0.1925	0.1111	0.1925	0.3333	0.3333
A	33	HIP	1	A	42	VAL	1	1.0000	0.0000	1.0000	0.0000	1.0000	0.0000
A	34	VAL	1	A	22	PHE	1	1.0000	0.0000	0.8889	0.1925	1.0000	0.0000
A	35	ASP	1	A	40	GLU	1	0.5556	0.5092	0.6667	0.3333	0.4444	0.5092
A	36	MET	1	A	20	GLY	1	0.4444	0.5092	0.3333	0.3333	0.4444	0.3849
A	37	ALA	1	A	35	ASP	0	0.8889	0.1925	0.8889	0.1925	0.7778	0.1925
A	38	LYS	0	A	35	ASP	0	0.0000	0.0000	0.1111	0.1925	0.1111	0.1925
A	38	LYS	0	A	40	GLU	0	0.0000	0.0000	0.3333	0.3333	0.1111	0.1925
A	38	LYS	0	A	134	GLU	0	0.4444	0.1925	0.2222	0.1925	0.2222	0.3849
A	38	LYS	1	A	35	ASP	0	0.5556	0.5092	0.6667	0.3333	0.4444	0.3849
A	38	LYS	1	A	35	ASP	1	0.2222	0.1925	0.3333	0.3333	0.3333	0.0000
A	39	LYS	0	A	36	MET	1	0.2222	0.3849	0.2222	0.3849	0.1111	0.1925
A	39	LYS	1	A	35	ASP	1	0.5556	0.5092	1.0000	0.0000	0.6667	0.3333
A	40	GLU	1	A	35	ASP	1	0.4444	0.3849	0.1111	0.1925	0.1111	0.1925
A	40	GLU	1	A	38	LYS	1	0.0000	0.0000	0.0000	0.0000	0.1111	0.1925
A	41	THR	0	A	54	PHE	1	0.2222	0.3849	0.6667	0.0000	0.0000	0.0000
A	41	THR	1	A	40	GLU	0	0.2222	0.3849	0.1111	0.1925	0.0000	0.0000
A	42	VAL	1	A	33	HIP	1	1.0000	0.0000	1.0000	0.0000	1.0000	0.0000
A	44	ARG	0	A	30	GLU	0	0.7778	0.1925	0.1111	0.1925	0.4444	0.1925
A	44	ARG	0	A	133	SER	1	0.6667	0.0000	0.0000	0.0000	0.1111	0.1925
A	44	ARG	0	A	134	GLU	0	0.1111	0.1925	0.0000	0.0000	0.0000	0.0000
A	44	ARG	0	A	134	GLU	1	0.6667	0.3333	0.1111	0.1925	0.4444	0.1925
A	44	ARG	0	A	150	TYR	0	0.1111	0.1925	0.0000	0.0000	0.2222	0.1925
A	44	ARG	0	B	151	GLY	1	0.1111	0.1925	0.3333	0.3333	0.3333	0.3333
A	44	ARG	0	B	152	ASP	0	0.1111	0.1925	0.7778	0.1925	0.5556	0.1925
A	44	ARG	1	A	30	GLU	0	0.0000	0.0000	0.0000	0.0000	0.1111	0.1925
A	44	ARG	1	A	31	ILE	1	1.0000	0.0000	1.0000	0.0000	0.8889	0.1925
A	45	LEU	1	A	31	ILE	1	0.2222	0.1925	0.6667	0.5774	0.2222	0.3849
A	46	GLU	1	A	44	ARG	1	0.3333	0.3333	0.5556	0.1925	0.1111	0.1925
A	48	PHE	1	A	45	LEU	1	0.7778	0.1925	0.6667	0.5774	0.5556	0.1925
A	49	GLY	1	A	45	LEU	1	0.6667	0.0000	0.8889	0.1925	0.7778	0.1925
A	49	GLY	1	A	46	GLU	1	0.0000	0.0000	0.1111	0.1925	0.1111	0.1925
A	50	ARG	0	A	46	GLU	0	0.5556	0.5092	0.4444	0.5092	0.6667	0.3333
A	50	ARG	0	A	47	GLU	0	0.3333	0.3333	0.4444	0.1925	0.5556	0.1925
A	50	ARG	1	A	46	GLU	1	0.4444	0.1925	0.3333	0.0000	0.3333	0.0000
A	50	ARG	1	A	47	GLU	1	0.2222	0.3849	0.5556	0.1925	0.4444	0.1925
A	50	ARG	1	A	48	PHE	1	0.0000	0.0000	0.0000	0.0000	0.1111	0.1925
A	51	PHE	1	A	47	GLU	1	0.1111	0.1925	0.0000	0.0000	0.0000	0.0000
A	51	PHE	1	A	48	PHE	1	0.8889	0.1925	1.0000	0.0000	1.0000	0.0000
A	52	ALA	1	A	48	PHE	1	1.0000	0.0000	1.0000	0.0000	1.0000	0.0000
A	53	SER	0	A	53	SER	1	0.0000	0.0000	0.1111	0.1925	0.0000	0.0000
A	53	SER	0	C	102	LYS	1	0.1111	0.1925	0.0000	0.0000	0.0000	0.0000
A	53	SER	0	C	105	SER	1	0.1111	0.1925	0.3333	0.3333	0.3333	0.3333
A	53	SER	1	C	105	SER	1	0.6667	0.5774	0.5556	0.1925	0.6667	0.0000
A	56	ALA	1	A	54	PHE	1	0.0000	0.0000	0.0000	0.0000	0.1111	0.1925
A	56	ALA	1	A	55	GLU	0	0.0000	0.0000	0.1111	0.1925	0.0000	0.0000
A	57	GLN	0	A	55	GLU	0	0.0000	0.0000	0.1111	0.1925	0.3333	0.0000
A	57	GLN	1	A	55	GLU	0	0.0000	0.0000	0.1111	0.1925	0.1111	0.1925
A	57	GLN	1	A	55	GLU	1	0.1111	0.1925	0.0000	0.0000	0.0000	0.0000
A	57	GLN	1	A	57	GLN	0	0.2222	0.3849	0.3333	0.3333	0.2222	0.1925
A	58	GLY	1	A	39	LYS	1	0.1111	0.1925	0.0000	0.0000	0.0000	0.0000
A	58	GLY	1	A	55	GLU	1	0.4444	0.5092	0.6667	0.3333	0.6667	0.3333
A	59	ALA	1	A	55	GLU	1	0.0000	0.0000	0.1111	0.1925	0.3333	0.0000
A	59	ALA	1	A	56	ALA	1	0.5556	0.5092	0.5556	0.1925	0.3333	0.0000
A	60	LEU	1	A	56	ALA	1	0.7778	0.1925	0.8889	0.1925	0.7778	0.1925
A	60	LEU	1	A	57	GLN	1	0.1111	0.1925	0.0000	0.0000	0.1111	0.1925
A	61	ALA	1	A	57	GLN	1	0.7778	0.1925	0.7778	0.1925	0.5556	0.3849
A	61	ALA	1	A	58	GLY	1	0.2222	0.1925	0.0000	0.0000	0.1111	0.1925
A	62	ASN	0	A	11	GLH	0	1.0000	0.0000	0.5556	0.5092	0.6667	0.5774
A	62	ASN	0	C	110	ALA	1	0.6667	0.0000	0.6667	0.3333	0.6667	0.3333
A	62	ASN	1	A	58	GLY	1	0.5556	0.1925	0.7778	0.1925	0.6667	0.3333
A	62	ASN	1	A	59	ALA	1	0.3333	0.3333	0.1111	0.1925	0.4444	0.3849
A	63	ILE	1	A	59	ALA	1	0.8889	0.1925	0.8889	0.1925	0.8889	0.1925
A	64	ALA	1	A	60	LEU	1	0.3333	0.3333	0.5556	0.1925	0.6667	0.5774
A	64	ALA	1	A	61	ALA	1	0.1111	0.1925	0.0000	0.0000	0.3333	0.5774
A	65	VAL	1	A	62	ASN	1	0.8889	0.1925	1.0000	0.0000	1.0000	0.0000
A	66	ASP	1	A	62	ASN	1	0.8889	0.1925	0.7778	0.1925	0.4444	0.1925
A	67	LYS	0	A	13	TYR	0	0.0000	0.0000	0.2222	0.1925	0.0000	0.0000
A	67	LYS	0	A	71	GLU	0	0.3333	0.3333	0.0000	0.0000	0.1111	0.1925
A	67	LYS	1	A	63	ILE	1	1.0000	0.0000	0.8889	0.1925	1.0000	0.0000
A	67	LYS	1	A	64	ALA	1	0.0000	0.0000	0.1111	0.1925	0.0000	0.0000
A	68	ALA	1	A	64	ALA	1	0.4444	0.1925	0.6667	0.0000	0.5556	0.3849
A	68	ALA	1	A	65	VAL	1	0.2222	0.1925	0.2222	0.1925	0.4444	0.1925
A	69	ASN	0	C	113	LEU	1	1.0000	0.0000	1.0000	0.0000	0.8889	0.1925
A	69	ASN	1	A	65	VAL	1	1.0000	0.0000	1.0000	0.0000	1.0000	0.0000
A	69	ASN	1	A	66	ASP	1	0.0000	0.0000	0.1111	0.1925	0.0000	0.0000
A	70	LEU	1	A	66	ASP	1	1.0000	0.0000	0.8889	0.1925	1.0000	0.0000
A	70	LEU	1	A	67	LYS	1	0.0000	0.0000	0.1111	0.1925	0.0000	0.0000
A	71	GLU	1	A	67	LYS	1	0.5556	0.1925	0.5556	0.1925	0.5556	0.5092
A	71	GLU	1	A	68	ALA	1	0.0000	0.0000	0.1111	0.1925	0.2222	0.1925
A	72	ILE	1	A	68	ALA	1	0.4444	0.5092	0.4444	0.3849	0.2222	0.1925
A	72	ILE	1	A	69	ASN	1	0.5556	0.5092	0.4444	0.1925	0.5556	0.3849
A	73	MET	1	A	69	ASN	1	1.0000	0.0000	1.0000	0.0000	1.0000	0.0000
A	74	THR	0	A	70	LEU	1	1.0000	0.0000	0.8889	0.1925	0.7778	0.3849
A	74	THR	1	A	70	LEU	1	1.0000	0.0000	1.0000	0.0000	0.8889	0.1925
A	75	LYS	0	A	71	GLU	0	0.1111	0.1925	0.1111	0.1925	0.2222	0.3849
A	75	LYS	0	A	71	GLU	1	0.0000	0.0000	0.3333	0.3333	0.3333	0.3333
A	75	LYS	0	A	79	TYR	0	0.1111	0.1925	0.0000	0.0000	0.0000	0.0000
A	75	LYS	1	A	71	GLU	1	0.2222	0.3849	0.0000	0.0000	0.1111	0.1925
A	75	LYS	1	A	72	ILE	1	0.4444	0.1925	0.3333	0.0000	0.3333	0.3333
A	75	LYS	1	A	74	THR	0	0.0000	0.0000	0.0000	0.0000	0.1111	0.1925
A	76	ARG	0	B	53	LEU	1	1.0000	0.0000	0.8889	0.1925	1.0000	0.0000
A	76	ARG	0	B	57	ASP	0	1.0000	0.0000	1.0000	0.0000	1.0000	0.0000
A	76	ARG	0	C	116	GLN	1	0.6667	0.3333	0.7778	0.1925	0.0000	0.0000
A	76	ARG	1	A	72	ILE	1	1.0000	0.0000	1.0000	0.0000	1.0000	0.0000
A	77	SER	0	A	73	MET	1	0.8889	0.1925	1.0000	0.0000	0.7778	0.1925
A	77	SER	0	A	74	THR	1	0.0000	0.0000	0.0000	0.0000	0.1111	0.1925
A	77	SER	0	B	32	TYR	0	0.0000	0.0000	0.0000	0.0000	0.1111	0.1925
A	77	SER	1	A	73	MET	1	1.0000	0.0000	0.8889	0.1925	1.0000	0.0000
A	77	SER	1	A	74	THR	1	0.0000	0.0000	0.0000	0.0000	0.2222	0.1925
A	78	ASN	0	A	78	ASN	1	0.0000	0.0000	0.0000	0.0000	0.1111	0.1925
A	78	ASN	1	A	75	LYS	1	0.8889	0.1925	0.8889	0.1925	0.6667	0.3333
A	78	ASN	1	A	76	ARG	1	0.0000	0.0000	0.0000	0.0000	0.2222	0.1925
A	79	TYR	1	A	74	THR	1	1.0000	0.0000	1.0000	0.0000	0.8889	0.1925
A	80	THR	0	A	77	SER	1	0.7778	0.3849	0.7778	0.1925	0.7778	0.1925
A	80	THR	1	A	77	SER	0	0.0000	0.0000	0.0000	0.0000	0.1111	0.1925
A	80	THR	1	A	77	SER	1	0.5556	0.1925	0.6667	0.3333	0.6667	0.3333
A	82	ILE	1	B	6	ARG	1	1.0000	0.0000	1.0000	0.0000	1.0000	0.0000
A	83	THR	0	B	33	ASN	0	0.0000	0.0000	0.0000	0.0000	0.2222	0.3849
A	83	THR	1	B	33	ASN	0	0.0000	0.0000	0.0000	0.0000	0.2222	0.3849
A	84	ASN	0	A	168	TRP	1	0.7778	0.3849	1.0000	0.0000	1.0000	0.0000
A	85	VAL	1	A	84	ASN	0	0.2222	0.1925	0.0000	0.0000	0.1111	0.1925
A	85	VAL	1	A	113	THR	1	1.0000	0.0000	1.0000	0.0000	1.0000	0.0000
A	88	GLU	1	A	110	ASP	1	1.0000	0.0000	1.0000	0.0000	1.0000	0.0000
A	89	VAL	1	A	88	GLU	0	0.1111	0.1925	0.1111	0.1925	0.0000	0.0000
A	90	THR	0	A	89	VAL	1	0.0000	0.0000	0.0000	0.0000	0.1111	0.1925
A	90	THR	1	A	108	PHE	1	1.0000	0.0000	1.0000	0.0000	1.0000	0.0000
A	92	LEU	1	A	106	ILE	1	1.0000	0.0000	1.0000	0.0000	1.0000	0.0000
A	93	THR	0	A	95	SER	1	0.6667	0.3333	0.3333	0.3333	0.3333	0.3333
A	94	ASN	0	A	95	SER	0	0.0000	0.0000	0.1111	0.1925	0.0000	0.0000
A	94	ASN	1	A	104	VAL	1	1.0000	0.0000	1.0000	0.0000	1.0000	0.0000
A	95	SER	0	A	94	ASN	0	0.0000	0.0000	0.0000	0.0000	0.1111	0.1925
A	95	SER	0	A	94	ASN	1	0.1111	0.1925	0.1111	0.1925	0.0000	0.0000
A	95	SER	1	A	103	ASN	0	0.8889	0.1925	0.6667	0.0000	0.3333	0.3333
A	97	VAL	1	B	118	SER	0	0.1111	0.1925	0.0000	0.0000	0.0000	0.0000
A	98	GLU	1	A	96	PRO	1	0.1111	0.1925	0.0000	0.0000	0.0000	0.0000
A	99	LEU	1	A	98	GLU	0	0.2222	0.3849	0.2222	0.1925	0.4444	0.1925
A	100	ARG	0	A	157	THR	0	0.0000	0.0000	0.1111	0.1925	0.1111	0.1925
A	100	ARG	0	A	158	GLU	0	0.6667	0.3333	0.4444	0.3849	0.3333	0.3333
A	100	ARG	1	A	155	PRO	1	0.8889	0.1925	0.6667	0.3333	0.7778	0.1925
A	101	GLU	1	A	98	GLU	1	0.7778	0.1925	0.5556	0.1925	0.7778	0.1925
A	101	GLU	1	A	99	LEU	1	0.1111	0.1925	0.1111	0.1925	0.1111	0.1925
A	103	ASN	0	A	95	SER	1	0.8889	0.1925	1.0000	0.0000	0.8889	0.1925
A	103	ASN	1	A	153	PHE	1	1.0000	0.0000	0.8889	0.1925	1.0000	0.0000
A	104	VAL	1	A	103	ASN	0	1.0000	0.0000	1.0000	0.0000	1.0000	0.0000
A	105	LEU	1	A	151	LEU	1	1.0000	0.0000	1.0000	0.0000	1.0000	0.0000
A	106	ILE	1	A	92	LEU	1	1.0000	0.0000	1.0000	0.0000	1.0000	0.0000
A	107	CYX	1	A	149	HIE	1	1.0000	0.0000	1.0000	0.0000	1.0000	0.0000
A	108	PHE	1	A	90	THR	1	1.0000	0.0000	1.0000	0.0000	1.0000	0.0000
A	109	ILE	1	A	147	LYS	1	1.0000	0.0000	1.0000	0.0000	1.0000	0.0000
A	110	ASP	1	A	88	GLU	1	0.8889	0.1925	1.0000	0.0000	1.0000	0.0000
A	111	LYS	0	A	86	PRO	1	0.0000	0.0000	0.1111	0.1925	0.0000	0.0000
A	111	LYS	0	A	88	GLU	0	0.5556	0.5092	0.6667	0.3333	0.2222	0.1925
A	111	LYS	0	A	110	ASP	0	0.1111	0.1925	0.2222	0.1925	0.1111	0.1925
A	111	LYS	0	A	111	LYS	1	0.1111	0.1925	0.2222	0.1925	0.1111	0.1925
A	111	LYS	1	A	110	ASP	0	1.0000	0.0000	0.8889	0.1925	1.0000	0.0000
A	112	PHE	1	A	110	ASP	1	0.0000	0.0000	0.1111	0.1925	0.0000	0.0000
A	112	PHE	1	A	145	PHE	1	0.6667	0.3333	0.4444	0.3849	0.6667	0.3333
A	113	THR	0	B	34	GLN	0	0.0000	0.0000	0.0000	0.0000	0.1111	0.1925
A	113	THR	1	A	85	VAL	1	0.8889	0.1925	0.8889	0.1925	0.8889	0.1925
A	116	VAL	1	A	114	PRO	1	0.8889	0.1925	1.0000	0.0000	0.8889	0.1925
A	117	VAL	1	A	115	PRO	1	0.1111	0.1925	0.0000	0.0000	0.0000	0.0000
A	118	ASN	0	A	166	GLU	0	0.3333	0.3333	0.0000	0.0000	0.3333	0.0000
A	118	ASN	0	A	166	GLU	1	0.0000	0.0000	0.1111	0.1925	0.0000	0.0000
A	118	ASN	1	A	166	GLU	1	1.0000	0.0000	1.0000	0.0000	0.8889	0.1925
A	119	VAL	1	A	118	ASN	0	0.2222	0.1925	0.3333	0.0000	0.1111	0.1925
A	120	THR	0	A	119	VAL	1	0.1111	0.1925	0.1111	0.1925	0.0000	0.0000
A	120	THR	0	A	166	GLU	0	0.1111	0.1925	0.0000	0.0000	0.1111	0.1925
A	120	THR	1	A	164	ARG	1	1.0000	0.0000	1.0000	0.0000	1.0000	0.0000
A	121	TRP	0	A	105	LEU	1	0.0000	0.0000	0.0000	0.0000	0.1111	0.1925
A	121	TRP	0	A	149	HIE	0	0.4444	0.1925	0.5556	0.5092	0.2222	0.3849
A	121	TRP	0	A	150	TYR	1	0.2222	0.3849	0.1111	0.1925	0.2222	0.1925
A	121	TRP	1	A	120	THR	0	0.1111	0.1925	0.0000	0.0000	0.0000	0.0000
A	121	TRP	1	A	129	THR	1	0.0000	0.0000	0.0000	0.0000	0.1111	0.1925
A	122	LEU	1	A	162	ASP	1	1.0000	0.0000	1.0000	0.0000	1.0000	0.0000
A	123	ARG	0	A	159	ASP	0	1.0000	0.0000	0.7778	0.1925	1.0000	0.0000
A	123	ARG	0	A	161	TYR	0	0.0000	0.0000	0.1111	0.1925	0.0000	0.0000
A	123	ARG	1	A	126	LYS	1	1.0000	0.0000	1.0000	0.0000	1.0000	0.0000
A	124	ASN	0	A	158	GLU	1	0.0000	0.0000	0.1111	0.1925	0.0000	0.0000
A	124	ASN	0	A	159	ASP	0	1.0000	0.0000	0.5556	0.1925	0.6667	0.3333
A	124	ASN	1	A	160	VAL	1	1.0000	0.0000	1.0000	0.0000	1.0000	0.0000
A	126	LYS	0	A	124	ASN	1	0.2222	0.1925	0.1111	0.1925	0.0000	0.0000
A	126	LYS	1	A	123	ARG	1	1.0000	0.0000	1.0000	0.0000	1.0000	0.0000
A	126	LYS	1	A	124	ASN	1	0.0000	0.0000	0.1111	0.1925	0.0000	0.0000
A	128	VAL	1	A	121	TRP	1	1.0000	0.0000	0.5556	0.3849	0.6667	0.3333
A	129	THR	0	A	129	THR	1	0.0000	0.0000	0.1111	0.1925	0.0000	0.0000
A	129	THR	0	A	150	TYR	1	0.0000	0.0000	0.0000	0.0000	0.1111	0.1925
A	130	THR	0	A	131	GLY	1	0.1111	0.1925	0.0000	0.0000	0.0000	0.0000
A	130	THR	0	A	150	TYR	1	0.6667	0.0000	0.1111	0.1925	0.2222	0.1925
A	130	THR	1	A	128	VAL	1	0.1111	0.1925	0.0000	0.0000	0.0000	0.0000
A	130	THR	1	A	129	THR	1	0.0000	0.0000	0.1111	0.1925	0.0000	0.0000
A	131	GLY	1	A	119	VAL	1	0.0000	0.0000	0.0000	0.0000	0.1111	0.1925
A	131	GLY	1	A	128	VAL	1	0.0000	0.0000	0.0000	0.0000	0.1111	0.1925
A	131	GLY	1	A	130	THR	0	0.0000	0.0000	0.0000	0.0000	0.1111	0.1925
A	132	VAL	1	A	130	THR	1	0.0000	0.0000	0.1111	0.1925	0.3333	0.3333
A	132	VAL	1	A	150	TYR	1	0.2222	0.1925	0.0000	0.0000	0.0000	0.0000
A	133	SER	0	A	132	VAL	1	0.0000	0.0000	0.2222	0.1925	0.1111	0.1925
A	133	SER	0	A	149	HIE	0	0.2222	0.1925	0.1111	0.1925	0.0000	0.0000
A	133	SER	1	A	150	TYR	1	0.0000	0.0000	0.3333	0.3333	0.1111	0.1925
A	134	GLU	1	A	132	VAL	1	0.1111	0.1925	0.0000	0.0000	0.1111	0.1925
A	134	GLU	1	A	134	GLU	0	0.0000	0.0000	0.1111	0.1925	0.1111	0.1925
A	135	THR	0	A	30	GLU	0	0.1111	0.1925	0.0000	0.0000	0.0000	0.0000
A	135	THR	0	A	136	VAL	1	0.0000	0.0000	0.1111	0.1925	0.0000	0.0000
A	135	THR	0	A	148	PHE	1	0.8889	0.1925	0.6667	0.3333	0.7778	0.3849
A	135	THR	1	A	132	VAL	1	0.0000	0.0000	0.0000	0.0000	0.1111	0.1925
A	135	THR	1	A	133	SER	1	0.2222	0.1925	0.0000	0.0000	0.1111	0.1925
A	135	THR	1	A	148	PHE	1	0.0000	0.0000	0.3333	0.3333	0.2222	0.3849
A	136	VAL	1	A	30	GLU	0	0.1111	0.1925	0.0000	0.0000	0.0000	0.0000
A	137	PHE	1	A	21	GLH	0	0.8889	0.1925	0.6667	0.3333	0.6667	0.3333
A	138	LEU	1	A	136	VAL	1	0.2222	0.3849	0.0000	0.0000	0.1111	0.1925
A	138	LEU	1	A	146	ARG	1	0.6667	0.3333	1.0000	0.0000	0.8889	0.1925
A	140	ARG	0	A	110	ASP	0	1.0000	0.0000	1.0000	0.0000	1.0000	0.0000
A	140	ARG	0	A	142	ASP	0	1.0000	0.0000	1.0000	0.0000	1.0000	0.0000
A	140	ARG	1	A	144	LEU	1	0.3333	0.0000	0.6667	0.3333	0.3333	0.5774
A	141	GLU	1	A	141	GLU	0	0.0000	0.0000	0.1111	0.1925	0.0000	0.0000
A	142	ASP	1	A	142	ASP	0	0.2222	0.1925	0.2222	0.1925	0.3333	0.3333
A	143	HIE	0	B	36	GLU	0	0.4444	0.3849	0.4444	0.3849	0.5556	0.1925
A	143	HIE	1	A	140	ARG	1	0.8889	0.1925	0.7778	0.1925	0.7778	0.1925
A	143	HIE	1	A	141	GLU	1	0.0000	0.0000	0.1111	0.1925	0.1111	0.1925
A	144	LEU	1	A	142	ASP	0	0.5556	0.1925	0.3333	0.3333	0.4444	0.3849
A	144	LEU	1	A	142	ASP	1	0.0000	0.0000	0.3333	0.0000	0.2222	0.1925
A	145	PHE	1	A	112	PHE	1	1.0000	0.0000	1.0000	0.0000	1.0000	0.0000
A	146	ARG	0	A	28	GLY	1	0.0000	0.0000	0.0000	0.0000	0.1111	0.1925
A	146	ARG	0	A	110	ASP	0	1.0000	0.0000	1.0000	0.0000	0.6667	0.3333
A	146	ARG	0	A	139	PRO	1	0.0000	0.0000	0.0000	0.0000	0.2222	0.1925
A	146	ARG	1	A	138	LEU	1	1.0000	0.0000	1.0000	0.0000	1.0000	0.0000
A	147	LYS	0	A	132	VAL	1	0.0000	0.0000	0.0000	0.0000	0.1111	0.1925
A	147	LYS	0	A	134	GLU	0	0.0000	0.0000	0.3333	0.3333	0.2222	0.3849
A	147	LYS	0	A	135	THR	0	0.0000	0.0000	0.1111	0.1925	0.0000	0.0000
A	147	LYS	0	A	135	THR	1	0.0000	0.0000	0.2222	0.1925	0.3333	0.3333
A	147	LYS	1	A	109	ILE	1	1.0000	0.0000	1.0000	0.0000	1.0000	0.0000
A	148	PHE	1	A	135	THR	0	0.0000	0.0000	0.3333	0.3333	0.1111	0.1925
A	149	HIE	0	A	129	THR	1	0.0000	0.0000	0.0000	0.0000	0.1111	0.1925
A	149	HIE	0	A	133	SER	0	0.1111	0.1925	0.0000	0.0000	0.0000	0.0000
A	149	HIE	1	A	107	CYX	1	1.0000	0.0000	0.8889	0.1925	0.8889	0.1925
A	150	TYR	0	B	150	ASN	1	1.0000	0.0000	0.8889	0.1925	1.0000	0.0000
A	150	TYR	0	B	151	GLY	1	0.0000	0.0000	0.1111	0.1925	0.0000	0.0000
A	150	TYR	1	A	132	VAL	1	0.1111	0.1925	0.0000	0.0000	0.0000	0.0000
A	150	TYR	1	A	133	SER	0	0.2222	0.1925	0.3333	0.0000	0.4444	0.3849
A	150	TYR	1	A	133	SER	1	0.0000	0.0000	0.3333	0.3333	0.2222	0.3849
A	150	TYR	1	A	149	HIE	0	0.1111	0.1925	0.1111	0.1925	0.3333	0.0000
A	151	LEU	1	A	105	LEU	1	1.0000	0.0000	1.0000	0.0000	1.0000	0.0000
A	153	PHE	1	A	103	ASN	1	0.8889	0.1925	1.0000	0.0000	1.0000	0.0000
A	156	SER	0	A	154	LEU	1	0.0000	0.0000	0.0000	0.0000	0.1111	0.1925
A	156	SER	0	A	155	PRO	1	0.0000	0.0000	0.0000	0.0000	0.1111	0.1925
A	156	SER	0	A	158	GLU	0	0.3333	0.0000	0.1111	0.1925	0.0000	0.0000
A	156	SER	0	A	159	ASP	0	0.3333	0.3333	0.3333	0.0000	0.2222	0.1925
A	156	SER	1	A	159	ASP	0	0.0000	0.0000	0.1111	0.1925	0.0000	0.0000
A	156	SER	1	A	161	TYR	0	0.0000	0.0000	0.1111	0.1925	0.0000	0.0000
A	157	THR	0	A	158	GLU	0	0.2222	0.1925	0.2222	0.1925	0.3333	0.0000
A	157	THR	1	A	100	ARG	0	0.0000	0.0000	0.1111	0.1925	0.0000	0.0000
A	157	THR	1	A	158	GLU	0	0.1111	0.1925	0.0000	0.0000	0.0000	0.0000
A	158	GLU	1	A	156	SER	0	0.7778	0.1925	0.4444	0.1925	0.4444	0.1925
A	158	GLU	1	A	156	SER	1	0.0000	0.0000	0.1111	0.1925	0.0000	0.0000
A	158	GLU	1	A	158	GLU	0	0.0000	0.0000	0.0000	0.0000	0.1111	0.1925
A	159	ASP	1	A	156	SER	0	0.0000	0.0000	0.1111	0.1925	0.0000	0.0000
A	159	ASP	1	A	156	SER	1	0.2222	0.3849	0.0000	0.0000	0.3333	0.3333
A	159	ASP	1	A	158	GLU	1	0.1111	0.1925	0.0000	0.0000	0.0000	0.0000
A	159	ASP	1	A	180	PHE	1	0.0000	0.0000	0.1111	0.1925	0.0000	0.0000
A	160	VAL	1	A	124	ASN	0	1.0000	0.0000	0.8889	0.1925	0.6667	0.3333
A	161	TYR	1	A	178	TRP	1	1.0000	0.0000	1.0000	0.0000	1.0000	0.0000
A	162	ASP	1	A	122	LEU	1	1.0000	0.0000	1.0000	0.0000	1.0000	0.0000
A	163	CYX	1	A	176	LYS	1	1.0000	0.0000	1.0000	0.0000	1.0000	0.0000
A	164	ARG	0	A	120	THR	0	0.2222	0.1925	0.1111	0.1925	0.3333	0.0000
A	164	ARG	0	A	166	GLU	0	0.5556	0.5092	0.4444	0.3849	0.5556	0.1925
A	164	ARG	0	A	172	GLU	0	0.0000	0.0000	0.0000	0.0000	0.1111	0.1925
A	164	ARG	1	A	120	THR	1	1.0000	0.0000	1.0000	0.0000	1.0000	0.0000
A	165	VAL	1	A	174	LEU	1	1.0000	0.0000	1.0000	0.0000	1.0000	0.0000
A	166	GLU	1	A	118	ASN	1	1.0000	0.0000	1.0000	0.0000	1.0000	0.0000
A	167	HIE	0	A	84	ASN	0	0.7778	0.3849	0.8889	0.1925	1.0000	0.0000
A	168	TRP	0	B	4	ARG	1	0.0000	0.0000	0.1111	0.1925	0.1111	0.1925
A	168	TRP	0	B	6	ARG	0	0.0000	0.0000	0.0000	0.0000	0.1111	0.1925
A	168	TRP	1	A	116	VAL	1	0.3333	0.3333	0.0000	0.0000	0.2222	0.3849
A	168	TRP	1	A	167	HIE	0	0.4444	0.5092	0.2222	0.1925	0.3333	0.3333
A	169	GLY	1	A	167	HIE	0	0.2222	0.3849	0.0000	0.0000	0.0000	0.0000
A	170	LEU	1	A	167	HIE	1	0.3333	0.3333	0.1111	0.1925	0.1111	0.1925
A	170	LEU	1	A	168	TRP	1	0.1111	0.1925	0.2222	0.1925	0.2222	0.1925
A	171	ASP	1	A	171	ASP	0	0.0000	0.0000	0.1111	0.1925	0.0000	0.0000
A	174	LEU	1	A	165	VAL	1	0.8889	0.1925	1.0000	0.0000	1.0000	0.0000
A	176	LYS	0	A	89	VAL	1	0.2222	0.3849	0.2222	0.1925	0.1111	0.1925
A	176	LYS	1	A	163	CYX	1	1.0000	0.0000	1.0000	0.0000	0.8889	0.1925
A	177	HIP	0	A	162	ASP	0	1.0000	0.0000	0.8889	0.1925	1.0000	0.0000
A	177	HIP	0	A	179	GLU	0	1.0000	0.0000	0.8889	0.1925	0.8889	0.1925
A	178	TRP	0	A	184	SER	1	0.0000	0.0000	0.1111	0.1925	0.0000	0.0000
A	178	TRP	1	A	161	TYR	1	1.0000	0.0000	0.8889	0.1925	1.0000	0.0000
A	179	GLU	1	A	184	SER	0	0.0000	0.0000	0.1111	0.1925	0.1111	0.1925
A	180	PHE	1	A	159	ASP	1	0.0000	0.0000	0.1111	0.1925	0.0000	0.0000
A	181	ASP	1	A	179	GLU	1	0.1111	0.1925	0.1111	0.1925	0.0000	0.0000
A	182	ALA	1	A	157	THR	1	0.0000	0.0000	0.1111	0.1925	0.0000	0.0000
A	182	ALA	1	A	181	ASP	0	0.0000	0.0000	0.2222	0.1925	0.2222	0.1925
A	184	SER	0	A	182	ALA	1	0.0000	0.0000	0.2222	0.1925	0.4444	0.3849
A	184	SER	0	A	183	PRO	1	0.0000	0.0000	0.1111	0.1925	0.0000	0.0000
A	184	SER	0	A	184	SER	0	0.1111	0.1925	0.0000	0.0000	0.0000	0.0000
A	184	SER	0	A	184	SER	1	0.0000	0.0000	0.0000	0.0000	0.1111	0.1925
A	184	SER	0	B	104	SER	0	0.0000	0.0000	0.1111	0.1925	0.0000	0.0000
A	184	SER	0	B	107	GLN	0	0.0000	0.0000	0.1111	0.1925	0.0000	0.0000
A	184	SER	0	B	110	GLN	1	0.1111	0.1925	0.0000	0.0000	0.0000	0.0000
A	184	SER	1	A	182	ALA	1	0.0000	0.0000	0.1111	0.1925	0.0000	0.0000
A	184	SER	1	B	105	LYS	1	0.1111	0.1925	0.1111	0.1925	0.0000	0.0000
A	184	SER	1	B	107	GLN	0	0.0000	0.0000	0.1111	0.1925	0.0000	0.0000
A	184	SER	1	B	110	GLN	1	0.4444	0.3849	0.1111	0.1925	0.3333	0.5774
A	184	SER	1	B	111	HIP	1	0.0000	0.0000	0.0000	0.0000	0.1111	0.1925
B	4	ARG	0	A	17	ASP	0	0.0000	0.0000	0.0000	0.0000	0.1111	0.1925
B	6	ARG	0	A	17	ASP	0	0.8889	0.1925	1.0000	0.0000	0.7778	0.1925
B	6	ARG	0	A	168	TRP	0	0.0000	0.0000	0.0000	0.0000	0.1111	0.1925
B	6	ARG	0	B	4	ARG	1	1.0000	0.0000	0.6667	0.0000	0.4444	0.1925
B	6	ARG	0	B	5	PRO	1	0.0000	0.0000	0.0000	0.0000	0.1111	0.1925
B	7	PHE	1	A	15	ASN	1	1.0000	0.0000	1.0000	0.0000	1.0000	0.0000
B	8	LEU	1	B	33	ASN	0	1.0000	0.0000	1.0000	0.0000	0.6667	0.5774
B	9	TRP	0	A	66	ASP	0	0.6667	0.3333	0.6667	0.3333	1.0000	0.0000
B	9	TRP	1	A	13	TYR	1	0.8889	0.1925	1.0000	0.0000	0.8889	0.1925
B	10	GLN	0	A	143	HIE	1	0.6667	0.3333	0.2222	0.3849	0.5556	0.5092
B	10	GLN	1	B	31	ILE	1	1.0000	0.0000	1.0000	0.0000	1.0000	0.0000
B	11	LEU	1	A	11	GLH	1	1.0000	0.0000	1.0000	0.0000	1.0000	0.0000
B	12	LYS	0	A	140	ARG	1	0.2222	0.1925	0.3333	0.0000	0.3333	0.3333
B	12	LYS	0	A	141	GLU	0	0.0000	0.0000	0.2222	0.3849	0.1111	0.1925
B	12	LYS	0	A	143	HIE	0	0.7778	0.1925	0.4444	0.3849	0.3333	0.3333
B	12	LYS	0	B	14	GLU	0	0.1111	0.1925	0.1111	0.1925	0.1111	0.1925
B	12	LYS	1	B	29	ARG	1	1.0000	0.0000	0.7778	0.1925	1.0000	0.0000
B	13	PHE	1	A	9	GLN	1	1.0000	0.0000	1.0000	0.0000	1.0000	0.0000
B	14	GLU	1	B	27	LEU	1	1.0000	0.0000	1.0000	0.0000	1.0000	0.0000
B	15	CYX	1	A	7	ILE	1	1.0000	0.0000	1.0000	0.0000	0.8889	0.1925
B	16	HIP	0	A	4	GLU	0	1.0000	0.0000	0.4444	0.1925	0.6667	0.5774
B	16	HIP	0	A	4	GLU	1	0.0000	0.0000	0.0000	0.0000	0.1111	0.1925
B	16	HIP	0	B	14	GLU	0	0.7778	0.1925	0.3333	0.3333	0.3333	0.5774
B	16	HIP	1	B	25	ARG	1	1.0000	0.0000	1.0000	0.0000	1.0000	0.0000
B	17	PHE	1	A	5	HIP	1	1.0000	0.0000	1.0000	0.0000	0.7778	0.1925
B	18	PHE	1	B	23	ARG	1	0.4444	0.5092	0.0000	0.0000	0.0000	0.0000
B	19	ASN	0	B	21	THR	0	0.1111	0.1925	0.0000	0.0000	0.1111	0.1925
B	19	ASN	0	B	22	GLU	0	0.1111	0.1925	0.2222	0.1925	0.1111	0.1925
B	19	ASN	0	B	87	GLU	0	0.0000	0.0000	0.1111	0.1925	0.0000	0.0000
B	20	GLY	1	B	19	ASN	0	0.0000	0.0000	0.0000	0.0000	0.1111	0.1925
B	20	GLY	1	B	87	GLU	0	0.0000	0.0000	0.0000	0.0000	0.2222	0.3849
B	21	THR	0	B	19	ASN	0	0.3333	0.3333	0.2222	0.3849	0.1111	0.1925
B	21	THR	1	B	19	ASN	0	0.3333	0.3333	0.3333	0.5774	0.6667	0.3333
B	21	THR	1	B	19	ASN	1	0.0000	0.0000	0.1111	0.1925	0.2222	0.1925
B	22	GLU	1	B	19	ASN	0	0.2222	0.3849	0.1111	0.1925	0.2222	0.3849
B	22	GLU	1	B	19	ASN	1	0.3333	0.3333	0.6667	0.3333	0.7778	0.1925
B	22	GLU	1	B	20	GLY	1	0.0000	0.0000	0.0000	0.0000	0.1111	0.1925
B	23	ARG	0	A	4	GLU	0	0.0000	0.0000	0.0000	0.0000	0.1111	0.1925
B	23	ARG	0	B	19	ASN	1	0.1111	0.1925	0.0000	0.0000	0.0000	0.0000
B	23	ARG	0	B	22	GLU	0	0.2222	0.1925	0.1111	0.1925	0.2222	0.1925
B	23	ARG	0	B	23	ARG	1	0.0000	0.0000	0.0000	0.0000	0.1111	0.1925
B	23	ARG	0	B	76	ASP	0	0.0000	0.0000	0.0000	0.0000	0.1111	0.1925
B	23	ARG	1	B	19	ASN	0	0.2222	0.3849	0.0000	0.0000	0.0000	0.0000
B	23	ARG	1	B	22	GLU	0	0.2222	0.3849	0.0000	0.0000	0.4444	0.1925
B	24	VAL	1	B	22	GLU	1	0.1111	0.1925	0.0000	0.0000	0.0000	0.0000
B	25	ARG	0	A	4	GLU	0	0.0000	0.0000	0.3333	0.3333	0.3333	0.3333
B	25	ARG	0	B	41	ASP	0	1.0000	0.0000	0.6667	0.3333	0.4444	0.1925
B	25	ARG	0	B	42	SER	0	0.0000	0.0000	0.0000	0.0000	0.1111	0.1925
B	25	ARG	1	B	16	HIP	1	1.0000	0.0000	1.0000	0.0000	0.8889	0.1925
B	26	LEU	1	B	42	SER	0	0.8889	0.1925	1.0000	0.0000	0.5556	0.1925
B	27	LEU	1	B	14	GLU	1	1.0000	0.0000	1.0000	0.0000	1.0000	0.0000
B	28	GLU	1	B	40	PHE	1	0.8889	0.1925	0.8889	0.1925	0.4444	0.1925
B	29	ARG	0	A	141	GLU	0	0.8889	0.1925	0.4444	0.1925	0.3333	0.5774
B	29	ARG	0	B	14	GLU	0	1.0000	0.0000	0.6667	0.3333	0.7778	0.3849
B	29	ARG	0	B	36	GLU	0	1.0000	0.0000	1.0000	0.0000	1.0000	0.0000
B	29	ARG	1	B	12	LYS	1	1.0000	0.0000	0.8889	0.1925	1.0000	0.0000
B	30	CYS	1	B	38	VAL	1	1.0000	0.0000	0.8889	0.1925	0.8889	0.1925
B	31	ILE	1	B	10	GLN	1	1.0000	0.0000	1.0000	0.0000	1.0000	0.0000
B	32	TYR	0	A	77	SER	0	0.8889	0.1925	0.4444	0.1925	0.3333	0.5774
B	32	TYR	0	A	80	THR	1	0.1111	0.1925	0.2222	0.3849	0.7778	0.3849
B	32	TYR	1	B	35	GLU	1	0.8889	0.1925	1.0000	0.0000	1.0000	0.0000
B	33	ASN	0	A	80	THR	1	0.4444	0.5092	0.3333	0.5774	0.2222	0.1925
B	33	ASN	0	A	81	PRO	1	0.0000	0.0000	0.0000	0.0000	0.1111	0.1925
B	33	ASN	0	B	32	TYR	0	0.2222	0.1925	0.3333	0.3333	0.0000	0.0000
B	33	ASN	1	B	8	LEU	1	1.0000	0.0000	1.0000	0.0000	0.6667	0.5774
B	34	GLN	0	A	83	THR	0	0.1111	0.1925	0.0000	0.0000	0.0000	0.0000
B	34	GLN	0	A	142	ASP	1	0.4444	0.3849	0.7778	0.1925	0.5556	0.3849
B	34	GLN	0	A	143	HIE	1	0.0000	0.0000	0.0000	0.0000	0.1111	0.1925
B	34	GLN	0	B	33	ASN	1	0.0000	0.0000	0.0000	0.0000	0.1111	0.1925
B	35	GLU	1	B	32	TYR	1	0.6667	0.5774	1.0000	0.0000	1.0000	0.0000
B	35	GLU	1	B	33	ASN	1	0.2222	0.3849	0.1111	0.1925	0.3333	0.0000
B	36	GLU	1	B	35	GLU	0	0.0000	0.0000	0.0000	0.0000	0.3333	0.0000
B	37	SER	0	B	53	LEU	1	0.0000	0.0000	0.1111	0.1925	0.0000	0.0000
B	37	SER	1	B	30	CYS	1	1.0000	0.0000	1.0000	0.0000	1.0000	0.0000
B	38	VAL	1	B	30	CYS	1	0.1111	0.1925	0.0000	0.0000	0.0000	0.0000
B	39	ARG	0	B	36	GLU	0	1.0000	0.0000	1.0000	0.0000	0.8889	0.1925
B	39	ARG	1	B	48	ARG	1	1.0000	0.0000	1.0000	0.0000	1.0000	0.0000
B	40	PHE	1	B	28	GLU	1	1.0000	0.0000	1.0000	0.0000	1.0000	0.0000
B	41	ASP	1	B	46	GLU	1	0.0000	0.0000	0.1111	0.1925	0.3333	0.3333
B	42	SER	0	B	26	LEU	1	0.1111	0.1925	0.0000	0.0000	0.1111	0.1925
B	42	SER	1	B	26	LEU	1	1.0000	0.0000	1.0000	0.0000	0.5556	0.3849
B	43	ASP	1	B	41	ASP	0	1.0000	0.0000	0.7778	0.1925	0.6667	0.0000
B	44	VAL	1	B	41	ASP	0	0.0000	0.0000	0.1111	0.1925	0.0000	0.0000
B	44	VAL	1	B	41	ASP	1	0.8889	0.1925	0.5556	0.1925	0.7778	0.1925
B	45	GLY	1	B	41	ASP	1	1.0000	0.0000	1.0000	0.0000	1.0000	0.0000
B	46	GLU	1	B	41	ASP	1	0.0000	0.0000	0.0000	0.0000	0.1111	0.1925
B	47	TYR	0	B	28	GLU	0	1.0000	0.0000	0.8889	0.1925	0.7778	0.1925
B	47	TYR	1	B	62	ASN	0	0.6667	0.3333	0.8889	0.1925	0.2222	0.1925
B	48	ARG	0	B	41	ASP	0	0.0000	0.0000	0.0000	0.0000	0.1111	0.1925
B	48	ARG	0	B	46	GLU	0	0.7778	0.1925	0.8889	0.1925	1.0000	0.0000
B	48	ARG	0	B	47	TYR	1	0.5556	0.1925	0.1111	0.1925	0.3333	0.3333
B	48	ARG	0	B	62	ASN	0	0.1111	0.1925	0.0000	0.0000	0.0000	0.0000
B	48	ARG	1	B	39	ARG	1	1.0000	0.0000	1.0000	0.0000	1.0000	0.0000
B	50	VAL	1	B	37	SER	1	1.0000	0.0000	1.0000	0.0000	0.8889	0.1925
B	51	THR	0	B	35	GLU	0	0.0000	0.0000	0.0000	0.0000	0.1111	0.1925
B	51	THR	0	B	36	GLU	1	0.5556	0.1925	0.3333	0.0000	0.2222	0.3849
B	51	THR	1	B	37	SER	1	0.5556	0.1925	0.2222	0.1925	0.3333	0.0000
B	53	LEU	1	B	51	THR	0	0.1111	0.1925	0.0000	0.0000	0.1111	0.1925
B	54	GLY	1	B	51	THR	0	0.1111	0.1925	0.2222	0.1925	0.1111	0.1925
B	54	GLY	1	B	51	THR	1	0.8889	0.1925	0.8889	0.1925	1.0000	0.0000
B	55	ARG	0	B	52	GLU	0	0.5556	0.3849	0.5556	0.3849	0.8889	0.1925
B	55	ARG	0	B	59	GLU	0	0.2222	0.1925	0.2222	0.1925	0.4444	0.5092
B	55	ARG	1	B	51	THR	1	0.0000	0.0000	0.3333	0.3333	0.5556	0.3849
B	55	ARG	1	B	52	GLU	1	0.7778	0.1925	0.4444	0.1925	0.4444	0.3849
B	57	ASP	1	B	54	GLY	1	0.6667	0.3333	0.5556	0.1925	0.7778	0.1925
B	57	ASP	1	B	57	ASP	0	0.1111	0.1925	0.0000	0.0000	0.0000	0.0000
B	58	ALA	1	B	54	GLY	1	0.8889	0.1925	0.5556	0.1925	0.6667	0.3333
B	58	ALA	1	B	55	ARG	1	0.0000	0.0000	0.1111	0.1925	0.1111	0.1925
B	59	GLU	1	B	55	ARG	1	0.6667	0.3333	0.5556	0.1925	0.5556	0.3849
B	59	GLU	1	B	56	PRO	1	0.0000	0.0000	0.1111	0.1925	0.1111	0.1925
B	60	TYR	1	B	56	PRO	1	0.3333	0.3333	0.4444	0.1925	0.3333	0.3333
B	60	TYR	1	B	57	ASP	1	0.3333	0.0000	0.5556	0.1925	0.5556	0.1925
B	61	TRP	0	C	114	LEU	1	0.7778	0.1925	0.5556	0.5092	0.6667	0.5774
B	61	TRP	1	B	57	ASP	1	1.0000	0.0000	1.0000	0.0000	1.0000	0.0000
B	62	ASN	0	B	46	GLU	0	0.4444	0.1925	0.2222	0.1925	0.3333	0.3333
B	62	ASN	0	B	47	TYR	1	0.3333	0.3333	0.2222	0.1925	0.2222	0.1925
B	62	ASN	0	B	58	ALA	1	0.0000	0.0000	0.0000	0.0000	0.1111	0.1925
B	62	ASN	1	B	58	ALA	1	0.4444	0.1925	0.4444	0.1925	0.5556	0.1925
B	62	ASN	1	B	59	GLU	1	0.1111	0.1925	0.1111	0.1925	0.0000	0.0000
B	63	SER	0	B	59	GLU	1	0.4444	0.5092	1.0000	0.0000	0.3333	0.3333
B	63	SER	0	B	60	TYR	1	0.2222	0.3849	0.0000	0.0000	0.4444	0.3849
B	63	SER	1	B	59	GLU	1	0.5556	0.5092	0.3333	0.0000	0.2222	0.3849
B	63	SER	1	B	60	TYR	1	0.4444	0.3849	0.3333	0.3333	0.6667	0.3333
B	64	GLN	0	B	60	TYR	1	0.4444	0.3849	0.7778	0.1925	0.2222	0.3849
B	64	GLN	1	B	60	TYR	1	0.1111	0.1925	0.3333	0.3333	0.1111	0.1925
B	64	GLN	1	B	61	TRP	1	0.4444	0.5092	0.1111	0.1925	0.2222	0.3849
B	64	GLN	1	B	62	ASN	1	0.0000	0.0000	0.1111	0.1925	0.0000	0.0000
B	65	LYS	0	B	46	GLU	0	0.0000	0.0000	0.0000	0.0000	0.2222	0.1925
B	65	LYS	0	B	62	ASN	0	0.0000	0.0000	0.0000	0.0000	0.2222	0.1925
B	65	LYS	0	B	62	ASN	1	0.5556	0.5092	0.2222	0.1925	0.1111	0.1925
B	65	LYS	1	B	63	SER	1	0.7778	0.3849	0.4444	0.3849	0.3333	0.5774
B	67	LEU	1	B	64	GLN	1	0.7778	0.1925	0.6667	0.0000	0.3333	0.0000
B	68	LEU	1	B	64	GLN	1	1.0000	0.0000	1.0000	0.0000	1.0000	0.0000
B	68	LEU	1	B	65	LYS	1	0.0000	0.0000	0.1111	0.1925	0.0000	0.0000
B	69	GLU	1	B	65	LYS	1	0.6667	0.3333	0.7778	0.3849	0.7778	0.1925
B	69	GLU	1	B	66	ASP	1	0.1111	0.1925	0.0000	0.0000	0.3333	0.0000
B	70	GLN	0	B	66	ASP	1	0.3333	0.3333	0.3333	0.3333	0.3333	0.3333
B	70	GLN	0	B	69	GLU	0	0.0000	0.0000	0.1111	0.1925	0.0000	0.0000
B	70	GLN	0	C	119	PRO	1	0.0000	0.0000	0.0000	0.0000	0.2222	0.3849
B	70	GLN	1	B	66	ASP	1	0.0000	0.0000	0.3333	0.3333	0.3333	0.3333
B	70	GLN	1	B	67	LEU	1	0.4444	0.1925	0.3333	0.3333	0.2222	0.3849
B	71	ARG	0	B	28	GLU	0	1.0000	0.0000	1.0000	0.0000	1.0000	0.0000
B	71	ARG	0	B	47	TYR	0	0.4444	0.3849	0.6667	0.0000	0.2222	0.1925
B	71	ARG	0	B	71	ARG	1	0.0000	0.0000	0.0000	0.0000	0.3333	0.5774
B	71	ARG	0	C	111	THR	0	0.1111	0.1925	0.2222	0.1925	0.0000	0.0000
B	71	ARG	0	C	111	THR	1	1.0000	0.0000	1.0000	0.0000	0.6667	0.5774
B	71	ARG	1	B	67	LEU	1	0.5556	0.1925	0.6667	0.3333	0.7778	0.1925
B	71	ARG	1	B	68	LEU	1	0.1111	0.1925	0.5556	0.3849	0.1111	0.1925
B	72	ARG	0	B	45	GLY	1	0.8889	0.1925	0.8889	0.1925	0.2222	0.3849
B	72	ARG	0	B	69	GLU	0	0.6667	0.0000	0.4444	0.1925	0.8889	0.1925
B	72	ARG	0	B	76	ASP	0	0.0000	0.0000	0.0000	0.0000	0.3333	0.5774
B	72	ARG	1	B	68	LEU	1	0.7778	0.3849	1.0000	0.0000	0.6667	0.3333
B	72	ARG	1	B	69	GLU	1	0.0000	0.0000	0.0000	0.0000	0.1111	0.1925
B	73	ALA	1	B	69	GLU	1	0.5556	0.1925	0.6667	0.3333	0.4444	0.5092
B	73	ALA	1	B	70	GLN	1	0.2222	0.3849	0.2222	0.1925	0.1111	0.1925
B	74	ALA	1	B	70	GLN	1	0.6667	0.3333	0.3333	0.0000	0.2222	0.3849
B	74	ALA	1	B	71	ARG	1	0.1111	0.1925	0.4444	0.3849	0.4444	0.1925
B	75	VAL	1	B	71	ARG	1	0.0000	0.0000	0.0000	0.0000	0.3333	0.3333
B	75	VAL	1	B	72	ARG	1	0.3333	0.3333	0.3333	0.5774	0.3333	0.3333
B	75	VAL	1	B	73	ALA	1	0.0000	0.0000	0.1111	0.1925	0.0000	0.0000
B	76	ASP	1	B	72	ARG	1	0.0000	0.0000	0.0000	0.0000	0.6667	0.3333
B	76	ASP	1	B	73	ALA	1	1.0000	0.0000	0.6667	0.0000	0.1111	0.1925
B	77	THR	0	B	73	ALA	1	0.0000	0.0000	0.0000	0.0000	0.3333	0.3333
B	77	THR	0	C	108	ARG	0	0.0000	0.0000	0.0000	0.0000	0.1111	0.1925
B	77	THR	1	B	73	ALA	1	0.8889	0.1925	0.6667	0.3333	0.1111	0.1925
B	77	THR	1	B	74	ALA	1	0.0000	0.0000	0.0000	0.0000	0.2222	0.3849
B	77	THR	1	B	75	VAL	1	0.0000	0.0000	0.1111	0.1925	0.0000	0.0000
B	78	TYR	0	A	9	GLN	0	0.8889	0.1925	0.0000	0.0000	0.0000	0.0000
B	78	TYR	0	B	13	PHE	1	0.1111	0.1925	0.1111	0.1925	0.0000	0.0000
B	78	TYR	1	B	74	ALA	1	0.6667	0.3333	0.5556	0.1925	0.3333	0.5774
B	78	TYR	1	B	76	ASP	1	0.1111	0.1925	0.0000	0.0000	0.0000	0.0000
B	79	CYX	1	B	74	ALA	1	0.8889	0.1925	0.7778	0.3849	0.1111	0.1925
B	79	CYX	1	B	75	VAL	1	0.1111	0.1925	0.1111	0.1925	0.0000	0.0000
B	80	ARG	0	B	20	GLY	1	0.2222	0.3849	0.0000	0.0000	0.0000	0.0000
B	80	ARG	0	B	21	THR	1	0.1111	0.1925	0.2222	0.1925	0.0000	0.0000
B	80	ARG	0	B	22	GLU	1	0.1111	0.1925	0.0000	0.0000	0.0000	0.0000
B	80	ARG	0	B	76	ASP	0	1.0000	0.0000	0.5556	0.1925	0.4444	0.3849
B	80	ARG	0	B	76	ASP	1	0.0000	0.0000	0.0000	0.0000	0.5556	0.1925
B	80	ARG	0	B	83	TYR	0	0.0000	0.0000	0.1111	0.1925	0.0000	0.0000
B	80	ARG	1	B	75	VAL	1	0.8889	0.1925	0.8889	0.1925	0.1111	0.1925
B	80	ARG	1	B	77	THR	1	0.0000	0.0000	0.0000	0.0000	0.3333	0.3333
B	81	HIP	0	B	76	ASP	0	0.1111	0.1925	0.1111	0.1925	0.0000	0.0000
B	81	HIP	0	B	76	ASP	1	0.0000	0.0000	0.2222	0.3849	0.0000	0.0000
B	81	HIP	0	B	81	HIP	1	0.0000	0.0000	0.1111	0.1925	0.0000	0.0000
B	81	HIP	0	C	106	LYS	1	0.4444	0.1925	0.0000	0.0000	0.3333	0.3333
B	81	HIP	1	B	76	ASP	1	0.7778	0.1925	0.0000	0.0000	0.0000	0.0000
B	81	HIP	1	B	77	THR	1	0.0000	0.0000	0.0000	0.0000	0.4444	0.3849
B	81	HIP	1	B	78	TYR	1	0.0000	0.0000	0.2222	0.3849	0.3333	0.3333
B	82	MTS	0	B	78	TYR	1	0.1111	0.1925	0.0000	0.0000	0.0000	0.0000
B	82	MTS	0	C	108	ARG	1	0.8889	0.1925	0.0000	0.0000	1.0000	0.0000
B	82	MTS	1	B	78	TYR	1	0.8889	0.1925	0.5556	0.5092	0.5556	0.5092
B	82	MTS	1	B	79	CYX	1	0.3333	0.3333	0.5556	0.3849	0.5556	0.5092
B	83	TYR	0	B	15	CYX	1	0.0000	0.0000	0.2222	0.3849	0.1111	0.1925
B	83	TYR	0	B	19	ASN	1	0.0000	0.0000	0.2222	0.3849	0.0000	0.0000
B	83	TYR	0	B	22	GLU	1	0.0000	0.0000	0.2222	0.1925	0.4444	0.3849
B	83	TYR	0	B	87	GLU	0	0.4444	0.1925	0.0000	0.0000	0.0000	0.0000
B	83	TYR	1	B	79	CYX	1	0.7778	0.1925	0.8889	0.1925	0.8889	0.1925
B	83	TYR	1	B	80	ARG	1	0.1111	0.1925	0.0000	0.0000	0.0000	0.0000
B	84	GLY	1	B	80	ARG	1	0.8889	0.1925	0.2222	0.3849	0.1111	0.1925
B	84	GLY	1	B	81	HIP	1	0.0000	0.0000	0.1111	0.1925	0.0000	0.0000
B	84	GLY	1	B	87	GLU	0	0.0000	0.0000	0.0000	0.0000	0.1111	0.1925
B	85	VAL	1	B	81	HIP	1	0.5556	0.3849	0.1111	0.1925	0.3333	0.5774
B	85	VAL	1	B	82	MTS	1	0.2222	0.1925	0.2222	0.1925	0.0000	0.0000
B	86	GLY	1	B	82	MTS	1	0.5556	0.1925	0.5556	0.5092	0.5556	0.5092
B	86	GLY	1	B	83	TYR	1	0.4444	0.1925	0.4444	0.1925	0.0000	0.0000
B	86	GLY	1	B	87	GLU	0	0.0000	0.0000	0.0000	0.0000	0.1111	0.1925
B	87	GLU	1	B	83	TYR	1	0.6667	0.3333	0.3333	0.3333	0.4444	0.3849
B	87	GLU	1	B	84	GLY	1	0.2222	0.1925	0.2222	0.1925	0.1111	0.1925
B	87	GLU	1	B	87	GLU	0	0.0000	0.0000	0.0000	0.0000	0.1111	0.1925
B	88	SER	0	B	84	GLY	1	0.2222	0.1925	0.1111	0.1925	0.0000	0.0000
B	88	SER	0	B	85	VAL	1	0.0000	0.0000	0.1111	0.1925	0.0000	0.0000
B	88	SER	0	B	92	GLN	0	0.1111	0.1925	0.0000	0.0000	0.0000	0.0000
B	88	SER	1	B	84	GLY	1	0.1111	0.1925	0.0000	0.0000	0.1111	0.1925
B	88	SER	1	B	85	VAL	1	0.1111	0.1925	0.2222	0.1925	0.1111	0.1925
B	89	PHE	1	B	85	VAL	1	0.2222	0.1925	0.3333	0.3333	0.1111	0.1925
B	89	PHE	1	B	86	GLY	1	0.6667	0.3333	0.3333	0.0000	0.6667	0.0000
B	89	PHE	1	B	88	SER	0	0.0000	0.0000	0.0000	0.0000	0.1111	0.1925
B	90	THR	0	B	83	TYR	0	0.0000	0.0000	0.1111	0.1925	0.0000	0.0000
B	90	THR	0	B	86	GLY	1	0.5556	0.5092	0.7778	0.1925	0.3333	0.0000
B	90	THR	1	B	86	GLY	1	0.7778	0.1925	0.3333	0.3333	0.5556	0.1925
B	90	THR	1	B	87	GLU	1	0.1111	0.1925	0.3333	0.3333	0.3333	0.3333
B	91	VAL	1	B	86	GLY	1	0.3333	0.3333	0.0000	0.0000	0.0000	0.0000
B	91	VAL	1	B	87	GLU	1	0.5556	0.1925	0.3333	0.0000	0.8889	0.1925
B	91	VAL	1	B	88	SER	1	0.0000	0.0000	0.2222	0.3849	0.0000	0.0000
B	91	VAL	1	B	90	THR	0	0.0000	0.0000	0.3333	0.3333	0.1111	0.1925
B	92	GLN	0	B	87	GLU	0	0.0000	0.0000	0.1111	0.1925	0.3333	0.0000
B	92	GLN	0	B	88	SER	0	0.0000	0.0000	0.0000	0.0000	0.1111	0.1925
B	92	GLN	0	B	88	SER	1	0.0000	0.0000	0.0000	0.0000	0.1111	0.1925
B	92	GLN	0	B	91	VAL	1	0.0000	0.0000	0.0000	0.0000	0.1111	0.1925
B	92	GLN	1	B	87	GLU	1	0.4444	0.5092	0.6667	0.3333	0.8889	0.1925
B	92	GLN	1	B	88	SER	1	0.0000	0.0000	0.1111	0.1925	0.1111	0.1925
B	92	GLN	1	B	89	PHE	1	0.0000	0.0000	0.1111	0.1925	0.0000	0.0000
B	93	ARG	0	A	47	GLU	0	0.6667	0.3333	0.4444	0.3849	0.4444	0.1925
B	93	ARG	0	B	89	PHE	1	0.5556	0.1925	0.1111	0.1925	0.2222	0.1925
B	93	ARG	0	B	152	ASP	1	0.0000	0.0000	0.1111	0.1925	0.1111	0.1925
B	93	ARG	0	B	153	TRP	1	0.1111	0.1925	0.2222	0.3849	0.4444	0.1925
B	93	ARG	1	B	89	PHE	1	0.0000	0.0000	0.2222	0.3849	0.1111	0.1925
B	93	ARG	1	B	90	THR	1	0.0000	0.0000	0.3333	0.3333	0.1111	0.1925
B	93	ARG	1	B	91	VAL	1	0.3333	0.3333	0.0000	0.0000	0.0000	0.0000
B	94	ARG	0	B	91	VAL	1	0.0000	0.0000	0.1111	0.1925	0.2222	0.1925
B	94	ARG	0	B	92	GLN	0	0.2222	0.3849	0.0000	0.0000	0.0000	0.0000
B	94	ARG	0	B	93	ARG	1	0.1111	0.1925	0.1111	0.1925	0.3333	0.3333
B	94	ARG	0	B	178	PRO	1	0.4444	0.1925	0.2222	0.1925	0.2222	0.1925
B	94	ARG	1	B	91	VAL	1	0.0000	0.0000	0.0000	0.0000	0.1111	0.1925
B	95	VAL	1	B	123	TYR	1	1.0000	0.0000	1.0000	0.0000	0.8889	0.1925
B	95	VAL	1	B	179	SER	0	0.0000	0.0000	0.0000	0.0000	0.1111	0.1925
B	96	GLU	1	B	96	GLU	0	0.5556	0.5092	0.2222	0.1925	0.5556	0.1925
B	98	LYS	0	A	95	SER	0	0.0000	0.0000	0.0000	0.0000	0.1111	0.1925
B	98	LYS	0	A	98	GLU	0	0.1111	0.1925	0.0000	0.0000	0.0000	0.0000
B	98	LYS	0	A	101	GLU	0	0.0000	0.0000	0.1111	0.1925	0.0000	0.0000
B	98	LYS	0	B	96	GLU	0	0.2222	0.1925	0.0000	0.0000	0.3333	0.3333
B	98	LYS	0	B	96	GLU	1	0.5556	0.5092	0.3333	0.3333	0.4444	0.1925
B	98	LYS	0	B	121	GLY	1	0.3333	0.3333	0.0000	0.0000	0.1111	0.1925
B	98	LYS	1	B	120	SER	1	1.0000	0.0000	1.0000	0.0000	1.0000	0.0000
B	100	THR	0	A	97	VAL	1	0.2222	0.1925	0.0000	0.0000	0.1111	0.1925
B	100	THR	0	B	99	VAL	1	0.2222	0.1925	0.0000	0.0000	0.0000	0.0000
B	100	THR	1	B	118	SER	1	0.7778	0.3849	1.0000	0.0000	1.0000	0.0000
B	102	TYR	0	A	182	ALA	1	0.0000	0.0000	0.1111	0.1925	0.0000	0.0000
B	102	TYR	0	B	118	SER	0	0.2222	0.3849	0.0000	0.0000	0.0000	0.0000
B	102	TYR	1	B	116	VAL	1	1.0000	0.0000	1.0000	0.0000	1.0000	0.0000
B	104	SER	0	A	184	SER	0	0.1111	0.1925	0.0000	0.0000	0.0000	0.0000
B	104	SER	0	B	103	PRO	1	0.2222	0.1925	0.1111	0.1925	0.1111	0.1925
B	104	SER	0	B	114	LEU	1	0.1111	0.1925	0.3333	0.0000	0.4444	0.3849
B	104	SER	1	B	112	HIE	0	0.1111	0.1925	0.2222	0.1925	0.3333	0.3333
B	104	SER	1	B	114	LEU	1	1.0000	0.0000	0.5556	0.5092	0.6667	0.3333
B	105	LYS	0	A	181	ASP	0	0.7778	0.1925	0.4444	0.3849	0.6667	0.3333
B	105	LYS	0	A	181	ASP	1	0.1111	0.1925	0.2222	0.1925	0.1111	0.1925
B	105	LYS	0	A	182	ALA	1	0.5556	0.1925	0.2222	0.3849	0.2222	0.1925
B	105	LYS	0	A	184	SER	0	0.0000	0.0000	0.2222	0.1925	0.1111	0.1925
B	105	LYS	0	B	107	GLN	1	0.0000	0.0000	0.1111	0.1925	0.0000	0.0000
B	105	LYS	0	B	110	GLN	1	0.1111	0.1925	0.3333	0.3333	0.0000	0.0000
B	105	LYS	1	A	181	ASP	1	0.1111	0.1925	0.0000	0.0000	0.0000	0.0000
B	105	LYS	1	B	104	SER	0	0.5556	0.3849	0.2222	0.1925	0.1111	0.1925
B	106	THR	0	B	113	ASN	0	0.2222	0.3849	0.2222	0.3849	0.2222	0.3849
B	106	THR	1	B	110	GLN	0	0.3333	0.3333	0.5556	0.1925	0.1111	0.1925
B	106	THR	1	B	113	ASN	0	0.3333	0.3333	0.3333	0.0000	0.6667	0.3333
B	107	GLN	0	A	182	ALA	1	0.0000	0.0000	0.1111	0.1925	0.0000	0.0000
B	107	GLN	0	B	110	GLN	0	0.0000	0.0000	0.1111	0.1925	0.0000	0.0000
B	107	GLN	1	B	110	GLN	0	0.3333	0.3333	0.5556	0.1925	0.0000	0.0000
B	107	GLN	1	B	113	ASN	0	0.1111	0.1925	0.1111	0.1925	0.5556	0.5092
B	109	LEU	1	B	107	GLN	0	0.1111	0.1925	0.0000	0.0000	0.0000	0.0000
B	110	GLN	0	B	106	THR	0	0.0000	0.0000	0.2222	0.1925	0.1111	0.1925
B	110	GLN	0	B	107	GLN	0	0.0000	0.0000	0.1111	0.1925	0.0000	0.0000
B	110	GLN	0	B	108	PRO	1	0.0000	0.0000	0.0000	0.0000	0.1111	0.1925
B	110	GLN	0	B	109	LEU	1	0.0000	0.0000	0.0000	0.0000	0.1111	0.1925
B	110	GLN	0	B	111	HIP	1	0.0000	0.0000	0.1111	0.1925	0.0000	0.0000
B	110	GLN	0	B	113	ASN	0	0.0000	0.0000	0.1111	0.1925	0.0000	0.0000
B	110	GLN	1	B	107	GLN	0	0.1111	0.1925	0.0000	0.0000	0.0000	0.0000
B	110	GLN	1	B	107	GLN	1	0.2222	0.3849	0.2222	0.3849	0.2222	0.1925
B	110	GLN	1	B	108	PRO	1	0.1111	0.1925	0.1111	0.1925	0.0000	0.0000
B	111	HIP	0	A	184	SER	0	0.6667	0.0000	0.1111	0.1925	0.4444	0.3849
B	111	HIP	0	A	184	SER	1	0.3333	0.3333	0.1111	0.1925	0.1111	0.1925
B	111	HIP	0	B	109	LEU	1	0.0000	0.0000	0.1111	0.1925	0.0000	0.0000
B	111	HIP	1	B	110	GLN	0	0.2222	0.3849	0.0000	0.0000	0.2222	0.3849
B	112	HIE	0	A	181	ASP	0	0.0000	0.0000	0.1111	0.1925	0.0000	0.0000
B	112	HIE	0	B	163	THR	0	0.1111	0.1925	0.2222	0.1925	0.1111	0.1925
B	112	HIE	1	B	110	GLN	0	0.0000	0.0000	0.0000	0.0000	0.1111	0.1925
B	112	HIE	1	B	110	GLN	1	0.1111	0.1925	0.1111	0.1925	0.0000	0.0000
B	112	HIE	1	B	112	HIE	0	0.1111	0.1925	0.0000	0.0000	0.0000	0.0000
B	113	ASN	0	B	106	THR	0	0.4444	0.3849	0.3333	0.3333	0.7778	0.1925
B	113	ASN	0	B	110	GLN	0	0.2222	0.3849	0.1111	0.1925	0.0000	0.0000
B	113	ASN	0	B	111	HIP	1	0.3333	0.3333	0.0000	0.0000	0.0000	0.0000
B	113	ASN	0	B	113	ASN	1	0.0000	0.0000	0.0000	0.0000	0.1111	0.1925
B	113	ASN	0	B	163	THR	1	0.1111	0.1925	0.0000	0.0000	0.0000	0.0000
B	113	ASN	1	B	104	SER	1	0.8889	0.1925	0.7778	0.1925	0.7778	0.1925
B	114	LEU	1	B	104	SER	1	0.4444	0.1925	0.6667	0.3333	0.7778	0.1925
B	115	LEU	1	B	161	LEU	1	1.0000	0.0000	0.8889	0.1925	1.0000	0.0000
B	116	VAL	1	B	102	TYR	1	1.0000	0.0000	1.0000	0.0000	1.0000	0.0000
B	117	CYX	1	B	159	VAL	1	1.0000	0.0000	1.0000	0.0000	1.0000	0.0000
B	118	SER	0	B	100	THR	1	0.1111	0.1925	0.0000	0.0000	0.0000	0.0000
B	118	SER	1	B	100	THR	1	1.0000	0.0000	1.0000	0.0000	1.0000	0.0000
B	119	VAL	1	B	157	THR	1	1.0000	0.0000	1.0000	0.0000	1.0000	0.0000
B	120	SER	0	A	94	ASN	1	0.2222	0.1925	0.2222	0.1925	0.3333	0.3333
B	120	SER	0	A	95	SER	0	0.0000	0.0000	0.1111	0.1925	0.0000	0.0000
B	120	SER	0	B	119	VAL	1	0.1111	0.1925	0.0000	0.0000	0.0000	0.0000
B	120	SER	0	B	156	GLN	0	0.1111	0.1925	0.0000	0.0000	0.0000	0.0000
B	120	SER	1	B	98	LYS	1	1.0000	0.0000	0.8889	0.1925	1.0000	0.0000
B	121	GLY	1	B	120	SER	0	0.1111	0.1925	0.2222	0.1925	0.1111	0.1925
B	121	GLY	1	B	155	PHE	1	0.4444	0.3849	0.2222	0.1925	0.3333	0.3333
B	121	GLY	1	B	156	GLN	0	0.1111	0.1925	0.1111	0.1925	0.0000	0.0000
B	122	PHE	1	B	155	PHE	1	0.1111	0.1925	0.3333	0.3333	0.2222	0.1925
B	123	TYR	0	B	90	THR	0	0.0000	0.0000	0.0000	0.0000	0.1111	0.1925
B	123	TYR	0	B	90	THR	1	0.1111	0.1925	0.2222	0.1925	0.3333	0.3333
B	123	TYR	1	B	95	VAL	1	0.6667	0.3333	0.7778	0.1925	0.5556	0.1925
B	126	SER	0	B	126	SER	1	0.1111	0.1925	0.0000	0.0000	0.0000	0.0000
B	126	SER	1	B	124	PRO	1	0.2222	0.1925	0.4444	0.5092	0.1111	0.1925
B	126	SER	1	B	126	SER	0	0.1111	0.1925	0.0000	0.0000	0.0000	0.0000
B	127	ILE	1	B	125	GLY	1	0.2222	0.3849	0.2222	0.1925	0.3333	0.0000
B	128	GLU	1	B	176	GLU	1	0.8889	0.1925	1.0000	0.0000	0.8889	0.1925
B	130	ARG	0	B	128	GLU	0	0.5556	0.5092	0.5556	0.1925	0.6667	0.0000
B	130	ARG	0	B	129	VAL	1	0.0000	0.0000	0.1111	0.1925	0.0000	0.0000
B	130	ARG	0	B	137	GLU	0	0.3333	0.3333	0.6667	0.0000	0.7778	0.1925
B	130	ARG	0	B	174	GLN	0	0.3333	0.3333	0.1111	0.1925	0.2222	0.1925
B	130	ARG	0	B	176	GLU	0	0.5556	0.5092	0.2222	0.1925	0.2222	0.1925
B	130	ARG	1	B	174	GLN	1	1.0000	0.0000	1.0000	0.0000	1.0000	0.0000
B	131	TRP	0	B	159	VAL	1	0.0000	0.0000	0.0000	0.0000	0.1111	0.1925
B	131	TRP	0	B	160	MET	1	0.1111	0.1925	0.5556	0.1925	0.0000	0.0000
B	132	PHE	1	B	172	THR	1	1.0000	0.0000	1.0000	0.0000	0.8889	0.1925
B	133	ARG	0	B	138	GLU	0	0.8889	0.1925	0.6667	0.3333	0.7778	0.3849
B	133	ARG	0	B	163	THR	0	0.0000	0.0000	0.1111	0.1925	0.0000	0.0000
B	133	ARG	0	B	169	GLU	0	1.0000	0.0000	1.0000	0.0000	1.0000	0.0000
B	133	ARG	1	B	136	GLN	1	1.0000	0.0000	1.0000	0.0000	1.0000	0.0000
B	134	ASN	0	B	133	ARG	0	0.1111	0.1925	0.0000	0.0000	0.0000	0.0000
B	134	ASN	0	B	169	GLU	0	0.5556	0.3849	0.6667	0.3333	0.6667	0.0000
B	134	ASN	1	B	170	VAL	1	0.8889	0.1925	0.8889	0.1925	0.8889	0.1925
B	136	GLN	0	B	133	ARG	1	0.0000	0.0000	0.1111	0.1925	0.0000	0.0000
B	136	GLN	0	B	134	ASN	1	0.1111	0.1925	0.0000	0.0000	0.0000	0.0000
B	136	GLN	0	B	137	GLU	1	0.1111	0.1925	0.0000	0.0000	0.0000	0.0000
B	136	GLN	0	B	138	GLU	0	0.0000	0.0000	0.1111	0.1925	0.0000	0.0000
B	136	GLN	1	B	133	ARG	1	1.0000	0.0000	1.0000	0.0000	1.0000	0.0000
B	136	GLN	1	B	134	ASN	1	0.0000	0.0000	0.1111	0.1925	0.2222	0.1925
B	137	GLU	1	B	136	GLN	0	0.0000	0.0000	0.1111	0.1925	0.1111	0.1925
B	137	GLU	1	B	137	GLU	0	0.0000	0.0000	0.0000	0.0000	0.1111	0.1925
B	138	GLU	1	B	131	TRP	1	0.8889	0.1925	0.8889	0.1925	1.0000	0.0000
B	139	LYS	0	B	137	GLU	0	0.1111	0.1925	0.2222	0.1925	0.1111	0.1925
B	139	LYS	1	B	138	GLU	0	0.3333	0.3333	0.5556	0.3849	0.3333	0.3333
B	140	ALA	1	B	138	GLU	0	0.3333	0.3333	0.5556	0.3849	0.3333	0.3333
B	142	VAL	1	B	139	LYS	1	0.0000	0.0000	0.1111	0.1925	0.4444	0.1925
B	143	VAL	1	B	141	GLY	1	0.0000	0.0000	0.1111	0.1925	0.0000	0.0000
B	143	VAL	1	B	160	MET	1	1.0000	0.0000	0.7778	0.1925	1.0000	0.0000
B	144	SER	0	B	158	LEU	1	0.1111	0.1925	0.2222	0.3849	0.0000	0.0000
B	145	THR	0	B	158	LEU	1	0.8889	0.1925	0.5556	0.1925	0.6667	0.3333
B	145	THR	1	B	144	SER	0	0.0000	0.0000	0.0000	0.0000	0.1111	0.1925
B	145	THR	1	B	158	LEU	1	0.3333	0.0000	0.7778	0.1925	0.6667	0.0000
B	146	GLY	1	B	144	SER	0	0.3333	0.3333	0.1111	0.1925	0.0000	0.0000
B	146	GLY	1	B	144	SER	1	0.0000	0.0000	0.1111	0.1925	0.0000	0.0000
B	148	ILE	1	B	156	GLN	1	0.8889	0.1925	0.7778	0.1925	0.8889	0.1925
B	149	GLN	0	A	28	GLY	1	0.1111	0.1925	0.2222	0.1925	0.3333	0.0000
B	149	GLN	0	A	29	ASH	0	0.0000	0.0000	0.1111	0.1925	0.2222	0.1925
B	149	GLN	1	B	149	GLN	0	0.1111	0.1925	0.0000	0.0000	0.0000	0.0000
B	150	ASN	0	A	94	ASN	0	0.7778	0.3849	0.4444	0.3849	0.7778	0.3849
B	150	ASN	0	B	154	THR	0	0.3333	0.3333	0.2222	0.1925	0.1111	0.1925
B	150	ASN	0	B	156	GLN	0	0.0000	0.0000	0.0000	0.0000	0.1111	0.1925
B	150	ASN	1	B	154	THR	1	0.8889	0.1925	1.0000	0.0000	0.8889	0.1925
B	151	GLY	1	B	149	GLN	0	0.3333	0.5774	0.0000	0.0000	0.1111	0.1925
B	151	GLY	1	B	149	GLN	1	0.0000	0.0000	0.1111	0.1925	0.2222	0.1925
B	152	ASP	1	B	149	GLN	0	0.2222	0.3849	0.1111	0.1925	0.2222	0.3849
B	152	ASP	1	B	150	ASN	0	0.7778	0.3849	0.5556	0.5092	0.7778	0.3849
B	152	ASP	1	B	150	ASN	1	0.1111	0.1925	0.0000	0.0000	0.1111	0.1925
B	153	TRP	0	A	30	GLU	1	1.0000	0.0000	1.0000	0.0000	1.0000	0.0000
B	153	TRP	1	A	29	ASH	0	0.5556	0.3849	0.6667	0.0000	0.5556	0.5092
B	153	TRP	1	B	149	GLN	0	0.0000	0.0000	0.0000	0.0000	0.1111	0.1925
B	153	TRP	1	B	151	GLY	1	0.1111	0.1925	0.0000	0.0000	0.0000	0.0000
B	154	THR	0	B	150	ASN	0	0.0000	0.0000	0.2222	0.1925	0.1111	0.1925
B	154	THR	0	B	152	ASP	1	0.2222	0.3849	0.2222	0.1925	0.1111	0.1925
B	154	THR	0	B	154	THR	1	0.0000	0.0000	0.0000	0.0000	0.1111	0.1925
B	154	THR	1	B	149	GLN	0	0.2222	0.3849	0.2222	0.1925	0.1111	0.1925
B	154	THR	1	B	150	ASN	0	0.6667	0.3333	0.3333	0.3333	0.6667	0.3333
B	155	PHE	1	B	122	PHE	1	1.0000	0.0000	1.0000	0.0000	1.0000	0.0000
B	156	GLN	0	A	93	THR	1	0.8889	0.1925	0.7778	0.1925	0.7778	0.1925
B	156	GLN	0	A	94	ASN	1	0.1111	0.1925	0.2222	0.3849	0.0000	0.0000
B	156	GLN	0	B	120	SER	0	0.0000	0.0000	0.1111	0.1925	0.0000	0.0000
B	156	GLN	0	B	150	ASN	0	0.2222	0.3849	0.4444	0.5092	0.2222	0.3849
B	156	GLN	0	B	154	THR	1	0.0000	0.0000	0.0000	0.0000	0.1111	0.1925
B	156	GLN	1	B	148	ILE	1	1.0000	0.0000	1.0000	0.0000	1.0000	0.0000
B	157	THR	0	B	146	GLY	1	1.0000	0.0000	0.5556	0.1925	0.5556	0.1925
B	157	THR	0	B	156	GLN	1	0.0000	0.0000	0.1111	0.1925	0.2222	0.1925
B	157	THR	1	B	119	VAL	1	1.0000	0.0000	0.8889	0.1925	1.0000	0.0000
B	158	LEU	1	B	145	THR	0	0.4444	0.3849	0.0000	0.0000	0.3333	0.5774
B	158	LEU	1	B	157	THR	0	0.2222	0.3849	0.3333	0.3333	0.0000	0.0000
B	159	VAL	1	B	117	CYX	1	1.0000	0.0000	1.0000	0.0000	1.0000	0.0000
B	160	MET	1	B	143	VAL	1	1.0000	0.0000	1.0000	0.0000	1.0000	0.0000
B	161	LEU	1	B	115	LEU	1	1.0000	0.0000	1.0000	0.0000	0.8889	0.1925
B	162	GLU	1	B	141	GLY	1	0.6667	0.3333	0.5556	0.5092	0.8889	0.1925
B	163	THR	0	B	112	HIE	0	0.0000	0.0000	0.1111	0.1925	0.0000	0.0000
B	163	THR	0	B	112	HIE	1	0.0000	0.0000	0.0000	0.0000	0.1111	0.1925
B	163	THR	0	B	113	ASN	1	0.4444	0.5092	0.1111	0.1925	0.1111	0.1925
B	163	THR	0	B	163	THR	1	0.1111	0.1925	0.0000	0.0000	0.1111	0.1925
B	163	THR	1	B	113	ASN	1	0.7778	0.3849	0.2222	0.3849	0.3333	0.3333
B	163	THR	1	B	161	LEU	1	0.1111	0.1925	0.1111	0.1925	0.0000	0.0000
B	164	VAL	1	B	171	TYR	0	0.5556	0.3849	0.5556	0.3849	0.5556	0.3849
B	166	ARG	0	B	167	SER	1	0.2222	0.3849	0.0000	0.0000	0.0000	0.0000
B	166	ARG	0	B	169	GLU	0	0.6667	0.3333	0.6667	0.3333	0.7778	0.3849
B	166	ARG	1	B	164	VAL	1	0.7778	0.3849	0.5556	0.5092	0.4444	0.3849
B	166	ARG	1	B	169	GLU	0	0.0000	0.0000	0.1111	0.1925	0.0000	0.0000
B	167	SER	0	B	190	ALA	0	0.1111	0.1925	0.2222	0.1925	0.0000	0.0000
B	167	SER	0	B	190	ALA	1	0.1111	0.1925	0.2222	0.1925	0.0000	0.0000
B	168	GLY	1	B	190	ALA	0	0.4444	0.5092	0.5556	0.1925	0.5556	0.1925
B	168	GLY	1	B	190	ALA	1	0.3333	0.3333	0.3333	0.3333	0.3333	0.0000
B	169	GLU	1	B	166	ARG	1	0.0000	0.0000	0.1111	0.1925	0.0000	0.0000
B	169	GLU	1	B	167	SER	1	0.1111	0.1925	0.1111	0.1925	0.0000	0.0000
B	169	GLU	1	B	190	ALA	1	0.0000	0.0000	0.0000	0.0000	0.1111	0.1925
B	170	VAL	1	B	134	ASN	0	0.5556	0.3849	0.7778	0.1925	0.6667	0.3333
B	170	VAL	1	B	169	GLU	0	0.1111	0.1925	0.1111	0.1925	0.0000	0.0000
B	171	TYR	0	B	169	GLU	0	0.0000	0.0000	0.1111	0.1925	0.0000	0.0000
B	171	TYR	1	B	188	TRP	1	1.0000	0.0000	1.0000	0.0000	1.0000	0.0000
B	172	THR	0	B	171	TYR	1	0.2222	0.3849	0.2222	0.3849	0.1111	0.1925
B	172	THR	0	B	187	GLU	0	0.0000	0.0000	0.1111	0.1925	0.1111	0.1925
B	172	THR	1	B	132	PHE	1	1.0000	0.0000	0.8889	0.1925	1.0000	0.0000
B	173	CYX	1	B	186	VAL	1	1.0000	0.0000	1.0000	0.0000	1.0000	0.0000
B	174	GLN	0	B	176	GLU	0	0.0000	0.0000	0.2222	0.1925	0.0000	0.0000
B	174	GLN	0	B	185	THR	0	0.3333	0.3333	0.0000	0.0000	0.2222	0.1925
B	174	GLN	1	B	130	ARG	1	1.0000	0.0000	1.0000	0.0000	1.0000	0.0000
B	175	VAL	1	B	184	LEU	1	1.0000	0.0000	1.0000	0.0000	1.0000	0.0000
B	176	GLU	1	B	128	GLU	1	1.0000	0.0000	1.0000	0.0000	1.0000	0.0000
B	177	HIE	0	B	124	PRO	1	1.0000	0.0000	1.0000	0.0000	0.8889	0.1925
B	177	HIE	0	B	126	SER	1	0.0000	0.0000	0.0000	0.0000	0.1111	0.1925
B	179	SER	0	B	95	VAL	1	0.6667	0.3333	0.5556	0.1925	0.6667	0.0000
B	179	SER	0	B	123	TYR	1	0.1111	0.1925	0.1111	0.1925	0.1111	0.1925
B	179	SER	0	B	177	HIE	0	0.0000	0.0000	0.3333	0.0000	0.2222	0.1925
B	179	SER	1	B	177	HIE	0	0.8889	0.1925	0.8889	0.1925	1.0000	0.0000
B	180	VAL	1	B	177	HIE	1	0.6667	0.0000	0.6667	0.0000	0.6667	0.3333
B	182	SER	0	B	181	THR	1	0.0000	0.0000	0.0000	0.0000	0.1111	0.1925
B	182	SER	0	B	182	SER	1	0.0000	0.0000	0.1111	0.1925	0.0000	0.0000
B	182	SER	1	B	181	THR	1	0.1111	0.1925	0.0000	0.0000	0.0000	0.0000
B	184	LEU	1	B	175	VAL	1	0.7778	0.1925	1.0000	0.0000	1.0000	0.0000
B	185	THR	0	B	183	PRO	1	0.1111	0.1925	0.0000	0.0000	0.0000	0.0000
B	185	THR	0	B	184	LEU	1	0.0000	0.0000	0.0000	0.0000	0.1111	0.1925
B	185	THR	0	B	185	THR	1	0.0000	0.0000	0.1111	0.1925	0.0000	0.0000
B	186	VAL	1	B	173	CYX	1	1.0000	0.0000	1.0000	0.0000	1.0000	0.0000
B	187	GLU	1	B	187	GLU	0	0.1111	0.1925	0.0000	0.0000	0.0000	0.0000
B	188	TRP	1	B	171	TYR	1	1.0000	0.0000	0.8889	0.1925	1.0000	0.0000
B	189	ARG	0	B	187	GLU	0	0.8889	0.1925	0.8889	0.1925	1.0000	0.0000
B	190	ALA	1	B	169	GLU	1	0.8889	0.1925	1.0000	0.0000	0.8889	0.1925
C	102	LYS	0	A	49	GLY	1	0.1111	0.1925	0.0000	0.0000	0.0000	0.0000
C	102	LYS	0	A	52	ALA	1	0.1111	0.1925	0.0000	0.0000	0.0000	0.0000
C	102	LYS	0	C	103	PRO	1	0.0000	0.0000	0.1111	0.1925	0.0000	0.0000
C	102	LYS	1	A	50	ARG	1	0.0000	0.0000	0.0000	0.0000	0.1111	0.1925
C	102	LYS	1	A	51	PHE	1	0.0000	0.0000	0.0000	0.0000	0.1111	0.1925
C	104	VAL	1	A	51	PHE	1	0.7778	0.1925	0.6667	0.0000	0.7778	0.1925
C	104	VAL	1	C	101	ACE	1	0.1111	0.1925	0.0000	0.0000	0.0000	0.0000
C	105	SER	0	A	51	PHE	1	0.1111	0.1925	0.1111	0.1925	0.3333	0.0000
C	105	SER	1	A	51	PHE	1	0.6667	0.0000	0.7778	0.1925	0.8889	0.1925
C	105	SER	1	C	101	ACE	1	0.1111	0.1925	0.0000	0.0000	0.0000	0.0000
C	105	SER	1	C	102	LYS	1	0.0000	0.0000	0.0000	0.0000	0.1111	0.1925
C	105	SER	1	C	103	PRO	1	0.0000	0.0000	0.1111	0.1925	0.0000	0.0000
C	106	LYS	0	A	55	GLU	0	0.3333	0.0000	0.2222	0.1925	0.5556	0.3849
C	106	LYS	1	C	103	PRO	1	0.0000	0.0000	0.0000	0.0000	0.1111	0.1925
C	106	LYS	1	C	105	SER	0	0.2222	0.3849	0.0000	0.0000	0.0000	0.0000
C	107	TRP	1	A	53	SER	1	0.7778	0.3849	0.7778	0.1925	1.0000	0.0000
C	108	ARG	0	B	76	ASP	0	0.0000	0.0000	0.1111	0.1925	0.0000	0.0000
C	108	ARG	0	B	76	ASP	1	0.0000	0.0000	0.1111	0.1925	0.0000	0.0000
C	108	ARG	0	B	77	THR	1	0.6667	0.3333	0.5556	0.5092	0.1111	0.1925
C	108	ARG	0	B	81	HIP	1	0.1111	0.1925	0.0000	0.0000	0.0000	0.0000
C	108	ARG	0	C	106	LYS	1	0.0000	0.0000	0.1111	0.1925	0.4444	0.5092
C	108	ARG	0	C	109	MET	1	0.2222	0.3849	0.0000	0.0000	0.0000	0.0000
C	108	ARG	1	B	82	MTS	0	0.8889	0.1925	0.0000	0.0000	1.0000	0.0000
C	110	ALA	1	A	9	GLN	0	0.8889	0.1925	1.0000	0.0000	1.0000	0.0000
C	111	THR	0	A	62	ASN	0	0.2222	0.1925	0.0000	0.0000	0.0000	0.0000
C	111	THR	0	C	111	THR	1	0.0000	0.0000	0.0000	0.0000	0.1111	0.1925
C	111	THR	1	B	74	ALA	1	0.0000	0.0000	0.0000	0.0000	0.2222	0.3849
C	115	MET	1	A	69	ASN	0	1.0000	0.0000	0.8889	0.1925	0.8889	0.1925
C	116	GLN	0	B	56	PRO	1	0.1111	0.1925	0.2222	0.3849	0.6667	0.3333
C	116	GLN	0	B	57	ASP	0	0.1111	0.1925	0.3333	0.3333	0.7778	0.3849
C	116	GLN	1	B	57	ASP	0	0.8889	0.1925	0.8889	0.1925	0.3333	0.3333
C	117	ALA	1	C	114	LEU	1	0.0000	0.0000	0.0000	0.0000	0.4444	0.1925
C	117	ALA	1	C	115	MET	1	0.0000	0.0000	0.0000	0.0000	0.3333	0.3333
C	117	ALA	1	C	116	GLN	0	0.1111	0.1925	0.0000	0.0000	0.0000	0.0000
C	118	LEU	1	C	116	GLN	0	0.3333	0.5774	0.2222	0.3849	0.0000	0.0000
C	118	LEU	1	C	116	GLN	1	0.2222	0.3849	0.0000	0.0000	0.0000	0.0000
C	120	MET	1	C	116	GLN	0	0.0000	0.0000	0.1111	0.1925	0.0000	0.0000
C	120	MET	1	C	118	LEU	1	0.0000	0.0000	0.1111	0.1925	0.1111	0.1925
