bspair1	bspair2	aT41A.pcca1	aT41A.pcca1	bN82A.pcca2	bN82A.pcca2	lsdm	sdiff	score	pval
		mf	sf	mf	sf				
A_119_1_A_118_0	A_119_1_A_118_0	0.0000	0.0000	-1.0000	0.0000	1	1.0000	6369051672525772.0000	0.0000
A_124_0_A_159_0	A_119_1_A_118_0	0.0000	0.0000	0.3708	0.1549	1	-0.0610	-2.3939	0.0167
A_124_0_A_159_0	A_124_0_A_159_0	0.0000	0.0000	-1.0000	0.0000	1	1.0000	5696652996790543.0000	0.0000
A_50_0_A_47_0	B_157_0_B_146_1	-0.9769	0.2405	0.0000	0.0000	1	-0.4959	-4.0619	0.0000
A_50_1_A_46_1	A_50_1_A_46_1	-0.6667	0.3333	0.0000	0.0000	1	-0.0000	-2.0000	0.0455
A_59_1_A_56_1	A_59_1_A_56_1	-1.0000	0.0000	0.0000	0.0000	1	-1.0000	-4503599627370496.0000	0.0000
A_5_0_A_27_0	A_59_1_A_56_1	1.1977	0.4905	0.0000	0.0000	1	0.2167	2.4417	0.0146
A_5_0_A_27_0	A_5_0_A_27_0	-1.0000	0.0000	0.0000	0.0000	1	-1.0000	-4246034448350516.5000	0.0000
B_145_1_B_158_1	A_59_1_A_56_1	0.5454	0.2657	0.0000	0.0000	1	0.0141	2.0530	0.0401
B_145_1_B_158_1	B_145_1_B_158_1	-1.0000	0.0000	0.0000	0.0000	1	-1.0000	-6369051672525772.0000	0.0000
B_157_0_B_146_1	A_50_0_A_47_0	-1.0693	0.2806	0.0000	0.0000	1	-0.5082	-3.8112	0.0001
B_157_0_B_146_1	B_157_0_B_146_1	-1.0000	0.0000	0.0000	0.0000	1	-1.0000	-6369051672525772.0000	0.0000
B_157_0_B_146_1	B_93_0_A_47_0	1.1049	0.1816	0.0000	0.0000	1	0.7416	6.0835	0.0000
B_157_0_B_146_1	B_98_0_B_96_1	0.8664	0.2315	0.0000	0.0000	1	0.4034	3.7429	0.0002
B_179_0_B_95_1	B_179_0_B_95_1	-0.6667	0.3333	0.0000	0.0000	1	-0.0000	-2.0000	0.0455
B_26_1_B_42_0	B_26_1_B_42_0	-0.6667	0.3333	0.0000	0.0000	1	-0.0000	-2.0000	0.0455
B_51_1_B_37_1	B_90_1_B_86_1	0.6667	0.3333	0.0000	0.0000	1	0.0000	2.0000	0.0455
B_60_1_B_57_1	B_51_1_B_37_1	-4.7137	2.4491	0.7766	1.2280	1	-0.0109	-2.0040	0.0451
B_62_1_B_58_1	B_62_1_B_58_1	-0.6667	0.3333	0.0000	0.0000	1	-0.0000	-2.0000	0.0455
B_6_0_B_4_1	B_6_0_B_4_1	-1.0000	0.0000	0.0000	0.0000	1	-1.0000	-9007199254740991.0000	0.0000
B_89_1_B_86_1	B_145_1_B_158_1	-1.0488	0.0743	0.0000	0.0000	1	-0.9002	-14.1126	0.0000
B_90_1_B_86_1	B_51_1_B_37_1	0.6667	0.3333	0.0000	0.0000	1	0.0000	2.0000	0.0455
B_90_1_B_86_1	B_90_1_B_86_1	-0.6667	0.3333	0.0000	0.0000	1	-0.0000	-2.0000	0.0455
B_93_0_A_47_0	B_123_1_B_95_1	-0.7817	0.3782	0.0000	0.0000	1	-0.0253	-2.0669	0.0387
B_93_0_A_47_0	B_157_0_B_146_1	0.9202	0.1382	0.0000	0.0000	1	0.6439	6.6609	0.0000
B_93_0_B_153_1	B_93_0_B_153_1	-1.0000	0.0000	0.0000	0.0000	1	-1.0000	-12738103345051544.0000	0.0000
B_96_1_B_96_0	B_96_1_B_96_0	-0.6667	0.3333	0.0000	0.0000	1	-0.0000	-2.0000	0.0455
B_98_0_B_96_1	B_98_0_B_96_1	-1.0000	0.0000	0.0000	0.0000	1	-1.0000	-12738103345051544.0000	0.0000
