bspair1	bspair2	bN82A.pcca2	bN82A.pcca2	WT.pcca2	WT.pcca2	lsdm	sdiff	score	pval
		mf	sf	mf	sf				
A_124_0_A_159_0	A_119_1_A_118_0	0.3708	0.1549	0.0000	0.0000	1	0.0610	2.3939	0.0167
A_124_0_A_159_0	A_124_0_A_159_0	-1.0000	0.0000	0.0000	0.0000	1	-1.0000	-5696652996790543.0000	0.0000
A_156_0_A_158_0	A_156_0_A_158_0	0.0000	0.0000	-1.0000	0.0000	1	1.0000	5696652996790543.0000	0.0000
A_158_1_A_156_0	A_158_1_A_156_0	-0.6667	0.3333	0.0000	0.0000	1	-0.0000	-2.0000	0.0455
A_62_1_A_58_1	A_62_1_A_58_1	0.0000	0.0000	-1.0000	0.0000	1	1.0000	4503599627370496.0000	0.0000
A_62_1_A_58_1	B_180_1_B_177_1	0.0000	0.0000	-1.1284	0.4240	1	0.2805	2.6616	0.0078
B_111_0_A_184_0	B_111_0_A_184_0	0.0000	0.0000	-1.0000	0.0000	1	1.0000	5696652996790543.0000	0.0000
B_111_0_A_184_0	B_60_1_B_57_1	0.0000	0.0000	0.8287	0.3072	1	-0.2143	-2.6974	0.0070
B_180_1_B_177_1	B_180_1_B_177_1	0.0000	0.0000	-1.0000	0.0000	1	1.0000	inf	0.0000
B_60_1_B_57_1	B_111_0_A_184_0	0.0000	0.0000	1.6146	0.6953	1	-0.2240	-2.3222	0.0202
B_81_0_C_106_1	B_81_0_C_106_1	0.0000	0.0000	-1.0000	0.0000	1	1.0000	6369051672525772.0000	0.0000
B_83_0_B_87_0	B_83_0_B_87_0	0.0000	0.0000	-1.0000	0.0000	1	1.0000	5696652996790543.0000	0.0000
