rgn	WT.pcca2	WT.pcca2	bN82A.pcca2	bN82A.pcca2	aT41A.pcca1	aT41A.pcca1
	mf	sf	mf	sf	mf	sf
a1_0	0.7570	0.8351	0.5858	1.1846	0.1367	0.9031
a1_1	-0.7705	0.0987	-0.8591	0.1590	-0.7595	0.1435
a1_10	1.5488	2.2571	0.0340	1.7828	-0.6029	1.8091
a1_11	-0.4011	0.7875	-1.1806	0.9993	0.7702	1.1533
a1_12	0.8317	1.2718	-0.6197	0.5418	0.3878	0.8353
a1_13	0.8365	0.8852	-0.0121	0.9861	0.3361	1.2543
a1_14	0.3683	1.2797	0.3584	1.1677	-0.0102	0.5568
a1_15	-0.6432	1.3637	0.0678	0.9837	-0.1169	0.3767
a1_17	-0.2281	0.9312	0.4034	0.6974	-0.4629	0.2438
a1_2	1.2755	0.1165	1.3618	0.1394	1.3742	0.1731
a1_21	0.1058	1.9523	-0.9896	1.3306	-0.1631	0.9657
a1_22	-1.2817	0.6268	0.1478	0.2093	-1.4877	0.9270
a1_23	0.4540	0.3945	-0.0649	0.5816	0.6961	0.8933
a1_24	-1.2609	0.0439	-1.3789	0.2896	-0.6538	0.4613
a1_4	1.0439	0.4273	1.2392	0.3304	0.9100	0.6370
a1_5	-0.2642	0.2999	0.0143	0.7305	-0.0048	0.3486
a1_6	-0.0817	1.3019	0.1710	0.4108	0.1252	0.5423
a1_8	-0.4214	0.3182	0.4540	0.6264	0.6759	0.1676
a2_0	-1.1430	1.3043	0.3671	0.3279	-0.3188	1.1102
a2_11	0.2833	1.1467	1.2667	1.0330	2.3262	1.0944
a2_12	-0.8614	2.7080	0.9926	0.1021	0.8780	0.8037
a2_15	-0.3073	0.8688	-0.3667	0.6782	0.4861	0.9329
a2_17	0.3494	0.1919	0.0991	0.4608	0.1606	1.0440
a2_19	0.7156	0.4146	-1.0899	1.0374	1.0502	1.1906
a2_23	-0.8362	0.2281	0.0641	1.0318	-0.1837	1.5134
a2_25	0.4363	1.7527	0.7439	1.6756	1.7823	0.0439
a2_26	0.0861	0.5047	0.2100	0.4682	-0.4873	1.1793
a2_28	0.0647	0.8724	0.4845	1.1743	-0.3095	1.0017
a2_29	-0.2365	1.3484	0.5050	2.1431	1.2374	0.2837
a2_3	0.7185	0.2246	0.2291	1.4370	0.1798	0.6554
a2_30	0.0465	0.5324	-0.0299	0.7185	-0.2840	1.1378
a2_4	-0.8361	1.0922	0.3212	0.3689	0.3173	1.1682
a2_7	-0.4842	1.5284	0.0491	1.7084	-0.5901	0.3621
b1_0	-0.2116	1.3977	-0.1673	0.7965	-0.2083	1.5800
b1_10	0.0058	0.2281	-0.0652	0.1631	0.3674	1.0216
b1_11	-0.1441	0.4456	0.0845	0.8167	1.1050	1.3556
b1_14	0.0497	1.6071	-0.1993	1.2905	-0.2053	0.6078
b1_16	-0.2073	1.7614	0.1244	0.7727	0.6495	0.8013
b1_17	-0.7108	2.1042	0.9049	1.9217	0.4840	0.3908
b1_18	-0.2890	0.0130	-0.4059	1.0543	-0.1024	0.9980
b1_2	0.1191	0.3743	0.3096	0.9800	-0.8522	0.9952
b1_20	0.0491	1.4191	0.0119	1.2675	0.5066	0.5484
b1_21	0.6330	1.0075	-0.6260	1.2721	-0.2270	0.9041
b1_22	0.2595	0.7860	-0.4331	0.7623	-0.3026	0.6212
b1_25	0.2374	0.3813	-1.1183	0.8405	-1.1852	1.3979
b1_27	0.9863	0.9264	-0.2496	1.4187	0.3143	0.6852
b1_29	0.0905	0.8458	-0.7528	0.3371	0.1731	1.0550
b1_3	-0.2046	1.5024	-0.6820	0.9081	-1.1849	0.4677
b1_6	0.4148	0.3996	0.1881	0.5629	-0.3185	0.7169
b1_7	1.6453	2.2856	-1.6658	1.1856	0.3264	0.0924
b1_8	1.1637	0.7703	0.7091	1.2145	0.8008	0.3232
b2_0	-0.4777	0.4449	0.0108	0.5187	0.7628	0.6673
b2_1	-0.5825	1.5486	-1.2789	2.5567	1.1489	1.7692
b2_11	0.4788	1.4435	-0.3036	1.5962	-0.8656	0.8961
b2_12	-0.1682	1.1343	0.0321	2.4970	-0.2137	1.3363
b2_13	0.3421	1.1929	1.6686	0.6027	1.2131	0.3960
b2_14	-0.2171	1.1113	0.2527	0.6087	-0.0227	0.6368
b2_15	-0.1027	0.7441	-1.2305	1.5599	0.0746	1.2737
b2_18	0.7081	0.6199	0.4610	0.5661	1.1843	1.1551
b2_20	-1.1495	0.6669	0.0320	0.1435	-0.0050	0.3086
b2_22	0.0009	0.7652	-0.2499	1.9197	0.0945	0.6456
b2_24	0.7161	1.8687	-1.2327	1.5914	-0.1408	1.2329
b2_25	-0.8613	0.6198	-0.1826	0.9074	0.8503	0.9615
b2_26	0.5075	0.9988	-0.9987	0.2845	-0.5363	0.0733
b2_27	1.0504	1.5298	0.1922	0.3062	0.4599	0.1675
b2_3	-0.0882	2.0966	0.5516	0.3839	-0.0934	1.0354
b2_31	-0.1217	0.3916	-0.3716	1.2824	-0.0905	0.3951
b2_4	-0.4915	0.1572	0.2827	0.3728	-0.3323	0.6392
b2_5	-0.0344	0.2878	0.0697	0.7114	-0.2493	0.4319
c2_0	-0.3787	2.2083	0.3717	0.6384	-0.1574	2.4222
c2_1	-0.1876	0.6636	-0.4322	1.9953	0.0143	0.9714
c2_2	-0.1726	0.7010	-0.1127	1.3550	1.0820	0.7296
c2_4	0.3574	0.9414	1.4078	0.2164	0.4268	0.6853
c2_5	-0.9794	0.8447	-1.4670	0.0884	-1.0227	0.4557
c2_6	-0.3949	1.2488	0.7703	0.3786	-1.9588	0.9280
