rgn	WT.pcca2	WT.pcca2	bN82A.pcca2	bN82A.pcca2	aT41A.pcca1	aT41A.pcca1
	mf	sf	mf	sf	mf	sf
a1_0	9.3456	0.4117	9.0861	0.6154	8.6754	0.6063
a1_1	9.3503	0.3445	9.5363	0.0471	9.1973	0.2092
a1_10	7.8002	0.1898	7.0986	0.3311	7.4238	0.1199
a1_11	7.3266	0.3902	7.3720	0.1792	7.6496	0.7633
a1_12	8.0592	0.9151	8.5813	0.2051	8.2724	0.3856
a1_13	7.7442	0.3496	7.4265	1.0648	7.4455	0.6087
a1_14	4.3669	0.8797	4.5777	0.3295	4.8597	0.7759
a1_15	6.6796	0.3478	6.8412	0.2513	7.0599	0.3405
a1_16	9.2261	0.1707	8.7196	0.0703	8.4019	0.8578
a1_17	5.6333	0.7886	4.9399	0.2241	4.8546	0.1282
a1_18	4.9874	0.9158	4.1586	0.3718	4.2650	0.2994
a1_19	4.8522	0.1818	4.7317	0.7767	4.9432	0.7549
a1_2	8.5643	0.0549	8.6363	0.3879	8.4909	0.2308
a1_20	4.6479	0.1358	4.3137	0.3515	4.6554	0.1490
a1_21	4.4036	0.5202	4.7312	0.3080	4.6727	0.0613
a1_22	4.3923	0.5398	5.0314	0.5242	4.5752	0.3788
a1_23	4.6956	0.8964	4.4090	0.2252	3.7492	0.4315
a1_24	6.0157	0.3711	5.8270	0.3249	5.8403	0.0073
a1_25	6.4959	0.5059	6.4020	0.1686	6.4729	0.2055
a1_26	6.3929	0.5726	5.2269	0.2650	5.0648	0.5511
a1_27	6.2262	0.1781	6.8734	0.2259	6.5364	0.4988
a1_3	9.4176	0.1732	9.3237	0.0876	9.5259	0.1598
a1_4	6.3081	0.5912	5.8030	0.2488	6.0475	0.4751
a1_5	7.3321	0.6066	7.7875	0.3734	7.9224	0.2624
a1_6	8.8657	0.2398	8.8005	0.4888	8.7534	0.1372
a1_7	8.6260	0.1592	8.5906	0.0795	8.4874	0.0689
a1_8	6.0620	0.5596	6.0380	0.2997	5.3432	0.4030
a1_9	7.9228	0.4392	8.3856	0.2949	8.2512	0.2899
a2_0	9.1043	0.2538	9.4216	0.1160	8.8140	0.5205
a2_1	8.8406	0.4867	8.5577	0.2941	8.8476	0.3023
a2_10	9.1598	0.6293	8.8234	0.5154	9.1294	0.3747
a2_11	9.2252	0.4971	9.3988	0.4283	9.5272	0.1346
a2_12	7.6400	0.3351	7.5782	0.1773	7.5131	0.3077
a2_13	7.2098	1.0783	6.9190	0.3318	7.2555	0.1603
a2_14	6.6969	0.4581	7.2362	1.0646	6.9795	0.6713
a2_15	7.3321	0.3527	7.3831	0.5749	7.5042	0.4065
a2_16	6.3546	0.7194	7.0994	0.4209	7.0137	0.5186
a2_17	7.0084	0.7824	7.3458	0.2318	6.6680	0.4039
a2_18	6.7058	0.3777	6.5886	0.6140	7.3534	0.3793
a2_19	8.5117	0.5894	8.4389	0.4352	8.4884	0.2976
a2_2	6.2380	0.5325	5.9435	0.4384	5.6050	0.3197
a2_20	8.9259	0.4671	9.0147	0.2420	9.0623	0.1116
a2_21	6.6669	0.5165	7.0877	0.9274	7.1691	0.2751
a2_22	7.2289	0.4701	6.9479	0.1935	7.0390	0.5222
a2_23	7.4171	0.3072	7.6904	0.2564	7.8523	0.3136
a2_24	9.4473	0.1004	9.3699	0.3585	9.3489	0.2612
a2_25	9.0788	0.1374	9.1964	0.1653	9.2884	0.1941
a2_26	7.2448	0.6959	7.8189	0.4857	7.0848	0.9787
a2_27	7.1882	0.3348	7.3351	0.6140	7.0057	0.5417
a2_28	6.9314	0.4567	7.6976	0.3569	6.7376	0.5268
a2_29	8.9214	0.2370	8.8595	0.4850	8.4193	0.6962
a2_3	5.8644	0.7355	6.2090	0.3071	6.1101	0.5331
a2_30	7.3040	0.2420	7.7869	0.4160	7.8742	0.3668
a2_31	7.0208	0.0615	6.5688	0.6020	6.6158	0.2425
a2_32	7.6837	2.0028	7.2215	1.3969	8.6604	0.9344
a2_4	6.2174	0.2433	5.6374	0.2878	6.3159	0.2026
a2_5	7.8530	0.1568	8.2996	0.6850	8.2613	0.4753
a2_6	9.5436	0.2705	9.4954	0.1669	9.2973	0.3691
a2_7	8.1767	0.2664	8.5918	0.2749	8.5392	0.3919
a2_8	6.6779	0.0944	6.6528	0.4116	6.5065	0.4033
a2_9	7.0078	0.1242	6.9147	0.7346	7.0525	0.5175
b1_0	6.9538	0.4835	6.5618	0.2575	6.9877	0.4986
b1_1	9.0698	0.7383	9.7173	0.2265	9.3160	0.0706
b1_10	7.0364	0.5008	7.2903	0.2391	6.6114	0.5102
b1_11	8.9100	0.2911	8.6855	0.6249	8.9162	0.3311
b1_12	7.1074	0.3811	7.2922	0.5600	7.2365	0.0915
b1_13	6.7592	0.6787	7.1527	0.2193	6.7991	0.5273
b1_14	7.6570	0.2375	8.0529	0.1403	7.5325	0.7879
b1_15	8.1431	0.3299	8.4763	0.4411	8.5852	0.4516
b1_16	5.6857	0.6955	4.8303	0.2475	4.9821	0.5763
b1_17	4.4753	0.0233	3.8484	0.4069	4.2240	0.6961
b1_18	4.6456	0.6129	5.3163	0.2806	5.6697	1.0242
b1_19	5.3920	0.9496	6.3126	0.7238	5.8804	1.2687
b1_2	9.4052	0.1059	9.3256	0.1509	9.6082	0.0580
b1_20	4.8732	0.5616	5.4959	0.4993	5.8525	1.0216
b1_21	5.1786	0.9519	4.3580	0.4594	4.9336	0.4220
b1_22	4.8326	0.3105	4.5744	0.1757	4.8955	1.1664
b1_23	3.4390	0.9481	3.9525	1.0275	5.2840	0.8044
b1_24	7.2720	0.8444	6.9128	0.7261	5.6401	0.7157
b1_25	4.2718	0.7317	5.4597	0.9843	4.8736	0.8145
b1_26	4.0439	0.3968	5.8058	1.2137	6.3256	1.9522
b1_27	5.3759	0.3248	5.7205	0.9810	5.3300	1.1012
b1_28	7.1839	0.6042	6.7728	0.1760	6.6270	1.3569
b1_29	6.6481	0.7819	7.4934	0.5313	6.3547	0.7678
b1_3	9.4378	0.1852	9.2665	0.3323	9.5852	0.2520
b1_4	8.3550	0.5644	8.4395	0.6672	8.7891	0.2581
b1_5	6.0529	0.8289	6.1311	0.9647	6.4608	0.1953
b1_6	8.4764	1.0115	6.6375	0.6645	6.9618	0.1935
b1_7	9.3107	0.2037	9.5561	0.3304	9.3153	0.3087
b1_8	9.0651	0.4277	8.9532	0.1738	8.9478	0.1633
b1_9	8.3488	0.3409	8.5226	0.3384	8.3767	0.2594
b2_0	8.4340	0.0319	8.0906	0.0820	8.0760	0.2297
b2_1	7.4803	0.7213	7.5974	0.3117	7.3645	0.5842
b2_10	5.7239	0.3825	5.0656	0.7870	4.9158	0.6178
b2_11	9.4011	0.3967	9.1931	0.1541	8.7802	0.3039
b2_12	9.2076	0.5553	8.9408	0.2185	9.2091	0.1005
b2_13	7.4995	0.0984	7.3150	0.4373	7.4563	0.0850
b2_14	7.4309	0.6344	7.6189	0.9616	7.4028	0.2097
b2_15	7.4614	0.6034	7.5902	0.7357	7.6337	0.6469
b2_16	8.7030	0.7673	8.2370	0.8114	8.0951	0.2305
b2_17	7.4695	0.5970	6.5371	0.4803	7.4175	0.8746
b2_18	7.7990	0.6627	8.2310	0.4673	8.1982	0.2223
b2_19	7.6176	0.2177	7.5944	0.2237	7.6574	0.2326
b2_2	8.2758	0.6450	8.2767	0.5958	8.5518	0.4973
b2_20	8.7002	0.5207	9.0745	0.1402	8.6904	0.6305
b2_21	8.3001	0.6254	8.4288	0.1342	8.8906	0.1082
b2_22	7.9381	0.3681	8.1964	0.4501	7.9581	0.5424
b2_23	6.0802	0.1369	5.8015	0.5888	5.6539	0.4055
b2_24	6.4112	0.5761	6.3286	0.8656	6.9165	0.3030
b2_25	8.6816	0.1711	8.4196	0.5316	8.7339	0.4785
b2_26	9.2664	0.1343	9.1582	0.2960	9.3796	0.2125
b2_27	8.9715	0.2440	8.5792	0.1732	8.8727	0.2445
b2_28	6.2890	0.1202	6.0472	0.5934	6.1519	0.5058
b2_29	6.1915	0.2131	6.4986	0.4669	6.3312	0.5570
b2_3	7.4623	0.0893	7.2176	0.8826	7.4612	0.2910
b2_30	8.8388	0.6899	9.0051	0.2511	8.7600	0.6487
b2_31	8.6331	0.1361	8.7571	0.2538	8.3434	0.8781
b2_4	7.1736	0.7427	7.0575	0.2651	6.2271	0.5016
b2_5	6.5144	0.9117	6.6663	0.5160	6.9380	0.3699
b2_6	6.5503	0.2059	7.4732	0.6858	6.9331	0.3667
b2_7	9.3368	0.2350	9.2843	0.2084	9.3503	0.2503
b2_8	9.2333	0.0763	9.0082	0.2341	8.7867	0.4153
b2_9	7.4534	0.2033	7.4371	0.1757	7.5502	0.4519
c2_0	6.2912	0.8437	5.5095	0.5991	4.2930	1.2162
c2_1	8.3716	0.5898	8.5041	0.7471	8.9217	0.5625
c2_2	8.2692	0.5458	8.3863	0.2920	9.1175	0.2811
c2_3	7.8373	0.2948	7.0632	0.6032	6.9923	0.6129
c2_4	6.8341	0.4558	7.5259	0.6747	6.5842	0.7082
c2_5	5.1610	0.9080	6.9550	0.5791	6.6697	0.2873
c2_6	5.9494	1.2942	6.4254	0.4976	6.0545	0.6967
