seg	res	rnm	WT.pcca2	WT.pcca2	bN82A.pcca2	bN82A.pcca2	aT41A.pcca1	aT41A.pcca1
			mf	sf	mf	sf	mf	sf
A	4	GLU	0.7570	0.8351	0.5858	1.1846	0.1367	0.9031
A	9	GLN	-0.7705	0.0987	-0.8591	0.1590	-0.7595	0.1435
A	11	GLH	1.2755	0.1165	1.3618	0.1394	1.3742	0.1731
A	18	GLN	1.0439	0.4273	1.2392	0.3304	0.9100	0.6370
A	21	GLH	-0.2642	0.2999	0.0143	0.7305	-0.0048	0.3486
A	23	MET	-0.0817	1.3019	0.1710	0.4108	0.1252	0.5423
A	30	GLU	-0.4214	0.3182	0.4540	0.6264	0.6759	0.1676
A	36	MET	1.5488	2.2571	0.0340	1.7828	-0.6029	1.8091
A	38	LYS	-0.6090	1.3783	-0.8974	0.6237	0.5560	2.1285
A	39	LYS	-0.1931	1.5331	-1.4638	1.7004	0.9844	0.7441
A	40	GLU	0.8317	1.2718	-0.6197	0.5418	0.3878	0.8353
A	44	ARG	0.8365	0.8852	-0.0121	0.9861	0.3361	1.2543
A	46	GLU	0.3849	1.4852	0.2519	1.4228	-0.0027	1.5687
A	47	GLU	0.3516	1.0974	0.4648	0.9151	-0.0177	0.4908
A	50	ARG	-0.6432	1.3637	0.0678	0.9837	-0.1169	0.3767
A	55	GLU	-0.2833	0.9087	1.0811	0.7462	-0.6665	0.2230
A	57	GLN	-0.1729	1.0650	-0.2743	0.6491	-0.2593	0.7102
A	67	LYS	0.1058	1.9523	-0.9896	1.3306	-0.1631	0.9657
A	71	GLU	-1.2817	0.6268	0.1478	0.2093	-1.4877	0.9270
A	73	MET	2.2198	0.6859	1.5431	1.2933	2.1231	1.0001
A	75	LYS	-1.3119	1.0298	-1.6729	1.1159	-0.7309	0.7923
A	76	ARG	-1.2609	0.0439	-1.3789	0.2896	-0.6538	0.4613
A	88	GLU	-1.1430	1.3043	0.3671	0.3279	-0.3188	1.1102
A	98	GLU	0.7185	0.2246	0.2291	1.4370	0.1798	0.6554
A	100	ARG	-1.3242	1.4060	0.6760	0.9419	0.5564	2.6658
A	101	GLU	-0.3480	0.7853	-0.0336	0.2242	0.0782	0.3311
A	111	LYS	-0.4842	1.5284	0.0491	1.7084	-0.5901	0.3621
A	123	ARG	0.2833	1.1467	1.2667	1.0330	2.3262	1.0944
A	126	LYS	-0.8614	2.7080	0.9926	0.1021	0.8780	0.8037
A	134	GLU	-0.3073	0.8688	-0.3667	0.6782	0.4861	0.9329
A	140	ARG	0.3613	0.8352	0.8842	0.0394	0.8152	0.0564
A	141	GLU	0.3375	0.4548	-0.6860	0.9311	-0.4939	2.0419
A	146	ARG	0.4445	1.3047	0.1872	0.9114	0.4495	1.3939
A	147	LYS	0.9867	2.0370	-2.3669	1.1650	1.6509	2.3058
A	158	GLU	-0.8362	0.2281	0.0641	1.0318	-0.1837	1.5134
A	164	ARG	0.4363	1.7527	0.7439	1.6756	1.7823	0.0439
A	166	GLU	0.0861	0.5047	0.2100	0.4682	-0.4873	1.1793
A	172	GLU	0.0647	0.8724	0.4845	1.1743	-0.3095	1.0017
A	176	LYS	-0.2365	1.3484	0.5050	2.1431	1.2374	0.2837
A	179	GLU	0.0465	0.5324	-0.0299	0.7185	-0.2840	1.1378
B	4	ARG	-0.1415	2.0077	-0.5785	1.3670	0.0353	2.1142
B	6	ARG	-0.2816	1.1742	0.2439	2.3015	-0.4520	1.1044
B	10	GLN	-1.0414	0.5159	0.0272	0.4648	-0.6652	0.8685
B	12	LYS	1.2796	0.4702	0.5921	1.6313	-1.0391	1.4006
B	14	GLU	-0.2046	1.5024	-0.6820	0.9081	-1.1849	0.4677
B	22	GLU	0.3326	1.1285	-0.4612	1.6765	-0.2758	0.8227
B	23	ARG	0.4970	0.4848	0.8374	1.4555	-0.3611	0.6738
B	25	ARG	1.6453	2.2856	-1.6658	1.1856	0.3264	0.0924
B	28	GLU	1.0822	1.6474	0.6414	1.4186	0.3882	1.4243
B	29	ARG	1.2453	0.1068	0.7768	1.1298	1.2135	1.9341
B	34	GLN	-0.3591	0.2807	-0.3222	0.2226	0.7194	1.1018
B	35	GLU	0.2735	1.2037	0.4070	1.2992	0.6365	1.3423
B	36	GLU	0.1031	1.4040	-0.2803	0.6535	-0.2537	1.2139
B	39	ARG	-0.1441	0.4456	0.0845	0.8167	1.1050	1.3556
B	46	GLU	-0.7466	1.8169	-0.8615	1.2580	-0.7089	0.0510
B	48	ARG	0.8459	3.3930	0.4629	2.0723	0.2983	1.1646
B	52	GLU	-0.2073	1.7614	0.1244	0.7727	0.6495	0.8013
B	55	ARG	-0.7108	2.1042	0.9049	1.9217	0.4840	0.3908
B	59	GLU	-0.2890	0.0130	-0.4059	1.0543	-0.1024	0.9980
B	64	GLN	0.6254	0.7753	0.5709	0.0727	0.0450	1.0117
B	65	LYS	-0.5273	2.2003	-0.5470	2.5704	0.9681	0.0883
B	69	GLU	0.6330	1.0075	-0.6260	1.2721	-0.2270	0.9041
B	70	GLN	0.6390	0.3751	0.0512	0.1044	-0.1290	0.4861
B	71	ARG	-0.7494	1.0755	-0.5460	1.7619	-0.7428	2.5040
B	72	ARG	0.8888	1.7676	-0.8046	3.2697	-0.0360	1.0442
B	80	ARG	0.2374	0.3813	-1.1183	0.8405	-1.1852	1.3979
B	87	GLU	0.9863	0.9264	-0.2496	1.4187	0.3143	0.6852
B	92	GLN	0.2785	1.0016	-0.4787	0.2111	0.2024	0.3117
B	93	ARG	-0.0975	2.4001	-1.0269	0.5284	0.1439	2.1140
B	94	ARG	-0.8453	0.3484	-0.8036	0.2651	1.3792	2.0219
B	96	GLU	-0.1100	1.1678	0.8252	0.8766	0.1464	1.3844
B	98	LYS	-0.5825	1.5486	-1.2789	2.5567	1.1489	1.7692
B	105	LYS	-0.0882	2.0966	0.5516	0.3839	-0.0934	1.0354
B	107	GLN	-0.4915	0.1572	0.2827	0.3728	-0.3323	0.6392
B	110	GLN	-0.0344	0.2878	0.0697	0.7114	-0.2493	0.4319
B	128	GLU	0.4788	1.4435	-0.3036	1.5962	-0.8656	0.8961
B	130	ARG	-0.1682	1.1343	0.0321	2.4970	-0.2137	1.3363
B	133	ARG	0.3421	1.1929	1.6686	0.6027	1.2131	0.3960
B	136	GLN	0.4588	1.1534	0.2647	0.5978	-0.5666	1.0491
B	137	GLU	-0.6971	0.1725	0.5152	1.2792	0.3908	0.7431
B	138	GLU	-0.4131	2.2654	-0.0217	0.9228	0.1076	0.9903
B	139	LYS	-0.1027	0.7441	-1.2305	1.5599	0.0746	1.2737
B	149	GLN	0.7081	0.6199	0.4610	0.5661	1.1843	1.1551
B	156	GLN	-1.1495	0.6669	0.0320	0.1435	-0.0050	0.3086
B	160	MET	-0.2368	1.1126	0.0985	2.6241	-0.1803	0.3046
B	162	GLU	0.2385	0.9064	-0.5983	1.2187	0.3693	1.0112
B	166	ARG	0.7161	1.8687	-1.2327	1.5914	-0.1408	1.2329
B	169	GLU	-0.8613	0.6198	-0.1826	0.9074	0.8503	0.9615
B	174	GLN	0.5075	0.9988	-0.9987	0.2845	-0.5363	0.0733
B	176	GLU	1.0504	1.5298	0.1922	0.3062	0.4599	0.1675
B	187	GLU	0.4718	1.4386	-0.7735	1.1948	-0.2656	1.7428
B	189	ARG	-0.7151	2.0016	0.0304	2.7900	0.0847	1.0649
C	102	LYS	-0.3787	2.2083	0.3717	0.6384	-0.1574	2.4222
C	106	LYS	-0.1876	0.6636	-0.4322	1.9953	0.0143	0.9714
C	108	ARG	-0.9121	1.8765	-0.6057	1.5924	2.3520	0.5967
C	109	MET	0.5668	2.0832	0.3803	1.5657	-0.1880	1.0327
C	115	MET	0.3574	0.9414	1.4078	0.2164	0.4268	0.6853
C	116	GLN	-0.9794	0.8447	-1.4670	0.0884	-1.0227	0.4557
C	120	MET	-0.3949	1.2488	0.7703	0.3786	-1.9588	0.9280
